,blockNum,uniqueId,hash,from,to,value,erc721TokenId,erc1155Metadata,tokenId,asset,category,rawContract,metadata
0,0xfc9e3a,0xd760765df73a2bdb4657dd3fb3b86fbdc5aeacca2889f66a2c40b8d179a66f7d:log:144,0xd760765df73a2bdb4657dd3fb3b86fbdc5aeacca2889f66a2c40b8d179a66f7d,0x28c6c06298d514db089934071355e5743bf21d60,0xdfd5293d8e347dfe59e90efd55b2956a1343963d,342827.74950248,,,,ATA,erc20,"{'value': '0x4898bac3213e0078a000', 'address': '0xa2120b9e674d3fc3875f415a7df52e382f141225', 'decimal': '0x12'}",{'blockTimestamp': '2023-02-04T13:00:35.000Z'}
1,0xfc9e09,0xe51869ec61ad5aa8d56f22a496750e082ae7468bbcd2409a364df079c62cfaee:log:118,0xe51869ec61ad5aa8d56f22a496750e082ae7468bbcd2409a364df079c62cfaee,0xdfd5293d8e347dfe59e90efd55b2956a1343963d,0xb638c9ed38621892c52611fac202aca483482c0d,128851.32414900001,,,,ATA,erc20,"{'value': '0x1b490b55d5f110b85000', 'address': '0xa2120b9e674d3fc3875f415a7df52e382f141225', 'decimal': '0x12'}",{'blockTimestamp': '2023-02-04T12:50:47.000Z'}
2,0xfc9a59,0x4430ef89a3efbe1ad41d26a6836df6b8811cf501d27f836f74567a2828cd2eab:log:115,0x4430ef89a3efbe1ad41d26a6836df6b8811cf501d27f836f74567a2828cd2eab,0x28c6c06298d514db089934071355e5743bf21d60,0x21a31ee1afc51d94c2efccaa2092ad1028285549,296235.89980233,,,,ATA,erc20,"{'value': '0x3ebafaf56127b9840400', 'address': '0xa2120b9e674d3fc3875f415a7df52e382f141225', 'decimal': '0x12'}",{'blockTimestamp': '2023-02-04T09:40:35.000Z'}
3,0xfc9a27,0x73fd1e4bb905c03f65dd36528f5714c7fe018a13e64549e808e27855b1ccb38b:log:157,0x73fd1e4bb905c03f65dd36528f5714c7fe018a13e64549e808e27855b1ccb38b,0xf05e2a70346560d3228c7002194bb7c5dc8fe100,0x28c6c06298d514db089934071355e5743bf21d60,45619.0,,,,ATA,erc20,"{'value': '0x09a902cd502de0ec0000', 'address': '0xa2120b9e674d3fc3875f415a7df52e382f141225', 'decimal': '0x12'}",{'blockTimestamp': '2023-02-04T09:30:11.000Z'}
4,0xfc9a27,0x65cbd6a3a4ba74b51da8ecea9e2c6184eb269e99150491e9dfe987f6a0f966f0:log:65,0x65cbd6a3a4ba74b51da8ecea9e2c6184eb269e99150491e9dfe987f6a0f966f0,0xdc28388afb04c9806bdf44b252c682c04a25299d,0x28c6c06298d514db089934071355e5743bf21d60,1951.010648,,,,ATA,erc20,"{'value': '0x69c3b6377564ad8000', 'address': '0xa2120b9e674d3fc3875f415a7df52e382f141225', 'decimal': '0x12'}",{'blockTimestamp': '2023-02-04T09:30:11.000Z'}
5,0xfc99f9,0xf810ccf847ad3e8bb20ac38ff936784c9464926d8d652ecd9a796366ea1806d4:log:84,0xf810ccf847ad3e8bb20ac38ff936784c9464926d8d652ecd9a796366ea1806d4,0x21a31ee1afc51d94c2efccaa2092ad1028285549,0x5349df1a436a65796096c15a4c57c29bbda53870,87755.19499999999,,,,ATA,erc20,"{'value': '0x129537f9a98cd77f8000', 'address': '0xa2120b9e674d3fc3875f415a7df52e382f141225', 'decimal': '0x12'}",{'blockTimestamp': '2023-02-04T09:20:59.000Z'}
6,0xfc99a8,0x01b0f766618bb7b65bd6a6300c12b96026233c47dc1d8d6d3f456ff4133e7168:log:24,0x01b0f766618bb7b65bd6a6300c12b96026233c47dc1d8d6d3f456ff4133e7168,0x0d0707963952f2fba59dd06f2b425ace40b492fe,0xdc28388afb04c9806bdf44b252c682c04a25299d,1951.010648,,,,ATA,erc20,"{'value': '0x69c3b6377564ad8000', 'address': '0xa2120b9e674d3fc3875f415a7df52e382f141225', 'decimal': '0x12'}",{'blockTimestamp': '2023-02-04T09:04:35.000Z'}
7,0xfc9994,0x86d6a69f9a9c614676c627d7edb4a01cc713bc7f53a5dc54b73ab78861388c31:log:49,0x86d6a69f9a9c614676c627d7edb4a01cc713bc7f53a5dc54b73ab78861388c31,0xf16e9b0d03470827a95cdfd0cb8a8a3b46969b91,0xf05e2a70346560d3228c7002194bb7c5dc8fe100,45619.0,,,,ATA,erc20,"{'value': '0x09a902cd502de0ec0000', 'address': '0xa2120b9e674d3fc3875f415a7df52e382f141225', 'decimal': '0x12'}",{'blockTimestamp': '2023-02-04T09:00:35.000Z'}
8,0xfc95f6,0xa64f0037726c1bf1a68a7ddb793697a5f0500eaeeb83d17aa59343d6b5aea411:log:183,0xa64f0037726c1bf1a68a7ddb793697a5f0500eaeeb83d17aa59343d6b5aea411,0xa9d1e08c7793af67e9d92fe308d5697fb81d3e43,0x4b9c547e09bca918a26c39027b2bab7cc74c9d09,610.38619449,,,,ATA,erc20,"{'value': '0x2116cf61ec8af1c400', 'address': '0xa2120b9e674d3fc3875f415a7df52e382f141225', 'decimal': '0x12'}",{'blockTimestamp': '2023-02-04T05:54:11.000Z'}
9,0xfc9503,0xc1856bf6433307d4ed9f5fa2728ad2ea4f14e16788d3d7509d4f46f6a9a45d85:log:101,0xc1856bf6433307d4ed9f5fa2728ad2ea4f14e16788d3d7509d4f46f6a9a45d85,0x28c6c06298d514db089934071355e5743bf21d60,0xb638c9ed38621892c52611fac202aca483482c0d,257726.648298,,,,ATA,erc20,"{'value': '0x369363bcccb9d2d0a000', 'address': '0xa2120b9e674d3fc3875f415a7df52e382f141225', 'decimal': '0x12'}",{'blockTimestamp': '2023-02-04T05:04:47.000Z'}
10,0xfc94ec,0xe9ab90e5f45158a30861177b76b436f7c42e61c12c7f8fdbfa152045db3f5048:log:296,0xe9ab90e5f45158a30861177b76b436f7c42e61c12c7f8fdbfa152045db3f5048,0x7ecccabb5e4ff4537f70b0a5018e8c0cfd53fff4,0x28c6c06298d514db089934071355e5743bf21d60,503922.21259568,,,,ATA,erc20,"{'value': '0x6ab5ad89bd764db6c000', 'address': '0xa2120b9e674d3fc3875f415a7df52e382f141225', 'decimal': '0x12'}",{'blockTimestamp': '2023-02-04T05:00:11.000Z'}
11,0xfc9449,0x5a0f72d4e4a9ce1ad95d882bb8e0cc816f70170f370490ba61e0785e24701a75:log:76,0x5a0f72d4e4a9ce1ad95d882bb8e0cc816f70170f370490ba61e0785e24701a75,0xa9d1e08c7793af67e9d92fe308d5697fb81d3e43,0x7ecccabb5e4ff4537f70b0a5018e8c0cfd53fff4,503922.21259568,,,,ATA,erc20,"{'value': '0x6ab5ad89bd764db6c000', 'address': '0xa2120b9e674d3fc3875f415a7df52e382f141225', 'decimal': '0x12'}",{'blockTimestamp': '2023-02-04T04:27:11.000Z'}
12,0xfc932d,0x9c78f6ee71ea53d939e9454201d9caf156268aa5c5efe166bd7d89022859bb23:log:160,0x9c78f6ee71ea53d939e9454201d9caf156268aa5c5efe166bd7d89022859bb23,0x2b871a032e3f3eadda24dc36e1ec355575d6072d,0x28c6c06298d514db089934071355e5743bf21d60,3641.828,,,,ATA,erc20,"{'value': '0xc56c8426c4af4a0000', 'address': '0xa2120b9e674d3fc3875f415a7df52e382f141225', 'decimal': '0x12'}",{'blockTimestamp': '2023-02-04T03:30:11.000Z'}
13,0xfc9306,0xe7c31cf11575bbc359c6ff26567b501069067ce8189423c837aa183a86bd4d5f:log:28,0xe7c31cf11575bbc359c6ff26567b501069067ce8189423c837aa183a86bd4d5f,0xffb4c63d6617bca9fd5950db3eeaf29f9b372800,0x2b871a032e3f3eadda24dc36e1ec355575d6072d,3641.828,,,,ATA,erc20,"{'value': '0xc56c8426c4af4a0000', 'address': '0xa2120b9e674d3fc3875f415a7df52e382f141225', 'decimal': '0x12'}",{'blockTimestamp': '2023-02-04T03:22:23.000Z'}
14,0xfc8f37,0xadd53759975a30f5e201106142279c155f179af567ff272e2b515dd8f9266bf2:log:81,0xadd53759975a30f5e201106142279c155f179af567ff272e2b515dd8f9266bf2,0xdfd5293d8e347dfe59e90efd55b2956a1343963d,0x27fd43babfbe83a81d14665b1a6fb8030a60c9b4,93968.42535348001,,,,ATA,erc20,"{'value': '0x13e609de20ef59a05000', 'address': '0xa2120b9e674d3fc3875f415a7df52e382f141225', 'decimal': '0x12'}",{'blockTimestamp': '2023-02-04T00:06:59.000Z'}
15,0xfc877f,0xb92a000109d9895677366b6f8f94b37060b01ffcbdb094a00a1223ca407c4725:log:274,0xb92a000109d9895677366b6f8f94b37060b01ffcbdb094a00a1223ca407c4725,0xf05e2a70346560d3228c7002194bb7c5dc8fe100,0x28c6c06298d514db089934071355e5743bf21d60,39360.0,,,,ATA,erc20,"{'value': '0x0855b5ba65c84f000000', 'address': '0xa2120b9e674d3fc3875f415a7df52e382f141225', 'decimal': '0x12'}",{'blockTimestamp': '2023-02-03T17:30:11.000Z'}
16,0xfc86f5,0xa60b96201558cef678c064b3c9219522309ef9debb5dc301b5326dc6f31369fe:log:146,0xa60b96201558cef678c064b3c9219522309ef9debb5dc301b5326dc6f31369fe,0xf16e9b0d03470827a95cdfd0cb8a8a3b46969b91,0xf05e2a70346560d3228c7002194bb7c5dc8fe100,39360.0,,,,ATA,erc20,"{'value': '0x0855b5ba65c84f000000', 'address': '0xa2120b9e674d3fc3875f415a7df52e382f141225', 'decimal': '0x12'}",{'blockTimestamp': '2023-02-03T17:02:35.000Z'}
17,0xfc8338,0x864f1541d5be177f6b351811f822509f843481f24211fd7842a5d1bb36090e7d:log:189,0x864f1541d5be177f6b351811f822509f843481f24211fd7842a5d1bb36090e7d,0xaa364c1a348f9517009207a1601e0a73c1cd530b,0xbec9c6ec58a532cd8aca0af9ce28bf814651b917,9183.983185561221,,,,ATA,erc20,"{'value': '0x01f1dd5eb07088eba900', 'address': '0xa2120b9e674d3fc3875f415a7df52e382f141225', 'decimal': '0x12'}",{'blockTimestamp': '2023-02-03T13:50:47.000Z'}
18,0xfc82d2,0xea5d9d159f803f15bef5e9ec59fbade04faa131000b4d8a93de810940d9d418e:log:325,0xea5d9d159f803f15bef5e9ec59fbade04faa131000b4d8a93de810940d9d418e,0x9ea39651739f6c025d0770695a822b7187605f42,0x28c6c06298d514db089934071355e5743bf21d60,4720.0303112968,,,,ATA,erc20,"{'value': '0xffdf9440550234bfe7', 'address': '0xa2120b9e674d3fc3875f415a7df52e382f141225', 'decimal': '0x12'}",{'blockTimestamp': '2023-02-03T13:30:11.000Z'}
19,0xfc828e,0xd08e61ee7dbe9f78b2a27803847d7be306e72cdd0c724414f4abdf2660ea9d57:log:558,0xd08e61ee7dbe9f78b2a27803847d7be306e72cdd0c724414f4abdf2660ea9d57,0x3f5cf8db449a07b6556a0e91a2ba03264e8b8dad,0x9ea39651739f6c025d0770695a822b7187605f42,4720.0303112968,,,,ATA,erc20,"{'value': '0xffdf9440550234bfe7', 'address': '0xa2120b9e674d3fc3875f415a7df52e382f141225', 'decimal': '0x12'}",{'blockTimestamp': '2023-02-03T13:16:35.000Z'}
20,0xfc8286,0x7cf962b81119af77660ed23c4520920bb06431fea5ca20736a3d037962b60f49:log:313,0x7cf962b81119af77660ed23c4520920bb06431fea5ca20736a3d037962b60f49,0x22f9dcf4647084d6c31b2765f6910cd85c178c18,0x3f5cf8db449a07b6556a0e91a2ba03264e8b8dad,4720.0303112968,,,,ATA,erc20,"{'value': '0xffdf9440550234bfe7', 'address': '0xa2120b9e674d3fc3875f415a7df52e382f141225', 'decimal': '0x12'}",{'blockTimestamp': '2023-02-03T13:14:59.000Z'}
21,0xfc8286,0x7cf962b81119af77660ed23c4520920bb06431fea5ca20736a3d037962b60f49:log:310,0x7cf962b81119af77660ed23c4520920bb06431fea5ca20736a3d037962b60f49,0x719cd1aa16670f3fdbe80f25c5a0bc5fd839e62a,0x22f9dcf4647084d6c31b2765f6910cd85c178c18,3266.975176476898,,,,ATA,erc20,"{'value': '0xb11a6365d454968c32', 'address': '0xa2120b9e674d3fc3875f415a7df52e382f141225', 'decimal': '0x12'}",{'blockTimestamp': '2023-02-03T13:14:59.000Z'}
22,0xfc8286,0x7cf962b81119af77660ed23c4520920bb06431fea5ca20736a3d037962b60f49:log:306,0x7cf962b81119af77660ed23c4520920bb06431fea5ca20736a3d037962b60f49,0xcfe631192001d9e3382c698b00563c208aab1e2a,0x22f9dcf4647084d6c31b2765f6910cd85c178c18,1453.0551348199026,,,,ATA,erc20,"{'value': '0x4ec530da80ad9e33b5', 'address': '0xa2120b9e674d3fc3875f415a7df52e382f141225', 'decimal': '0x12'}",{'blockTimestamp': '2023-02-03T13:14:59.000Z'}
23,0xfc8178,0x649dfeb0c2a422baba3ed205a98da3ad45bb12e55e24246ec862f6c93be27437:log:94,0x649dfeb0c2a422baba3ed205a98da3ad45bb12e55e24246ec862f6c93be27437,0x21a31ee1afc51d94c2efccaa2092ad1028285549,0xbec9c6ec58a532cd8aca0af9ce28bf814651b917,10960.148802329999,,,,ATA,erc20,"{'value': '0x0252269e925caea68400', 'address': '0xa2120b9e674d3fc3875f415a7df52e382f141225', 'decimal': '0x12'}",{'blockTimestamp': '2023-02-03T12:20:47.000Z'}
24,0xfc8109,0x50b9f14de405930138752095a809922e565c08b174341d75a39a66610dc670ef:log:106,0x50b9f14de405930138752095a809922e565c08b174341d75a39a66610dc670ef,0x28c6c06298d514db089934071355e5743bf21d60,0x775d543f4181957b5ba56b285915ff73f1df29bb,389.708,,,,ATA,erc20,"{'value': '0x152048f13d0fee0000', 'address': '0xa2120b9e674d3fc3875f415a7df52e382f141225', 'decimal': '0x12'}",{'blockTimestamp': '2023-02-03T11:58:35.000Z'}
25,0xfc8077,0x50ae1d374eed023f27f5c96b3baeb74449c1aaeda5c10b7b5919b6807209843b:log:138,0x50ae1d374eed023f27f5c96b3baeb74449c1aaeda5c10b7b5919b6807209843b,0xf977814e90da44bfa03b6295a0616a897441acec,0x28c6c06298d514db089934071355e5743bf21d60,2648550.6909999996,,,,ATA,erc20,"{'value': '0x0230da387ce9872ba38000', 'address': '0xa2120b9e674d3fc3875f415a7df52e382f141225', 'decimal': '0x12'}",{'blockTimestamp': '2023-02-03T11:29:23.000Z'}
26,0xfc8018,0x26280fda64645fc7bcb8c1a1ccc9b847f7db0654a431af67af42b672992302e1:log:226,0x26280fda64645fc7bcb8c1a1ccc9b847f7db0654a431af67af42b672992302e1,0xb638c9ed38621892c52611fac202aca483482c0d,0xa9d1e08c7793af67e9d92fe308d5697fb81d3e43,431193.024242,,,,ATA,erc20,"{'value': '0x5b4f054b6d8b78692000', 'address': '0xa2120b9e674d3fc3875f415a7df52e382f141225', 'decimal': '0x12'}",{'blockTimestamp': '2023-02-03T11:10:11.000Z'}
27,0xfc7ebc,0x37c495bc43121e54759815b55c840121616f2e817188b5dc20401ad774c13ca7:log:244,0x37c495bc43121e54759815b55c840121616f2e817188b5dc20401ad774c13ca7,0xf05e2a70346560d3228c7002194bb7c5dc8fe100,0x28c6c06298d514db089934071355e5743bf21d60,50024.0,,,,ATA,erc20,"{'value': '0x0a97ce75117d2ca00000', 'address': '0xa2120b9e674d3fc3875f415a7df52e382f141225', 'decimal': '0x12'}",{'blockTimestamp': '2023-02-03T10:00:11.000Z'}
28,0xfc7e26,0x463a923702506f542fcf70a4b049392f2661627e8bf6977989a6c6279932ec22:log:84,0x463a923702506f542fcf70a4b049392f2661627e8bf6977989a6c6279932ec22,0xe5ad5d83ccf16630f1944df535243deadc19e4e6,0x28c6c06298d514db089934071355e5743bf21d60,1651.971248716446,,,,ATA,erc20,"{'value': '0x598db4da3056414838', 'address': '0xa2120b9e674d3fc3875f415a7df52e382f141225', 'decimal': '0x12'}",{'blockTimestamp': '2023-02-03T09:30:11.000Z'}
29,0xfc7df3,0xf560301cca9ab9ee9a3ef6dad5ed2f3b4becdc13d5b5d93dfb621547a5626410:log:211,0xf560301cca9ab9ee9a3ef6dad5ed2f3b4becdc13d5b5d93dfb621547a5626410,0x5654d65578cda52791879751141f2f3d7dc27fe4,0xe5ad5d83ccf16630f1944df535243deadc19e4e6,843.2155722592523,,,,ATA,erc20,"{'value': '0x2db5f77f6c167630c6', 'address': '0xa2120b9e674d3fc3875f415a7df52e382f141225', 'decimal': '0x12'}",{'blockTimestamp': '2023-02-03T09:19:47.000Z'}
30,0xfc7df1,0x07606d39f1c7f5236f7e8853561c11cbf90d607541badc48752224cddffcf905:log:22,0x07606d39f1c7f5236f7e8853561c11cbf90d607541badc48752224cddffcf905,0x28f6d19b85ec9bc3dcbafe284f279c9bc8fbff50,0x5654d65578cda52791879751141f2f3d7dc27fe4,1132.3598860421985,,,,ATA,erc20,"{'value': '0x3d62a674db070bfff0', 'address': '0xa2120b9e674d3fc3875f415a7df52e382f141225', 'decimal': '0x12'}",{'blockTimestamp': '2023-02-03T09:19:23.000Z'}
31,0xfc7dc3,0x5c55cf7e9ed55ed0fba10896e89561c0f0f96c670793e0309bbc519e0c6e6e15:log:346,0x5c55cf7e9ed55ed0fba10896e89561c0f0f96c670793e0309bbc519e0c6e6e15,0xba915f985a6192bd1bffe2d2bba0ede908af8144,0x9c3111b766f94b3dfb17cfb89e5c3cd04ea67688,5136.07027852,,,,ATA,erc20,"{'value': '0x01166d4b223f5230b000', 'address': '0xa2120b9e674d3fc3875f415a7df52e382f141225', 'decimal': '0x12'}",{'blockTimestamp': '2023-02-03T09:09:59.000Z'}
32,0xfc7cda,0x5cf64276e50f17c9529902b32c65b08addf533d6cb741ddd67d5297e1746149b:log:291,0x5cf64276e50f17c9529902b32c65b08addf533d6cb741ddd67d5297e1746149b,0xf16e9b0d03470827a95cdfd0cb8a8a3b46969b91,0xf05e2a70346560d3228c7002194bb7c5dc8fe100,50024.0,,,,ATA,erc20,"{'value': '0x0a97ce75117d2ca00000', 'address': '0xa2120b9e674d3fc3875f415a7df52e382f141225', 'decimal': '0x12'}",{'blockTimestamp': '2023-02-03T08:22:47.000Z'}
33,0xfc7cd5,0x435c871f5b4ebe8456b03b73e4ba28234b4fbe555953fbbbfad218660904bc4d:log:68,0x435c871f5b4ebe8456b03b73e4ba28234b4fbe555953fbbbfad218660904bc4d,0xdfd5293d8e347dfe59e90efd55b2956a1343963d,0xb638c9ed38621892c52611fac202aca483482c0d,70994.0,,,,ATA,erc20,"{'value': '0x0f0897aae9aad2080000', 'address': '0xa2120b9e674d3fc3875f415a7df52e382f141225', 'decimal': '0x12'}",{'blockTimestamp': '2023-02-03T08:21:47.000Z'}
34,0xfc7cb7,0x64730baa75ac303d6f23fd51533b1e2ac2f794faa16d719348dda9cfc940e0ad:log:251,0x64730baa75ac303d6f23fd51533b1e2ac2f794faa16d719348dda9cfc940e0ad,0xc045ff958c6aa9832c0db1c2c4863788e8600c91,0x28c6c06298d514db089934071355e5743bf21d60,1710.4762836051466,,,,ATA,erc20,"{'value': '0x5cb9a07d727713b79b', 'address': '0xa2120b9e674d3fc3875f415a7df52e382f141225', 'decimal': '0x12'}",{'blockTimestamp': '2023-02-03T08:15:35.000Z'}
35,0xfc7b61,0x1e7b142e57e500d862cd9e9afe83322549eccbce0f31e97358a99f9e205497c0:log:309,0x1e7b142e57e500d862cd9e9afe83322549eccbce0f31e97358a99f9e205497c0,0x733c5570597e609c796399333f0a176e444386ee,0x738cf6903e6c4e699d1c2dd9ab8b67fcdb3121ea,15728.0,,,,ATA,erc20,"{'value': '0x03549dd8bd7c0fc00000', 'address': '0xa2120b9e674d3fc3875f415a7df52e382f141225', 'decimal': '0x12'}",{'blockTimestamp': '2023-02-03T07:06:47.000Z'}
36,0xfc7b17,0xa1d3ea2dd83c2d1b7ea997b09a9cf7028eb4ac4bf4e85116f0038287bba4f050:log:116,0xa1d3ea2dd83c2d1b7ea997b09a9cf7028eb4ac4bf4e85116f0038287bba4f050,0x21a31ee1afc51d94c2efccaa2092ad1028285549,0x733c5570597e609c796399333f0a176e444386ee,15728.0,,,,ATA,erc20,"{'value': '0x03549dd8bd7c0fc00000', 'address': '0xa2120b9e674d3fc3875f415a7df52e382f141225', 'decimal': '0x12'}",{'blockTimestamp': '2023-02-03T06:51:47.000Z'}
37,0xfc7b0e,0x0fd91ef1ab1531c5b63c975f70d72c59cf6870cded85f37bcbd06c4e73a8c10b:log:8,0x0fd91ef1ab1531c5b63c975f70d72c59cf6870cded85f37bcbd06c4e73a8c10b,0x5654d65578cda52791879751141f2f3d7dc27fe4,0xc045ff958c6aa9832c0db1c2c4863788e8600c91,1710.4762836051466,,,,ATA,erc20,"{'value': '0x5cb9a07d727713b79b', 'address': '0xa2120b9e674d3fc3875f415a7df52e382f141225', 'decimal': '0x12'}",{'blockTimestamp': '2023-02-03T06:49:59.000Z'}
38,0xfc7b0e,0x0d4232c08c6baf5ccba042f2a419decca0193951d879b2abf9ca2c86b4c5d412:log:0,0x0d4232c08c6baf5ccba042f2a419decca0193951d879b2abf9ca2c86b4c5d412,0xe30d6736b740c9ea51c5b21c2ac0646785fbf5ad,0x5654d65578cda52791879751141f2f3d7dc27fe4,800.0,,,,ATA,erc20,"{'value': '0x2b5e3af16b18800000', 'address': '0xa2120b9e674d3fc3875f415a7df52e382f141225', 'decimal': '0x12'}",{'blockTimestamp': '2023-02-03T06:49:59.000Z'}
39,0xfc7b0b,0x4dad3ef55a24583a639f61fc6af216808260504035ad291c8328d5bec8a56ebe:log:178,0x4dad3ef55a24583a639f61fc6af216808260504035ad291c8328d5bec8a56ebe,0xe30d6736b740c9ea51c5b21c2ac0646785fbf5ad,0x5654d65578cda52791879751141f2f3d7dc27fe4,700.0,,,,ATA,erc20,"{'value': '0x25f273933db5700000', 'address': '0xa2120b9e674d3fc3875f415a7df52e382f141225', 'decimal': '0x12'}",{'blockTimestamp': '2023-02-03T06:49:23.000Z'}
40,0xfc7aab,0x7606865cb76417868820d26bef7f7b7a5b369604d82542c96433bab39799c2b5:log:232,0x7606865cb76417868820d26bef7f7b7a5b369604d82542c96433bab39799c2b5,0xf05e2a70346560d3228c7002194bb7c5dc8fe100,0x28c6c06298d514db089934071355e5743bf21d60,45126.0,,,,ATA,erc20,"{'value': '0x098e490d783485580000', 'address': '0xa2120b9e674d3fc3875f415a7df52e382f141225', 'decimal': '0x12'}",{'blockTimestamp': '2023-02-03T06:30:11.000Z'}
41,0xfc7989,0xa86236a1983d04ef25cd8ba60f56e4d6de4cc8e4496579109041ba885a8a2a88:log:80,0xa86236a1983d04ef25cd8ba60f56e4d6de4cc8e4496579109041ba885a8a2a88,0xf16e9b0d03470827a95cdfd0cb8a8a3b46969b91,0xf05e2a70346560d3228c7002194bb7c5dc8fe100,45126.0,,,,ATA,erc20,"{'value': '0x098e490d783485580000', 'address': '0xa2120b9e674d3fc3875f415a7df52e382f141225', 'decimal': '0x12'}",{'blockTimestamp': '2023-02-03T05:31:35.000Z'}
42,0xfc7774,0x2b1baf161b263d2d7dfb88e94967d35dcd43c56974dc8a76363c5c26af1db29b:log:162,0x2b1baf161b263d2d7dfb88e94967d35dcd43c56974dc8a76363c5c26af1db29b,0xa9d1e08c7793af67e9d92fe308d5697fb81d3e43,0x4a02a5f6baed19c85a4f2d2aa39299ae0d982f80,578.58302298,,,,ATA,erc20,"{'value': '0x1f5d73d1efa2922800', 'address': '0xa2120b9e674d3fc3875f415a7df52e382f141225', 'decimal': '0x12'}",{'blockTimestamp': '2023-02-03T03:43:11.000Z'}
43,0xfc76d6,0xa5d8d090fce2b2a2bbf53276d8f4ea77cec52d0f5068071b2bad6be550481dbd:log:130,0xa5d8d090fce2b2a2bbf53276d8f4ea77cec52d0f5068071b2bad6be550481dbd,0x28c6c06298d514db089934071355e5743bf21d60,0xf1ccf19f71d820db4cd1263516a958d3e6272021,8927.2004,,,,ATA,erc20,"{'value': '0x01e3f1caf97715190000', 'address': '0xa2120b9e674d3fc3875f415a7df52e382f141225', 'decimal': '0x12'}",{'blockTimestamp': '2023-02-03T03:10:59.000Z'}
44,0xfc76c2,0xe050a2f4345228277fbd4de06e9271eeaaa9e538e404ac85ce756fc98694c09f:log:184,0xe050a2f4345228277fbd4de06e9271eeaaa9e538e404ac85ce756fc98694c09f,0x1046dc4d720fea9d81f930b86120e5acd6b2c8b0,0xf16e9b0d03470827a95cdfd0cb8a8a3b46969b91,699976.0000000001,,,,ATA,erc20,"{'value': '0x9439c66608350c200000', 'address': '0xa2120b9e674d3fc3875f415a7df52e382f141225', 'decimal': '0x12'}",{'blockTimestamp': '2023-02-03T03:06:59.000Z'}
45,0xfc75b0,0x7eaacfc2319325152606a593c8951d65e216bf04610248f88fb792557cb734a2:log:103,0x7eaacfc2319325152606a593c8951d65e216bf04610248f88fb792557cb734a2,0x28c6c06298d514db089934071355e5743bf21d60,0x1046dc4d720fea9d81f930b86120e5acd6b2c8b0,699976.0000000001,,,,ATA,erc20,"{'value': '0x9439c66608350c200000', 'address': '0xa2120b9e674d3fc3875f415a7df52e382f141225', 'decimal': '0x12'}",{'blockTimestamp': '2023-02-03T02:11:47.000Z'}
46,0xfc73b9,0x289396bd1d36adbae798b9ba186b3d19767f7fc955e283f9d6fd9056ff3d4230:log:195,0x289396bd1d36adbae798b9ba186b3d19767f7fc955e283f9d6fd9056ff3d4230,0xf05e2a70346560d3228c7002194bb7c5dc8fe100,0x28c6c06298d514db089934071355e5743bf21d60,41846.0,,,,ATA,erc20,"{'value': '0x08dc79e89a63d4180000', 'address': '0xa2120b9e674d3fc3875f415a7df52e382f141225', 'decimal': '0x12'}",{'blockTimestamp': '2023-02-03T00:30:11.000Z'}
47,0xfc733c,0x286f0b090caa4185d2191fefe17d0d6e99bfdb192507cb27a45bc09b02bd9f2d:log:698,0x286f0b090caa4185d2191fefe17d0d6e99bfdb192507cb27a45bc09b02bd9f2d,0xf584f8728b874a6a5c7a8d4d387c9aae9172d621,0xf05e2a70346560d3228c7002194bb7c5dc8fe100,9143.0,,,,ATA,erc20,"{'value': '0x01efa49d2a4f547c0000', 'address': '0xa2120b9e674d3fc3875f415a7df52e382f141225', 'decimal': '0x12'}",{'blockTimestamp': '2023-02-03T00:04:59.000Z'}
48,0xfc728d,0x9f16d2a0a2b361fa1246d6b1bb396891dd8cb175110061b691a9074892e1cddf:log:189,0x9f16d2a0a2b361fa1246d6b1bb396891dd8cb175110061b691a9074892e1cddf,0xf584f8728b874a6a5c7a8d4d387c9aae9172d621,0xf05e2a70346560d3228c7002194bb7c5dc8fe100,32702.999999999996,,,,ATA,erc20,"{'value': '0x06ecd54b70147f9c0000', 'address': '0xa2120b9e674d3fc3875f415a7df52e382f141225', 'decimal': '0x12'}",{'blockTimestamp': '2023-02-02T23:29:59.000Z'}
49,0xfc7233,0x8b715d30a1df02742f3b56103881787eab1b27adf74a8e443efc4a95f58e08cf:log:104,0x8b715d30a1df02742f3b56103881787eab1b27adf74a8e443efc4a95f58e08cf,0x21a31ee1afc51d94c2efccaa2092ad1028285549,0xf584f8728b874a6a5c7a8d4d387c9aae9172d621,26439.999999999996,,,,ATA,erc20,"{'value': '0x059950b5aae050200000', 'address': '0xa2120b9e674d3fc3875f415a7df52e382f141225', 'decimal': '0x12'}",{'blockTimestamp': '2023-02-02T23:11:47.000Z'}
50,0xfc7055,0x782d2c5f87270a44fa8d67ce24208295db693ea6f5724ff294be012b6549192c:log:82,0x782d2c5f87270a44fa8d67ce24208295db693ea6f5724ff294be012b6549192c,0x28c6c06298d514db089934071355e5743bf21d60,0xf584f8728b874a6a5c7a8d4d387c9aae9172d621,27838.999999999996,,,,ATA,erc20,"{'value': '0x05e527bc1aa8139c0000', 'address': '0xa2120b9e674d3fc3875f415a7df52e382f141225', 'decimal': '0x12'}",{'blockTimestamp': '2023-02-02T21:35:23.000Z'}
51,0xfc703b,0x5096d7a6df15aa0ef39da0a4d82c4ce64e08a5413d52f62613f0bb59ea73dbc4:log:292,0x5096d7a6df15aa0ef39da0a4d82c4ce64e08a5413d52f62613f0bb59ea73dbc4,0xf05e2a70346560d3228c7002194bb7c5dc8fe100,0x28c6c06298d514db089934071355e5743bf21d60,106246.0,,,,ATA,erc20,"{'value': '0x167f9b71849108580000', 'address': '0xa2120b9e674d3fc3875f415a7df52e382f141225', 'decimal': '0x12'}",{'blockTimestamp': '2023-02-02T21:30:11.000Z'}
52,0xfc6f98,0xb4d955c04c8522f9530167ee74920346299d416ddca8f62109c464360813cffa:log:219,0xb4d955c04c8522f9530167ee74920346299d416ddca8f62109c464360813cffa,0xf16e9b0d03470827a95cdfd0cb8a8a3b46969b91,0xf05e2a70346560d3228c7002194bb7c5dc8fe100,106246.0,,,,ATA,erc20,"{'value': '0x167f9b71849108580000', 'address': '0xa2120b9e674d3fc3875f415a7df52e382f141225', 'decimal': '0x12'}",{'blockTimestamp': '2023-02-02T20:57:35.000Z'}
53,0xfc6f51,0x92037efedd55cc9c32f0262dff9c6e94a6f115aa930cf9f906a33bdd04720816:log:278,0x92037efedd55cc9c32f0262dff9c6e94a6f115aa930cf9f906a33bdd04720816,0x5654d65578cda52791879751141f2f3d7dc27fe4,0xe5ad5d83ccf16630f1944df535243deadc19e4e6,808.755676457194,,,,ATA,erc20,"{'value': '0x2bd7bd5ac43fcb1772', 'address': '0xa2120b9e674d3fc3875f415a7df52e382f141225', 'decimal': '0x12'}",{'blockTimestamp': '2023-02-02T20:42:59.000Z'}
54,0xfc6f12,0xcc404944b3838c3813e314d8467606d1c7350f0c8e8be1af5edaa91124dc753b:log:281,0xcc404944b3838c3813e314d8467606d1c7350f0c8e8be1af5edaa91124dc753b,0x649ae85d11017ac43f0cbab561982e0c9ceeda1f,0x28c6c06298d514db089934071355e5743bf21d60,7455.219612501878,,,,ATA,erc20,"{'value': '0x019425f4b21fc3d15d9b', 'address': '0xa2120b9e674d3fc3875f415a7df52e382f141225', 'decimal': '0x12'}",{'blockTimestamp': '2023-02-02T20:30:11.000Z'}
55,0xfc6e75,0x6d828a7d1204c6a41fddffc79948d8edb5c099884ece570398895a2b6700ab5e:log:211,0x6d828a7d1204c6a41fddffc79948d8edb5c099884ece570398895a2b6700ab5e,0x1bad1270426b8059a783704308cec80753de0b38,0x649ae85d11017ac43f0cbab561982e0c9ceeda1f,7455.219612501878,,,,ATA,erc20,"{'value': '0x019425f4b21fc3d15d9b', 'address': '0xa2120b9e674d3fc3875f415a7df52e382f141225', 'decimal': '0x12'}",{'blockTimestamp': '2023-02-02T19:58:35.000Z'}
56,0xfc6e6b,0x41c657b5710d19b8ea355fa1c7848852ebddcebadbc08e742189307262810225:log:19,0x41c657b5710d19b8ea355fa1c7848852ebddcebadbc08e742189307262810225,0x40ec5b33f54e0e8a33a975908c5ba1c14e5bbbdf,0x1bad1270426b8059a783704308cec80753de0b38,7455.219612501878,,,,ATA,erc20,"{'value': '0x019425f4b21fc3d15d9b', 'address': '0xa2120b9e674d3fc3875f415a7df52e382f141225', 'decimal': '0x12'}",{'blockTimestamp': '2023-02-02T19:56:35.000Z'}
57,0xfc6cf3,0xc0939fa14917e7a3c4b30f003fabec0df9df5f42ba757cce6801aa37822ca69b:log:566,0xc0939fa14917e7a3c4b30f003fabec0df9df5f42ba757cce6801aa37822ca69b,0xc2d4021ff759e0cd7bb280160720d7e4840dd263,0x41fc4f45b7577a1a975969957a9a42fb958ae4c4,71.0,,,,ATA,erc20,"{'value': '0x03d952abd36cbc0000', 'address': '0xa2120b9e674d3fc3875f415a7df52e382f141225', 'decimal': '0x12'}",{'blockTimestamp': '2023-02-02T18:40:23.000Z'}
58,0xfc6cb9,0x92c371ca7279f11f29edcc186dbe633deded80bcfd420ed9e74628d5186a6044:log:151,0x92c371ca7279f11f29edcc186dbe633deded80bcfd420ed9e74628d5186a6044,0x21a31ee1afc51d94c2efccaa2092ad1028285549,0xf584f8728b874a6a5c7a8d4d387c9aae9172d621,93356.0,,,,ATA,erc20,"{'value': '0x13c4d6c232b6a7300000', 'address': '0xa2120b9e674d3fc3875f415a7df52e382f141225', 'decimal': '0x12'}",{'blockTimestamp': '2023-02-02T18:28:35.000Z'}
59,0xfc6c6c,0x8e2b205b3604999fa44d5cacfed6649895658a94dc7e61efde753af31fe61661:log:158,0x8e2b205b3604999fa44d5cacfed6649895658a94dc7e61efde753af31fe61661,0x28c6c06298d514db089934071355e5743bf21d60,0x95b564f3b3bae3f206aa418667ba000afafacc8a,426387.33,,,,ATA,erc20,"{'value': '0x5a4a80e3c21aea4d0000', 'address': '0xa2120b9e674d3fc3875f415a7df52e382f141225', 'decimal': '0x12'}",{'blockTimestamp': '2023-02-02T18:12:59.000Z'}
60,0xfc6aa0,0xe910e8fc09ea6fa70824b8f3b14a4df7b3ae58849beaa6274f7736406b24389b:log:160,0xe910e8fc09ea6fa70824b8f3b14a4df7b3ae58849beaa6274f7736406b24389b,0x28c6c06298d514db089934071355e5743bf21d60,0xdfd5293d8e347dfe59e90efd55b2956a1343963d,370859.024242,,,,ATA,erc20,"{'value': '0x4e884ed854c6e6712000', 'address': '0xa2120b9e674d3fc3875f415a7df52e382f141225', 'decimal': '0x12'}",{'blockTimestamp': '2023-02-02T16:40:35.000Z'}
61,0xfc6a9c,0xf739df472af4c3ce88ac6c86574ec312fa2e01f10cdcbffcef9ac69877b7a707:log:93,0xf739df472af4c3ce88ac6c86574ec312fa2e01f10cdcbffcef9ac69877b7a707,0xdfd5293d8e347dfe59e90efd55b2956a1343963d,0xb638c9ed38621892c52611fac202aca483482c0d,358303.02424199996,,,,ATA,erc20,"{'value': '0x4bdfa5576150e9c12000', 'address': '0xa2120b9e674d3fc3875f415a7df52e382f141225', 'decimal': '0x12'}",{'blockTimestamp': '2023-02-02T16:39:47.000Z'}
62,0xfc6a67,0xb03aea87f919ebaa29ffbeb799957d0eccb0200874d3d4cfe55309c338c575dd:log:157,0xb03aea87f919ebaa29ffbeb799957d0eccb0200874d3d4cfe55309c338c575dd,0x21a31ee1afc51d94c2efccaa2092ad1028285549,0x60805f545c035cc02164b60124240fa400f00c03,422.556,,,,ATA,erc20,"{'value': '0x16e8247b33cdf60000', 'address': '0xa2120b9e674d3fc3875f415a7df52e382f141225', 'decimal': '0x12'}",{'blockTimestamp': '2023-02-02T16:29:11.000Z'}
63,0xfc66ed,0xbe468eebc1b2405f546497d8efc0e796dffc897d7e4b94ce5d944ed0dbc42218:log:172,0xbe468eebc1b2405f546497d8efc0e796dffc897d7e4b94ce5d944ed0dbc42218,0xf05e2a70346560d3228c7002194bb7c5dc8fe100,0x28c6c06298d514db089934071355e5743bf21d60,60453.0,,,,ATA,erc20,"{'value': '0x0ccd29e8064761740000', 'address': '0xa2120b9e674d3fc3875f415a7df52e382f141225', 'decimal': '0x12'}",{'blockTimestamp': '2023-02-02T13:30:11.000Z'}
64,0xfc668d,0x7ba49c5662493a743b504573ef1470086718d1aa2fd055ce445b5a272cef4514:log:156,0x7ba49c5662493a743b504573ef1470086718d1aa2fd055ce445b5a272cef4514,0xf16e9b0d03470827a95cdfd0cb8a8a3b46969b91,0xf05e2a70346560d3228c7002194bb7c5dc8fe100,60453.0,,,,ATA,erc20,"{'value': '0x0ccd29e8064761740000', 'address': '0xa2120b9e674d3fc3875f415a7df52e382f141225', 'decimal': '0x12'}",{'blockTimestamp': '2023-02-02T13:10:35.000Z'}
65,0xfc6426,0x4ca5d8ed799f0b8bf399a46c817e3050447234f9827eb629b1529bc132c7ec92:log:78,0x4ca5d8ed799f0b8bf399a46c817e3050447234f9827eb629b1529bc132c7ec92,0x95b564f3b3bae3f206aa418667ba000afafacc8a,0xbe59655db9d43e3bf4c4362dac37703ccc5cf5ac,486.29598153,,,,ATA,erc20,"{'value': '0x1a5cb662b1eb920400', 'address': '0xa2120b9e674d3fc3875f415a7df52e382f141225', 'decimal': '0x12'}",{'blockTimestamp': '2023-02-02T11:06:23.000Z'}
66,0xfc6407,0xcb43815da53adbb6a278285b48f37ac32ac12dc2180ed658c168160c4b69b7fb:log:270,0xcb43815da53adbb6a278285b48f37ac32ac12dc2180ed658c168160c4b69b7fb,0x649ae85d11017ac43f0cbab561982e0c9ceeda1f,0x28c6c06298d514db089934071355e5743bf21d60,6546.577793261334,,,,ATA,erc20,"{'value': '0x0162e40479b72a765005', 'address': '0xa2120b9e674d3fc3875f415a7df52e382f141225', 'decimal': '0x12'}",{'blockTimestamp': '2023-02-02T11:00:11.000Z'}
67,0xfc63ac,0x8e195dac407cfe9a0c95d12aa8c7d0cb71e6032eb9e1b82b8c727c19b7b80978:log:209,0x8e195dac407cfe9a0c95d12aa8c7d0cb71e6032eb9e1b82b8c727c19b7b80978,0x1bad1270426b8059a783704308cec80753de0b38,0x649ae85d11017ac43f0cbab561982e0c9ceeda1f,6546.577793261334,,,,ATA,erc20,"{'value': '0x0162e40479b72a765005', 'address': '0xa2120b9e674d3fc3875f415a7df52e382f141225', 'decimal': '0x12'}",{'blockTimestamp': '2023-02-02T10:41:47.000Z'}
68,0xfc63aa,0x1efeceebba3ee586bbd5334ad2f3260ddcca1bb4794e22ac70c6ff8cb1c9bd78:log:79,0x1efeceebba3ee586bbd5334ad2f3260ddcca1bb4794e22ac70c6ff8cb1c9bd78,0x40ec5b33f54e0e8a33a975908c5ba1c14e5bbbdf,0x1bad1270426b8059a783704308cec80753de0b38,6546.577793261334,,,,ATA,erc20,"{'value': '0x0162e40479b72a765005', 'address': '0xa2120b9e674d3fc3875f415a7df52e382f141225', 'decimal': '0x12'}",{'blockTimestamp': '2023-02-02T10:41:23.000Z'}
69,0xfc60fd,0x56a176f7b5fd32d6bfd3a7b817fb6197451ef52eab452023b5da27d9011cad84:log:22,0x56a176f7b5fd32d6bfd3a7b817fb6197451ef52eab452023b5da27d9011cad84,0x28c6c06298d514db089934071355e5743bf21d60,0xb638c9ed38621892c52611fac202aca483482c0d,1896.0,,,,ATA,erc20,"{'value': '0x66c849228fbca00000', 'address': '0xa2120b9e674d3fc3875f415a7df52e382f141225', 'decimal': '0x12'}",{'blockTimestamp': '2023-02-02T08:22:59.000Z'}
70,0xfc5e57,0xc69a5c6e61a92d279390109e2ba0d8c97df8bb3b6d7e2f71c89c1d7df86d9885:log:148,0xc69a5c6e61a92d279390109e2ba0d8c97df8bb3b6d7e2f71c89c1d7df86d9885,0x733c5570597e609c796399333f0a176e444386ee,0xf16e9b0d03470827a95cdfd0cb8a8a3b46969b91,86471.0,,,,ATA,erc20,"{'value': '0x124f9a308501c2bc0000', 'address': '0xa2120b9e674d3fc3875f415a7df52e382f141225', 'decimal': '0x12'}",{'blockTimestamp': '2023-02-02T06:06:47.000Z'}
71,0xfc5dd6,0x6e2d8e59d7bac704ad544184432af9a770ebee757c6ff424f49a1e396e549463:log:146,0x6e2d8e59d7bac704ad544184432af9a770ebee757c6ff424f49a1e396e549463,0x28c6c06298d514db089934071355e5743bf21d60,0x21a31ee1afc51d94c2efccaa2092ad1028285549,234823.07399999,,,,ATA,erc20,"{'value': '0x31b9c8cb1905ee111c00', 'address': '0xa2120b9e674d3fc3875f415a7df52e382f141225', 'decimal': '0x12'}",{'blockTimestamp': '2023-02-02T05:40:35.000Z'}
72,0xfc5da3,0x2237e82dca37eb15ed9190ca2eedda62c0fd7e2da7a7259b9b57552029a05d8f:log:172,0x2237e82dca37eb15ed9190ca2eedda62c0fd7e2da7a7259b9b57552029a05d8f,0xf05e2a70346560d3228c7002194bb7c5dc8fe100,0x28c6c06298d514db089934071355e5743bf21d60,40307.0,,,,ATA,erc20,"{'value': '0x08890bfe405c85ec0000', 'address': '0xa2120b9e674d3fc3875f415a7df52e382f141225', 'decimal': '0x12'}",{'blockTimestamp': '2023-02-02T05:30:11.000Z'}
73,0xfc5d9a,0x2d84fc82a2e6949ce6f29c5154978f7c19d74ace8e5ece62ec4c6a9a2f04e294:log:71,0x2d84fc82a2e6949ce6f29c5154978f7c19d74ace8e5ece62ec4c6a9a2f04e294,0x21a31ee1afc51d94c2efccaa2092ad1028285549,0x733c5570597e609c796399333f0a176e444386ee,86471.0,,,,ATA,erc20,"{'value': '0x124f9a308501c2bc0000', 'address': '0xa2120b9e674d3fc3875f415a7df52e382f141225', 'decimal': '0x12'}",{'blockTimestamp': '2023-02-02T05:28:23.000Z'}
74,0xfc5d48,0xce9bb2a5788126e2feec2bfb07841191a88c2afe8801002148f71fcf077ccf68:log:410,0xce9bb2a5788126e2feec2bfb07841191a88c2afe8801002148f71fcf077ccf68,0xf584f8728b874a6a5c7a8d4d387c9aae9172d621,0xf05e2a70346560d3228c7002194bb7c5dc8fe100,40307.0,,,,ATA,erc20,"{'value': '0x08890bfe405c85ec0000', 'address': '0xa2120b9e674d3fc3875f415a7df52e382f141225', 'decimal': '0x12'}",{'blockTimestamp': '2023-02-02T05:11:47.000Z'}
75,0xfc5991,0xd21356e50c3267d085945668db9ce8a49daef0fb2d0af878315624a965f7ea15:log:329,0xd21356e50c3267d085945668db9ce8a49daef0fb2d0af878315624a965f7ea15,0x649ae85d11017ac43f0cbab561982e0c9ceeda1f,0x28c6c06298d514db089934071355e5743bf21d60,6874.49967377379,,,,ATA,erc20,"{'value': '0x0174aad906a311821fcd', 'address': '0xa2120b9e674d3fc3875f415a7df52e382f141225', 'decimal': '0x12'}",{'blockTimestamp': '2023-02-02T02:00:11.000Z'}
76,0xfc5924,0xe7eb7607c3d2294760d12e53205f29e6bd49a5040589c84b1d3de17a4658cf2d:log:245,0xe7eb7607c3d2294760d12e53205f29e6bd49a5040589c84b1d3de17a4658cf2d,0x1bad1270426b8059a783704308cec80753de0b38,0x649ae85d11017ac43f0cbab561982e0c9ceeda1f,6874.49967377379,,,,ATA,erc20,"{'value': '0x0174aad906a311821fcd', 'address': '0xa2120b9e674d3fc3875f415a7df52e382f141225', 'decimal': '0x12'}",{'blockTimestamp': '2023-02-02T01:38:11.000Z'}
77,0xfc5920,0x162cd0109295278926dadad87ec9491322521c5a7155f105d430657db616c5ac:log:46,0x162cd0109295278926dadad87ec9491322521c5a7155f105d430657db616c5ac,0x40ec5b33f54e0e8a33a975908c5ba1c14e5bbbdf,0x1bad1270426b8059a783704308cec80753de0b38,6874.49967377379,,,,ATA,erc20,"{'value': '0x0174aad906a311821fcd', 'address': '0xa2120b9e674d3fc3875f415a7df52e382f141225', 'decimal': '0x12'}",{'blockTimestamp': '2023-02-02T01:37:23.000Z'}
78,0xfc576b,0x165e86c59d44b9fae955c7d09db550ff0cf59204be412586bec98a8d88d7eedc:log:360,0x165e86c59d44b9fae955c7d09db550ff0cf59204be412586bec98a8d88d7eedc,0x733c5570597e609c796399333f0a176e444386ee,0xf16e9b0d03470827a95cdfd0cb8a8a3b46969b91,52765.0,,,,ATA,erc20,"{'value': '0x0b2c6579430c6e540000', 'address': '0xa2120b9e674d3fc3875f415a7df52e382f141225', 'decimal': '0x12'}",{'blockTimestamp': '2023-02-02T00:08:59.000Z'}
79,0xfc5722,0x532ea63f3e8af1972a4c60fbd145f3519f9ec2b3c42f0c1cc962cec9b73febf1:log:75,0x532ea63f3e8af1972a4c60fbd145f3519f9ec2b3c42f0c1cc962cec9b73febf1,0x28c6c06298d514db089934071355e5743bf21d60,0xf584f8728b874a6a5c7a8d4d387c9aae9172d621,44947.0,,,,ATA,erc20,"{'value': '0x098494edb8967a6c0000', 'address': '0xa2120b9e674d3fc3875f415a7df52e382f141225', 'decimal': '0x12'}",{'blockTimestamp': '2023-02-01T23:54:23.000Z'}
80,0xfc5722,0x40f8d216441605d6ace7d0dd77759e0c8145c033952ef5ab1b3f06ff30a59ca3:log:73,0x40f8d216441605d6ace7d0dd77759e0c8145c033952ef5ab1b3f06ff30a59ca3,0x21a31ee1afc51d94c2efccaa2092ad1028285549,0x733c5570597e609c796399333f0a176e444386ee,52765.0,,,,ATA,erc20,"{'value': '0x0b2c6579430c6e540000', 'address': '0xa2120b9e674d3fc3875f415a7df52e382f141225', 'decimal': '0x12'}",{'blockTimestamp': '2023-02-01T23:54:23.000Z'}
81,0xfc54ea,0x9d23be481222776c441133ac2b3ea51a1f93f1ec8ea5803f6f2f4e180df895ab:log:176,0x9d23be481222776c441133ac2b3ea51a1f93f1ec8ea5803f6f2f4e180df895ab,0xf05e2a70346560d3228c7002194bb7c5dc8fe100,0x28c6c06298d514db089934071355e5743bf21d60,25804.0,,,,ATA,erc20,"{'value': '0x0576d66fc48c73b00000', 'address': '0xa2120b9e674d3fc3875f415a7df52e382f141225', 'decimal': '0x12'}",{'blockTimestamp': '2023-02-01T22:00:11.000Z'}
82,0xfc5276,0x886074e1c7f2fc8c48dbfedc48a72aa48d36131c5878ed323edbe67aa5a89051:log:333,0x886074e1c7f2fc8c48dbfedc48a72aa48d36131c5878ed323edbe67aa5a89051,0xf584f8728b874a6a5c7a8d4d387c9aae9172d621,0xf05e2a70346560d3228c7002194bb7c5dc8fe100,25804.0,,,,ATA,erc20,"{'value': '0x0576d66fc48c73b00000', 'address': '0xa2120b9e674d3fc3875f415a7df52e382f141225', 'decimal': '0x12'}",{'blockTimestamp': '2023-02-01T19:54:11.000Z'}
83,0xfc4f0f,0x92552d01e31d415d52b8e470a57a69eb6beef54d9fffcab102d2cab9c8906aa4:log:77,0x92552d01e31d415d52b8e470a57a69eb6beef54d9fffcab102d2cab9c8906aa4,0x28c6c06298d514db089934071355e5743bf21d60,0xf584f8728b874a6a5c7a8d4d387c9aae9172d621,83188.0,,,,ATA,erc20,"{'value': '0x119da16983161b500000', 'address': '0xa2120b9e674d3fc3875f415a7df52e382f141225', 'decimal': '0x12'}",{'blockTimestamp': '2023-02-01T16:59:23.000Z'}
84,0xfc4de9,0x464227d3ebd0842b0b9d2962222e9863d587280934e35d883b492b3ef2ec9a49:log:470,0x464227d3ebd0842b0b9d2962222e9863d587280934e35d883b492b3ef2ec9a49,0xf05e2a70346560d3228c7002194bb7c5dc8fe100,0x28c6c06298d514db089934071355e5743bf21d60,74732.0,,,,ATA,erc20,"{'value': '0x0fd33ad6a4e4fc300000', 'address': '0xa2120b9e674d3fc3875f415a7df52e382f141225', 'decimal': '0x12'}",{'blockTimestamp': '2023-02-01T16:00:11.000Z'}
85,0xfc4dc4,0x9e8660c2be35bb722aad57de59dd3742dc4c78e40acfb28929482f9f04f5f8c4:log:463,0x9e8660c2be35bb722aad57de59dd3742dc4c78e40acfb28929482f9f04f5f8c4,0xf584f8728b874a6a5c7a8d4d387c9aae9172d621,0xf05e2a70346560d3228c7002194bb7c5dc8fe100,74732.0,,,,ATA,erc20,"{'value': '0x0fd33ad6a4e4fc300000', 'address': '0xa2120b9e674d3fc3875f415a7df52e382f141225', 'decimal': '0x12'}",{'blockTimestamp': '2023-02-01T15:52:35.000Z'}
86,0xfc4d54,0x46b2f32ea2a3610b4147b182b3b85053953afc7a2fa06d20f4a28659f85139c2:log:250,0x46b2f32ea2a3610b4147b182b3b85053953afc7a2fa06d20f4a28659f85139c2,0xf05e2a70346560d3228c7002194bb7c5dc8fe100,0x28c6c06298d514db089934071355e5743bf21d60,74268.0,,,,ATA,erc20,"{'value': '0x0fba138b7f4596f00000', 'address': '0xa2120b9e674d3fc3875f415a7df52e382f141225', 'decimal': '0x12'}",{'blockTimestamp': '2023-02-01T15:30:11.000Z'}
87,0xfc4d3e,0x1574d0a22e99b2a75bf3e13705b767c7ef8bd07ab4ffb5827dedcdff1eff5f04:log:352,0x1574d0a22e99b2a75bf3e13705b767c7ef8bd07ab4ffb5827dedcdff1eff5f04,0xf584f8728b874a6a5c7a8d4d387c9aae9172d621,0xf05e2a70346560d3228c7002194bb7c5dc8fe100,74268.0,,,,ATA,erc20,"{'value': '0x0fba138b7f4596f00000', 'address': '0xa2120b9e674d3fc3875f415a7df52e382f141225', 'decimal': '0x12'}",{'blockTimestamp': '2023-02-01T15:25:47.000Z'}
88,0xfc4cc2,0xb278e2a97218ffbc4ea5765b565670fc384479b968cbee8dc2b479f5c1085d38:log:158,0xb278e2a97218ffbc4ea5765b565670fc384479b968cbee8dc2b479f5c1085d38,0x28c6c06298d514db089934071355e5743bf21d60,0xdfd5293d8e347dfe59e90efd55b2956a1343963d,191340.828,,,,ATA,erc20,"{'value': '0x28849b68f2d85c360000', 'address': '0xa2120b9e674d3fc3875f415a7df52e382f141225', 'decimal': '0x12'}",{'blockTimestamp': '2023-02-01T15:00:35.000Z'}
89,0xfc4ca1,0xf48f983a9be6d7cc9e87d7b8426af779375560365f08b2503778e244d5026d4e:log:95,0xf48f983a9be6d7cc9e87d7b8426af779375560365f08b2503778e244d5026d4e,0xdfd5293d8e347dfe59e90efd55b2956a1343963d,0xf584f8728b874a6a5c7a8d4d387c9aae9172d621,159090.0,,,,ATA,erc20,"{'value': '0x21b04943290e1e880000', 'address': '0xa2120b9e674d3fc3875f415a7df52e382f141225', 'decimal': '0x12'}",{'blockTimestamp': '2023-02-01T14:53:47.000Z'}
90,0xfc4c2b,0xcedca4b05ede31d6081312d01c7bea8f9bb542800ab363cc7b39b6f14940bae0:log:253,0xcedca4b05ede31d6081312d01c7bea8f9bb542800ab363cc7b39b6f14940bae0,0xf05e2a70346560d3228c7002194bb7c5dc8fe100,0x28c6c06298d514db089934071355e5743bf21d60,126329.0,,,,ATA,erc20,"{'value': '0x1ac04f0e5445b2440000', 'address': '0xa2120b9e674d3fc3875f415a7df52e382f141225', 'decimal': '0x12'}",{'blockTimestamp': '2023-02-01T14:30:11.000Z'}
91,0xfc4c13,0xfde9ec6e162cd03ff42d86d707c483800fbe79a466909f7e4229a9cf6bde3f78:log:649,0xfde9ec6e162cd03ff42d86d707c483800fbe79a466909f7e4229a9cf6bde3f78,0xf584f8728b874a6a5c7a8d4d387c9aae9172d621,0xf05e2a70346560d3228c7002194bb7c5dc8fe100,70277.0,,,,ATA,erc20,"{'value': '0x0ee1b94b347efef40000', 'address': '0xa2120b9e674d3fc3875f415a7df52e382f141225', 'decimal': '0x12'}",{'blockTimestamp': '2023-02-01T14:25:23.000Z'}
92,0xfc4b79,0xf313164ae7219eb5aa57faafc8aec5a7d5204197164d27574db728c2801e020f:log:358,0xf313164ae7219eb5aa57faafc8aec5a7d5204197164d27574db728c2801e020f,0xf584f8728b874a6a5c7a8d4d387c9aae9172d621,0xf05e2a70346560d3228c7002194bb7c5dc8fe100,56052.0,,,,ATA,erc20,"{'value': '0x0bde95c31fc6b3500000', 'address': '0xa2120b9e674d3fc3875f415a7df52e382f141225', 'decimal': '0x12'}",{'blockTimestamp': '2023-02-01T13:54:35.000Z'}
93,0xfc4ad0,0xe7108a88314a0c998177be6c4b51fa7cba8dcd620e6234415b55e8e33659df76:log:55,0xe7108a88314a0c998177be6c4b51fa7cba8dcd620e6234415b55e8e33659df76,0x3c02290922a3618a4646e3bbca65853ea45fe7c6,0xe6031137345f56396abacdc410643ad66ede689c,258.6649,,,,ATA,erc20,"{'value': '0x0e05b25415a9f04000', 'address': '0xa2120b9e674d3fc3875f415a7df52e382f141225', 'decimal': '0x12'}",{'blockTimestamp': '2023-02-01T13:20:11.000Z'}
94,0xfc4a76,0x53cb134f8a8461c5c048208c7eb31da743d30b7618f2fe0165fc336229a65183:log:33,0x53cb134f8a8461c5c048208c7eb31da743d30b7618f2fe0165fc336229a65183,0x28c6c06298d514db089934071355e5743bf21d60,0xf977814e90da44bfa03b6295a0616a897441acec,1119798.3830000001,,,,ATA,erc20,"{'value': '0xed206458c8646c118000', 'address': '0xa2120b9e674d3fc3875f415a7df52e382f141225', 'decimal': '0x12'}",{'blockTimestamp': '2023-02-01T13:02:11.000Z'}
95,0xfc4a6c,0x0ea8c15f6b8fc18c9f45d96a01f36a958cb690f0bf0b39f51240461810a49fc6:log:325,0x0ea8c15f6b8fc18c9f45d96a01f36a958cb690f0bf0b39f51240461810a49fc6,0xf05e2a70346560d3228c7002194bb7c5dc8fe100,0x28c6c06298d514db089934071355e5743bf21d60,85612.0,,,,ATA,erc20,"{'value': '0x1221092b782f16300000', 'address': '0xa2120b9e674d3fc3875f415a7df52e382f141225', 'decimal': '0x12'}",{'blockTimestamp': '2023-02-01T13:00:11.000Z'}
96,0xfc49da,0xc6165a0e1c9220fe608f2634b6653952104a3cdb71928af0739dfd7a5ac16da3:log:313,0xc6165a0e1c9220fe608f2634b6653952104a3cdb71928af0739dfd7a5ac16da3,0xf584f8728b874a6a5c7a8d4d387c9aae9172d621,0xf05e2a70346560d3228c7002194bb7c5dc8fe100,85612.0,,,,ATA,erc20,"{'value': '0x1221092b782f16300000', 'address': '0xa2120b9e674d3fc3875f415a7df52e382f141225', 'decimal': '0x12'}",{'blockTimestamp': '2023-02-01T12:30:47.000Z'}
97,0xfc48af,0xcf02df9e102219671127e3121f3a03456bc8ed78fe51ece5dc34687b53b3338b:log:232,0xcf02df9e102219671127e3121f3a03456bc8ed78fe51ece5dc34687b53b3338b,0xf05e2a70346560d3228c7002194bb7c5dc8fe100,0x28c6c06298d514db089934071355e5743bf21d60,67971.0,,,,ATA,erc20,"{'value': '0x0e64b71d76352c2c0000', 'address': '0xa2120b9e674d3fc3875f415a7df52e382f141225', 'decimal': '0x12'}",{'blockTimestamp': '2023-02-01T11:30:11.000Z'}
98,0xfc474a,0x29138d73962dbeab14731ff8262caac3bd35db27297be5b7035ef7a4d9e8d223:log:68,0x29138d73962dbeab14731ff8262caac3bd35db27297be5b7035ef7a4d9e8d223,0x21a31ee1afc51d94c2efccaa2092ad1028285549,0xf584f8728b874a6a5c7a8d4d387c9aae9172d621,59878.0,,,,ATA,erc20,"{'value': '0x0cadfe2da8c267d80000', 'address': '0xa2120b9e674d3fc3875f415a7df52e382f141225', 'decimal': '0x12'}",{'blockTimestamp': '2023-02-01T10:18:23.000Z'}
99,0xfc4692,0x58e7b76fdd151435efc980c507be111967b322d6619282209346c84414db3bd0:log:79,0x58e7b76fdd151435efc980c507be111967b322d6619282209346c84414db3bd0,0xf16e9b0d03470827a95cdfd0cb8a8a3b46969b91,0xf05e2a70346560d3228c7002194bb7c5dc8fe100,67971.0,,,,ATA,erc20,"{'value': '0x0e64b71d76352c2c0000', 'address': '0xa2120b9e674d3fc3875f415a7df52e382f141225', 'decimal': '0x12'}",{'blockTimestamp': '2023-02-01T09:41:35.000Z'}
100,0xfc45c5,0x0df815025bbcefe0638eb99e2c24a135167b73b20973354b607436104a3e9c76:log:301,0x0df815025bbcefe0638eb99e2c24a135167b73b20973354b607436104a3e9c76,0xf05e2a70346560d3228c7002194bb7c5dc8fe100,0x28c6c06298d514db089934071355e5743bf21d60,104204.0,,,,ATA,erc20,"{'value': '0x1610e9002f8bd4b00000', 'address': '0xa2120b9e674d3fc3875f415a7df52e382f141225', 'decimal': '0x12'}",{'blockTimestamp': '2023-02-01T09:00:11.000Z'}
101,0xfc4530,0xf6b2f2cd9540b7c4763242b85a662bc7af8557e337ee5c64abfe70557eccf74c:log:451,0xf6b2f2cd9540b7c4763242b85a662bc7af8557e337ee5c64abfe70557eccf74c,0xf584f8728b874a6a5c7a8d4d387c9aae9172d621,0xf05e2a70346560d3228c7002194bb7c5dc8fe100,104204.0,,,,ATA,erc20,"{'value': '0x1610e9002f8bd4b00000', 'address': '0xa2120b9e674d3fc3875f415a7df52e382f141225', 'decimal': '0x12'}",{'blockTimestamp': '2023-02-01T08:30:11.000Z'}
102,0xfc435c,0xfd36c30431eed467fc858e1a300806c34af5d13c68e328c6f858edb17d9a3388:log:66,0xfd36c30431eed467fc858e1a300806c34af5d13c68e328c6f858edb17d9a3388,0x28c6c06298d514db089934071355e5743bf21d60,0xf584f8728b874a6a5c7a8d4d387c9aae9172d621,150575.0,,,,ATA,erc20,"{'value': '0x1fe2afe62f756b5c0000', 'address': '0xa2120b9e674d3fc3875f415a7df52e382f141225', 'decimal': '0x12'}",{'blockTimestamp': '2023-02-01T06:55:47.000Z'}
103,0xfc42dc,0xf496d2a35fb5d88e2b315dbd5014708b08080d9799381108fdf34156b1ec4f07:log:317,0xf496d2a35fb5d88e2b315dbd5014708b08080d9799381108fdf34156b1ec4f07,0xf05e2a70346560d3228c7002194bb7c5dc8fe100,0x28c6c06298d514db089934071355e5743bf21d60,38766.0,,,,ATA,erc20,"{'value': '0x0835825278ede8f80000', 'address': '0xa2120b9e674d3fc3875f415a7df52e382f141225', 'decimal': '0x12'}",{'blockTimestamp': '2023-02-01T06:30:11.000Z'}
104,0xfc4275,0xb80ca16de6671eb3e0c2cf7905c681d33182a88dab407cb25ff91c4f0a2f52b7:log:55,0xb80ca16de6671eb3e0c2cf7905c681d33182a88dab407cb25ff91c4f0a2f52b7,0xf584f8728b874a6a5c7a8d4d387c9aae9172d621,0xf05e2a70346560d3228c7002194bb7c5dc8fe100,38766.0,,,,ATA,erc20,"{'value': '0x0835825278ede8f80000', 'address': '0xa2120b9e674d3fc3875f415a7df52e382f141225', 'decimal': '0x12'}",{'blockTimestamp': '2023-02-01T06:09:35.000Z'}
105,0xfc3e33,0xb592515aaefe8febf8822d94c5fa927b8cc1bb82ff7f6af3a9c598b5e2f7cabc:log:337,0xb592515aaefe8febf8822d94c5fa927b8cc1bb82ff7f6af3a9c598b5e2f7cabc,0xf05e2a70346560d3228c7002194bb7c5dc8fe100,0x28c6c06298d514db089934071355e5743bf21d60,32656.0,,,,ATA,erc20,"{'value': '0x06ea4909e518c4400000', 'address': '0xa2120b9e674d3fc3875f415a7df52e382f141225', 'decimal': '0x12'}",{'blockTimestamp': '2023-02-01T02:30:11.000Z'}
106,0xfc3dca,0xfe4e6a87b4907911c647b77cf3a756e8287982e7a239853b587176a12c37a3f4:log:327,0xfe4e6a87b4907911c647b77cf3a756e8287982e7a239853b587176a12c37a3f4,0xf584f8728b874a6a5c7a8d4d387c9aae9172d621,0xf05e2a70346560d3228c7002194bb7c5dc8fe100,32656.0,,,,ATA,erc20,"{'value': '0x06ea4909e518c4400000', 'address': '0xa2120b9e674d3fc3875f415a7df52e382f141225', 'decimal': '0x12'}",{'blockTimestamp': '2023-02-01T02:09:11.000Z'}
107,0xfc3d08,0xd7c40c40caca50c7a34cd6f2894fe3ef6c1648920b87fa9ee19daceeb6307c96:log:663,0xd7c40c40caca50c7a34cd6f2894fe3ef6c1648920b87fa9ee19daceeb6307c96,0x649ae85d11017ac43f0cbab561982e0c9ceeda1f,0x28c6c06298d514db089934071355e5743bf21d60,7217.333994715886,,,,ATA,erc20,"{'value': '0x018740a1351ea762b034', 'address': '0xa2120b9e674d3fc3875f415a7df52e382f141225', 'decimal': '0x12'}",{'blockTimestamp': '2023-02-01T01:30:11.000Z'}
108,0xfc3d08,0x4f31406db9de11bc1519db6d247846aa2911452984e140a80e009974003d8063:log:561,0x4f31406db9de11bc1519db6d247846aa2911452984e140a80e009974003d8063,0x6322705c265d1a59f17bd3440485692ead7bd9b2,0x28c6c06298d514db089934071355e5743bf21d60,8407.43,,,,ATA,erc20,"{'value': '0x01c7c4879086da670000', 'address': '0xa2120b9e674d3fc3875f415a7df52e382f141225', 'decimal': '0x12'}",{'blockTimestamp': '2023-02-01T01:30:11.000Z'}
109,0xfc3caf,0x299079c180072a6920e4de4f6b458cbddfd2f82f8e93183f2a25c9f2f298ff85:log:66,0x299079c180072a6920e4de4f6b458cbddfd2f82f8e93183f2a25c9f2f298ff85,0x3c02290922a3618a4646e3bbca65853ea45fe7c6,0x6322705c265d1a59f17bd3440485692ead7bd9b2,8407.43,,,,ATA,erc20,"{'value': '0x01c7c4879086da670000', 'address': '0xa2120b9e674d3fc3875f415a7df52e382f141225', 'decimal': '0x12'}",{'blockTimestamp': '2023-02-01T01:12:11.000Z'}
110,0xfc3c98,0x9525549f3ec0f4df0a79b8c7736f9bc8edb91c4260f7d479ee02db6106e49461:log:160,0x9525549f3ec0f4df0a79b8c7736f9bc8edb91c4260f7d479ee02db6106e49461,0x1bad1270426b8059a783704308cec80753de0b38,0x649ae85d11017ac43f0cbab561982e0c9ceeda1f,7217.333994715886,,,,ATA,erc20,"{'value': '0x018740a1351ea762b034', 'address': '0xa2120b9e674d3fc3875f415a7df52e382f141225', 'decimal': '0x12'}",{'blockTimestamp': '2023-02-01T01:07:35.000Z'}
111,0xfc3c90,0xb315889ff6cc96bcadcc63a544710961b63085d7de07c49ac9748802724ed2ef:log:89,0xb315889ff6cc96bcadcc63a544710961b63085d7de07c49ac9748802724ed2ef,0x40ec5b33f54e0e8a33a975908c5ba1c14e5bbbdf,0x1bad1270426b8059a783704308cec80753de0b38,7217.333994715886,,,,ATA,erc20,"{'value': '0x018740a1351ea762b034', 'address': '0xa2120b9e674d3fc3875f415a7df52e382f141225', 'decimal': '0x12'}",{'blockTimestamp': '2023-02-01T01:05:59.000Z'}
112,0xfc3c73,0xf33ff654437d9fdeee1d8fc8b1a45384c7185bc75c28c1d99391ec6ba82b3453:log:325,0xf33ff654437d9fdeee1d8fc8b1a45384c7185bc75c28c1d99391ec6ba82b3453,0xf05e2a70346560d3228c7002194bb7c5dc8fe100,0x28c6c06298d514db089934071355e5743bf21d60,63242.0,,,,ATA,erc20,"{'value': '0x0d645b0e798605e80000', 'address': '0xa2120b9e674d3fc3875f415a7df52e382f141225', 'decimal': '0x12'}",{'blockTimestamp': '2023-02-01T01:00:11.000Z'}
113,0xfc3bdb,0xdea4a23308c9dde0c88a09ff2ee8e71901e9048dec09d626592a2e098d25c58a:log:264,0xdea4a23308c9dde0c88a09ff2ee8e71901e9048dec09d626592a2e098d25c58a,0xf584f8728b874a6a5c7a8d4d387c9aae9172d621,0xf05e2a70346560d3228c7002194bb7c5dc8fe100,63242.0,,,,ATA,erc20,"{'value': '0x0d645b0e798605e80000', 'address': '0xa2120b9e674d3fc3875f415a7df52e382f141225', 'decimal': '0x12'}",{'blockTimestamp': '2023-02-01T00:29:35.000Z'}
114,0xfc2f41,0xe81f9294a92780357b65247f6539e89c7980266766be882a9590176e28a12474:log:56,0xe81f9294a92780357b65247f6539e89c7980266766be882a9590176e28a12474,0xdfd5293d8e347dfe59e90efd55b2956a1343963d,0xffb4c63d6617bca9fd5950db3eeaf29f9b372800,3641.828,,,,ATA,erc20,"{'value': '0xc56c8426c4af4a0000', 'address': '0xa2120b9e674d3fc3875f415a7df52e382f141225', 'decimal': '0x12'}",{'blockTimestamp': '2023-01-31T13:41:35.000Z'}
115,0xfc2d4a,0x189e06d6de10d5e6dd5511a631672042fdcb34fa696c0af59fac1ce5521ab83b:log:138,0x189e06d6de10d5e6dd5511a631672042fdcb34fa696c0af59fac1ce5521ab83b,0x9a9dd3bf6bb0dabf3c93976cd5d082c240a08525,0x28c6c06298d514db089934071355e5743bf21d60,40000.0,,,,ATA,erc20,"{'value': '0x0878678326eac9000000', 'address': '0xa2120b9e674d3fc3875f415a7df52e382f141225', 'decimal': '0x12'}",{'blockTimestamp': '2023-01-31T12:00:11.000Z'}
116,0xfc2cd3,0x1047a7cab621cdf72fd9da1c743560c48641bd57edaba18409d71709fdd4239e:log:235,0x1047a7cab621cdf72fd9da1c743560c48641bd57edaba18409d71709fdd4239e,0x0896960b3896e48d7630c1ffff3f12f432d18718,0x9a9dd3bf6bb0dabf3c93976cd5d082c240a08525,40000.0,,,,ATA,erc20,"{'value': '0x0878678326eac9000000', 'address': '0xa2120b9e674d3fc3875f415a7df52e382f141225', 'decimal': '0x12'}",{'blockTimestamp': '2023-01-31T11:36:23.000Z'}
117,0xfc2cb5,0x410e3d9a2a12cc9f27687b500214ced8d39ad5386c54d8e74cd46b7f00d903d4:log:232,0x410e3d9a2a12cc9f27687b500214ced8d39ad5386c54d8e74cd46b7f00d903d4,0xf05e2a70346560d3228c7002194bb7c5dc8fe100,0x28c6c06298d514db089934071355e5743bf21d60,42051.0,,,,ATA,erc20,"{'value': '0x08e796dae840df2c0000', 'address': '0xa2120b9e674d3fc3875f415a7df52e382f141225', 'decimal': '0x12'}",{'blockTimestamp': '2023-01-31T11:30:11.000Z'}
118,0xfc2c54,0x56768f11ed88c058fab298f9f19bac152533d883aa512e6d4af43bc345a0eb37:log:56,0x56768f11ed88c058fab298f9f19bac152533d883aa512e6d4af43bc345a0eb37,0xf16e9b0d03470827a95cdfd0cb8a8a3b46969b91,0xf05e2a70346560d3228c7002194bb7c5dc8fe100,42051.0,,,,ATA,erc20,"{'value': '0x08e796dae840df2c0000', 'address': '0xa2120b9e674d3fc3875f415a7df52e382f141225', 'decimal': '0x12'}",{'blockTimestamp': '2023-01-31T11:10:47.000Z'}
119,0xfc2c1f,0x86d5a561ea4ab5b0d6112f0b543a4224bdcb161728009c9eff8453f1400abe41:log:251,0x86d5a561ea4ab5b0d6112f0b543a4224bdcb161728009c9eff8453f1400abe41,0x0e2f933d1fd7ce79479cc0b05a617bdb3b1a2459,0x28c6c06298d514db089934071355e5743bf21d60,27889.552000000003,,,,ATA,erc20,"{'value': '0x05e7e548e2d211280000', 'address': '0xa2120b9e674d3fc3875f415a7df52e382f141225', 'decimal': '0x12'}",{'blockTimestamp': '2023-01-31T11:00:11.000Z'}
120,0xfc2bb1,0x05fdf4df7cbcca85886d257ae4dd30dc55b9efbe38ff4af52aebf554ae0537c3:log:167,0x05fdf4df7cbcca85886d257ae4dd30dc55b9efbe38ff4af52aebf554ae0537c3,0x3c02290922a3618a4646e3bbca65853ea45fe7c6,0x0e2f933d1fd7ce79479cc0b05a617bdb3b1a2459,27889.552000000003,,,,ATA,erc20,"{'value': '0x05e7e548e2d211280000', 'address': '0xa2120b9e674d3fc3875f415a7df52e382f141225', 'decimal': '0x12'}",{'blockTimestamp': '2023-01-31T10:38:11.000Z'}
121,0xfc2b8a,0x137ab1ec18bde6a3737579195d3943bd5932d1ad0c26b722342f349bc93c139d:log:688,0x137ab1ec18bde6a3737579195d3943bd5932d1ad0c26b722342f349bc93c139d,0xcb9ecf7e53e84bd70d4eb110674d5981b6b9adf0,0x28c6c06298d514db089934071355e5743bf21d60,10401.815600000002,,,,ATA,erc20,"{'value': '0x0233e2309104dcb30000', 'address': '0xa2120b9e674d3fc3875f415a7df52e382f141225', 'decimal': '0x12'}",{'blockTimestamp': '2023-01-31T10:30:11.000Z'}
122,0xfc2b8a,0xfe3d15080293f02e6683553d75ed622d595c2d32d57ebc3b900429fa229d8657:log:687,0xfe3d15080293f02e6683553d75ed622d595c2d32d57ebc3b900429fa229d8657,0x0e2f933d1fd7ce79479cc0b05a617bdb3b1a2459,0x28c6c06298d514db089934071355e5743bf21d60,2452.0,,,,ATA,erc20,"{'value': '0x84ec55f0bf49d00000', 'address': '0xa2120b9e674d3fc3875f415a7df52e382f141225', 'decimal': '0x12'}",{'blockTimestamp': '2023-01-31T10:30:11.000Z'}
123,0xfc2b3b,0xf33887d50091fdb914b4a06a047545032718bd9067dfb8f7d004ae45456bdf69:log:98,0xf33887d50091fdb914b4a06a047545032718bd9067dfb8f7d004ae45456bdf69,0x3c02290922a3618a4646e3bbca65853ea45fe7c6,0x0e2f933d1fd7ce79479cc0b05a617bdb3b1a2459,2452.0,,,,ATA,erc20,"{'value': '0x84ec55f0bf49d00000', 'address': '0xa2120b9e674d3fc3875f415a7df52e382f141225', 'decimal': '0x12'}",{'blockTimestamp': '2023-01-31T10:14:11.000Z'}
124,0xfc2ac9,0xab531bfdbbe9002a338215a37b5ca41b1e62061a23fa0435c9ab1ae5eb8ab4c6:log:51,0xab531bfdbbe9002a338215a37b5ca41b1e62061a23fa0435c9ab1ae5eb8ab4c6,0x3d20031848995e6c4078be6716526b37764b5145,0x3c02290922a3618a4646e3bbca65853ea45fe7c6,10415.8156,,,,ATA,erc20,"{'value': '0x0234a47a8ed8042b0000', 'address': '0xa2120b9e674d3fc3875f415a7df52e382f141225', 'decimal': '0x12'}",{'blockTimestamp': '2023-01-31T09:51:23.000Z'}
125,0xfc2ac9,0xfb7e7dd2047387230a4b5fa20d04a7e14ea27ea136ab04ccc3ea9a244de69506:log:47,0xfb7e7dd2047387230a4b5fa20d04a7e14ea27ea136ab04ccc3ea9a244de69506,0xc7e45a394902662cbec921995c6cd3ee8475b4f7,0x3c02290922a3618a4646e3bbca65853ea45fe7c6,30389.552,,,,ATA,erc20,"{'value': '0x066f6bc11540bdb80000', 'address': '0xa2120b9e674d3fc3875f415a7df52e382f141225', 'decimal': '0x12'}",{'blockTimestamp': '2023-01-31T09:51:23.000Z'}
126,0xfc2ab0,0xfaf16213c35cbed46ec0dc007b0070cac81cc25bf953445ca09c728137a3afba:log:120,0xfaf16213c35cbed46ec0dc007b0070cac81cc25bf953445ca09c728137a3afba,0x3c02290922a3618a4646e3bbca65853ea45fe7c6,0xcb9ecf7e53e84bd70d4eb110674d5981b6b9adf0,10401.815600000002,,,,ATA,erc20,"{'value': '0x0233e2309104dcb30000', 'address': '0xa2120b9e674d3fc3875f415a7df52e382f141225', 'decimal': '0x12'}",{'blockTimestamp': '2023-01-31T09:46:23.000Z'}
127,0xfc2a72,0x07f1aa4786f38d0ed9abeba3c12eef37a1e0251993ddd41d34424ed85bd82d58:log:78,0x07f1aa4786f38d0ed9abeba3c12eef37a1e0251993ddd41d34424ed85bd82d58,0x21a31ee1afc51d94c2efccaa2092ad1028285549,0xc7e45a394902662cbec921995c6cd3ee8475b4f7,30389.552,,,,ATA,erc20,"{'value': '0x066f6bc11540bdb80000', 'address': '0xa2120b9e674d3fc3875f415a7df52e382f141225', 'decimal': '0x12'}",{'blockTimestamp': '2023-01-31T09:33:47.000Z'}
128,0xfc2a70,0xcb7e59ea7a3f1efb29eefdf9b40de2f6f03c46591d457019ace5d57de50afa1f:log:75,0xcb7e59ea7a3f1efb29eefdf9b40de2f6f03c46591d457019ace5d57de50afa1f,0x28c6c06298d514db089934071355e5743bf21d60,0x3d20031848995e6c4078be6716526b37764b5145,10415.8156,,,,ATA,erc20,"{'value': '0x0234a47a8ed8042b0000', 'address': '0xa2120b9e674d3fc3875f415a7df52e382f141225', 'decimal': '0x12'}",{'blockTimestamp': '2023-01-31T09:33:23.000Z'}
129,0xfc290c,0x90df866e4f9fc310bab3c7fcea8d4ebd5c84191831ce0693c0be924f85ca048d:log:162,0x90df866e4f9fc310bab3c7fcea8d4ebd5c84191831ce0693c0be924f85ca048d,0x5e8304b5600cccba6d6292c6687ac9ead0ec6288,0x0d0707963952f2fba59dd06f2b425ace40b492fe,27472.0,,,,ATA,erc20,"{'value': '0x05d142962f1b1b400000', 'address': '0xa2120b9e674d3fc3875f415a7df52e382f141225', 'decimal': '0x12'}",{'blockTimestamp': '2023-01-31T08:21:35.000Z'}
130,0xfc28f8,0x30c2384a09c9b53dff8b73093a70a902e2bc36c59e60e15d21fb41a6843d7ad9:log:118,0x30c2384a09c9b53dff8b73093a70a902e2bc36c59e60e15d21fb41a6843d7ad9,0x48c04ed5691981c42154c6167398f95e8f38a7ff,0xd1953c108b20edbdfd9fe9fb21ae9961e79fa711,22.19508428,,,,ATA,erc20,"{'value': '0x013404c78edd41b000', 'address': '0xa2120b9e674d3fc3875f415a7df52e382f141225', 'decimal': '0x12'}",{'blockTimestamp': '2023-01-31T08:17:35.000Z'}
131,0xfc280d,0x2123390b74aa51faf0a428745a7a421ce6eb6d5e844f53ddc94cb230628e678b:log:306,0x2123390b74aa51faf0a428745a7a421ce6eb6d5e844f53ddc94cb230628e678b,0xf05e2a70346560d3228c7002194bb7c5dc8fe100,0x28c6c06298d514db089934071355e5743bf21d60,39910.0,,,,ATA,erc20,"{'value': '0x08738682ebc1efd80000', 'address': '0xa2120b9e674d3fc3875f415a7df52e382f141225', 'decimal': '0x12'}",{'blockTimestamp': '2023-01-31T07:30:11.000Z'}
132,0xfc27df,0x369310efdbc655b91ce6477b0ac11d0877b3a3aab4f0c726e63f3aed341a675e:log:311,0x369310efdbc655b91ce6477b0ac11d0877b3a3aab4f0c726e63f3aed341a675e,0xdfd5293d8e347dfe59e90efd55b2956a1343963d,0x5e8304b5600cccba6d6292c6687ac9ead0ec6288,27472.0,,,,ATA,erc20,"{'value': '0x05d142962f1b1b400000', 'address': '0xa2120b9e674d3fc3875f415a7df52e382f141225', 'decimal': '0x12'}",{'blockTimestamp': '2023-01-31T07:20:59.000Z'}
133,0xfc274d,0x9d849b3660afdb7e6b493e04af083a84be07e84806923a18988d5aaa42b7c9dd:log:231,0x9d849b3660afdb7e6b493e04af083a84be07e84806923a18988d5aaa42b7c9dd,0xf584f8728b874a6a5c7a8d4d387c9aae9172d621,0xf05e2a70346560d3228c7002194bb7c5dc8fe100,39910.0,,,,ATA,erc20,"{'value': '0x08738682ebc1efd80000', 'address': '0xa2120b9e674d3fc3875f415a7df52e382f141225', 'decimal': '0x12'}",{'blockTimestamp': '2023-01-31T06:51:47.000Z'}
134,0xfc26e1,0x4ddea637251abff14ba39f844550d32a29ddcae12a801f8f675ea26b2077b762:log:191,0x4ddea637251abff14ba39f844550d32a29ddcae12a801f8f675ea26b2077b762,0xf05e2a70346560d3228c7002194bb7c5dc8fe100,0x28c6c06298d514db089934071355e5743bf21d60,91508.0,,,,ATA,erc20,"{'value': '0x1360a89b51d64d500000', 'address': '0xa2120b9e674d3fc3875f415a7df52e382f141225', 'decimal': '0x12'}",{'blockTimestamp': '2023-01-31T06:30:11.000Z'}
135,0xfc26e0,0xfe1bd75d04007ea5c0ebf6cb3fa950ba81423158f4835f1f83dff06e5807fadd:log:211,0xfe1bd75d04007ea5c0ebf6cb3fa950ba81423158f4835f1f83dff06e5807fadd,0xf584f8728b874a6a5c7a8d4d387c9aae9172d621,0xf05e2a70346560d3228c7002194bb7c5dc8fe100,48466.0,,,,ATA,erc20,"{'value': '0x0a4358dd282072080000', 'address': '0xa2120b9e674d3fc3875f415a7df52e382f141225', 'decimal': '0x12'}",{'blockTimestamp': '2023-01-31T06:29:59.000Z'}
136,0xfc2653,0x2994dfe9789531ca019c3741c9ffd71c562bcf2f6db2ad3c7c1e4dda74d14758:log:187,0x2994dfe9789531ca019c3741c9ffd71c562bcf2f6db2ad3c7c1e4dda74d14758,0xf584f8728b874a6a5c7a8d4d387c9aae9172d621,0xf05e2a70346560d3228c7002194bb7c5dc8fe100,43042.00000000001,,,,ATA,erc20,"{'value': '0x091d4fbe29b5db480000', 'address': '0xa2120b9e674d3fc3875f415a7df52e382f141225', 'decimal': '0x12'}",{'blockTimestamp': '2023-01-31T06:01:35.000Z'}
137,0xfc2620,0x0f77ca7646cebc046c53c0ad76e28c9141110ff29911a90a7de76856c1fdfefc:log:48,0x0f77ca7646cebc046c53c0ad76e28c9141110ff29911a90a7de76856c1fdfefc,0xc7e45a394902662cbec921995c6cd3ee8475b4f7,0x3c02290922a3618a4646e3bbca65853ea45fe7c6,6920.92799999,,,,ATA,erc20,"{'value': '0x01772f2b9357c2a41c00', 'address': '0xa2120b9e674d3fc3875f415a7df52e382f141225', 'decimal': '0x12'}",{'blockTimestamp': '2023-01-31T05:51:23.000Z'}
138,0xfc25d7,0x113f5a38ca779cd3ef2cb4a6ca0f9017f4acb78abc93561deb08383f1ad3c622:log:68,0x113f5a38ca779cd3ef2cb4a6ca0f9017f4acb78abc93561deb08383f1ad3c622,0x21a31ee1afc51d94c2efccaa2092ad1028285549,0xc7e45a394902662cbec921995c6cd3ee8475b4f7,6920.92799999,,,,ATA,erc20,"{'value': '0x01772f2b9357c2a41c00', 'address': '0xa2120b9e674d3fc3875f415a7df52e382f141225', 'decimal': '0x12'}",{'blockTimestamp': '2023-01-31T05:36:47.000Z'}
139,0xfc2296,0x39ca0e7be70159510396ed6f81f7d5fe78bb655700c43f04ed9fa0ff1de90cd6:log:173,0x39ca0e7be70159510396ed6f81f7d5fe78bb655700c43f04ed9fa0ff1de90cd6,0x28c6c06298d514db089934071355e5743bf21d60,0x0896960b3896e48d7630c1ffff3f12f432d18718,40000.0,,,,ATA,erc20,"{'value': '0x0878678326eac9000000', 'address': '0xa2120b9e674d3fc3875f415a7df52e382f141225', 'decimal': '0x12'}",{'blockTimestamp': '2023-01-31T02:49:23.000Z'}
140,0xfc21d0,0x6124fc4a2b4c6ae8ac548e65620bd296805f834aeabe44761c93e871cfe0ff68:log:101,0x6124fc4a2b4c6ae8ac548e65620bd296805f834aeabe44761c93e871cfe0ff68,0xdfd5293d8e347dfe59e90efd55b2956a1343963d,0xa36cadac75fb676191d05d8a502d78053ae7afd1,750.0,,,,ATA,erc20,"{'value': '0x28a857425466f80000', 'address': '0xa2120b9e674d3fc3875f415a7df52e382f141225', 'decimal': '0x12'}",{'blockTimestamp': '2023-01-31T02:09:23.000Z'}
141,0xfc21cc,0xfed30ddb4b463d3fa4a66c52db3badcd63a6850b6bcadae0d27157e33a7094e0:log:86,0xfed30ddb4b463d3fa4a66c52db3badcd63a6850b6bcadae0d27157e33a7094e0,0x21a31ee1afc51d94c2efccaa2092ad1028285549,0xffe9be91eeee0a168d9b92abc6cb3aeaf0e76e43,1000.0,,,,ATA,erc20,"{'value': '0x3635c9adc5dea00000', 'address': '0xa2120b9e674d3fc3875f415a7df52e382f141225', 'decimal': '0x12'}",{'blockTimestamp': '2023-01-31T02:08:35.000Z'}
142,0xfc1aa1,0xda3ac154cae5bf46926971de23d10350661b5b152e78a3341ea6d0dd7f21a521:log:346,0xda3ac154cae5bf46926971de23d10350661b5b152e78a3341ea6d0dd7f21a521,0xf05e2a70346560d3228c7002194bb7c5dc8fe100,0x28c6c06298d514db089934071355e5743bf21d60,23021.0,,,,ATA,erc20,"{'value': '0x04dff88d9983bb940000', 'address': '0xa2120b9e674d3fc3875f415a7df52e382f141225', 'decimal': '0x12'}",{'blockTimestamp': '2023-01-30T20:00:11.000Z'}
143,0xfc19e3,0x03d4f97c9ee8337f67ce7a297d29be94020f919ed75f709f823aecb3d6510730:log:337,0x03d4f97c9ee8337f67ce7a297d29be94020f919ed75f709f823aecb3d6510730,0xf584f8728b874a6a5c7a8d4d387c9aae9172d621,0xf05e2a70346560d3228c7002194bb7c5dc8fe100,23021.0,,,,ATA,erc20,"{'value': '0x04dff88d9983bb940000', 'address': '0xa2120b9e674d3fc3875f415a7df52e382f141225', 'decimal': '0x12'}",{'blockTimestamp': '2023-01-30T19:21:59.000Z'}
144,0xfc16c1,0x9ff073dac7da100fb5d799ca485cb2912c4da47ab2f37277aa95d4b4634b131c:log:78,0x9ff073dac7da100fb5d799ca485cb2912c4da47ab2f37277aa95d4b4634b131c,0x28c6c06298d514db089934071355e5743bf21d60,0xdfd5293d8e347dfe59e90efd55b2956a1343963d,190189.26108281998,,,,ATA,erc20,"{'value': '0x28462e3568eed6a2a800', 'address': '0xa2120b9e674d3fc3875f415a7df52e382f141225', 'decimal': '0x12'}",{'blockTimestamp': '2023-01-30T16:40:35.000Z'}
145,0xfc14cb,0x5d8a6ff514ac576ba995932fb45ec51de0fdf9d05e856ec058add3e914ae74fb:log:135,0x5d8a6ff514ac576ba995932fb45ec51de0fdf9d05e856ec058add3e914ae74fb,0x46d707cb7a2c7dc8f07f9ea46ffc535cd8ba981e,0x28c6c06298d514db089934071355e5743bf21d60,14824.1548,,,,ATA,erc20,"{'value': '0x03239e7988dc99db0000', 'address': '0xa2120b9e674d3fc3875f415a7df52e382f141225', 'decimal': '0x12'}",{'blockTimestamp': '2023-01-30T15:00:11.000Z'}
146,0xfc143e,0xab5f659d5a38ad795bd602ab2e35be533c2067be231cfaf016e9de9265db5080:log:5,0xab5f659d5a38ad795bd602ab2e35be533c2067be231cfaf016e9de9265db5080,0x0d0707963952f2fba59dd06f2b425ace40b492fe,0x46d707cb7a2c7dc8f07f9ea46ffc535cd8ba981e,14824.1548,,,,ATA,erc20,"{'value': '0x03239e7988dc99db0000', 'address': '0xa2120b9e674d3fc3875f415a7df52e382f141225', 'decimal': '0x12'}",{'blockTimestamp': '2023-01-30T14:31:23.000Z'}
147,0xfc1439,0xf19b84b6c973fa0e2402b07f28b26096a2a2271f17beab4cb2b67216152296dc:log:1316,0xf19b84b6c973fa0e2402b07f28b26096a2a2271f17beab4cb2b67216152296dc,0xf05e2a70346560d3228c7002194bb7c5dc8fe100,0x28c6c06298d514db089934071355e5743bf21d60,55484.0,,,,ATA,erc20,"{'value': '0x0bbfcb2dc12b4d700000', 'address': '0xa2120b9e674d3fc3875f415a7df52e382f141225', 'decimal': '0x12'}",{'blockTimestamp': '2023-01-30T14:30:23.000Z'}
148,0xfc13fe,0x528e7e5c991b01a08bde57810077685dc4f467f45b8b9ea812aaabc77aaa128e:log:203,0x528e7e5c991b01a08bde57810077685dc4f467f45b8b9ea812aaabc77aaa128e,0x28c6c06298d514db089934071355e5743bf21d60,0xf584f8728b874a6a5c7a8d4d387c9aae9172d621,76288.0,,,,ATA,erc20,"{'value': '0x102794ad20da68000000', 'address': '0xa2120b9e674d3fc3875f415a7df52e382f141225', 'decimal': '0x12'}",{'blockTimestamp': '2023-01-30T14:18:35.000Z'}
149,0xfc13a0,0xf43f08cefbcbfa4d743130df40820ab39bf712e64abfbeea3330ddf323cc11bd:log:45,0xf43f08cefbcbfa4d743130df40820ab39bf712e64abfbeea3330ddf323cc11bd,0xf16e9b0d03470827a95cdfd0cb8a8a3b46969b91,0xf05e2a70346560d3228c7002194bb7c5dc8fe100,55484.0,,,,ATA,erc20,"{'value': '0x0bbfcb2dc12b4d700000', 'address': '0xa2120b9e674d3fc3875f415a7df52e382f141225', 'decimal': '0x12'}",{'blockTimestamp': '2023-01-30T13:59:47.000Z'}
150,0xfc1171,0x41eb28c6615c985d9b512bb3728ad69c0e3ac41e3274c614f224889518e721db:log:453,0x41eb28c6615c985d9b512bb3728ad69c0e3ac41e3274c614f224889518e721db,0x733c5570597e609c796399333f0a176e444386ee,0xf16e9b0d03470827a95cdfd0cb8a8a3b46969b91,34907.0,,,,ATA,erc20,"{'value': '0x07644ff062c9a08c0000', 'address': '0xa2120b9e674d3fc3875f415a7df52e382f141225', 'decimal': '0x12'}",{'blockTimestamp': '2023-01-30T12:07:23.000Z'}
151,0xfc1121,0x12c3345506ce0b07ffdcbcca3642f525930325875c51dea3b6a24b56a91e8d09:log:110,0x12c3345506ce0b07ffdcbcca3642f525930325875c51dea3b6a24b56a91e8d09,0xdfd5293d8e347dfe59e90efd55b2956a1343963d,0x733c5570597e609c796399333f0a176e444386ee,34907.0,,,,ATA,erc20,"{'value': '0x07644ff062c9a08c0000', 'address': '0xa2120b9e674d3fc3875f415a7df52e382f141225', 'decimal': '0x12'}",{'blockTimestamp': '2023-01-30T11:51:23.000Z'}
152,0xfc0e62,0xfd7308b924f75a60302cdae492378fbd970f8d0eaa7f41502a5355ba2e063325:log:367,0xfd7308b924f75a60302cdae492378fbd970f8d0eaa7f41502a5355ba2e063325,0xc7f181f89c0681ddbb8f357d3f2c3cf1a42d75ee,0x28c6c06298d514db089934071355e5743bf21d60,15000.0,,,,ATA,erc20,"{'value': '0x032d26d12e980b600000', 'address': '0xa2120b9e674d3fc3875f415a7df52e382f141225', 'decimal': '0x12'}",{'blockTimestamp': '2023-01-30T09:30:11.000Z'}
153,0xfc0dd4,0x01361650b10f4ec964d787a12e2004cb64fe1e0624aee949928ced0b1b9bd215:log:123,0x01361650b10f4ec964d787a12e2004cb64fe1e0624aee949928ced0b1b9bd215,0xbec9c6ec58a532cd8aca0af9ce28bf814651b917,0xc7f181f89c0681ddbb8f357d3f2c3cf1a42d75ee,15000.0,,,,ATA,erc20,"{'value': '0x032d26d12e980b600000', 'address': '0xa2120b9e674d3fc3875f415a7df52e382f141225', 'decimal': '0x12'}",{'blockTimestamp': '2023-01-30T09:01:47.000Z'}
154,0xfc0d06,0x8af8cda267c50e55460729c0f7e1c9953d022cd1268c211f7ac683a5fa646bdf:log:147,0x8af8cda267c50e55460729c0f7e1c9953d022cd1268c211f7ac683a5fa646bdf,0xf16e9b0d03470827a95cdfd0cb8a8a3b46969b91,0x16002dd0b0cf05ccbdbc2a8ee20f95f8d3d0b4e1,5548.94276836,,,,ATA,erc20,"{'value': '0x012ccf0ce043be771000', 'address': '0xa2120b9e674d3fc3875f415a7df52e382f141225', 'decimal': '0x12'}",{'blockTimestamp': '2023-01-30T08:20:35.000Z'}
155,0xfc0ad2,0x32449ed7f349cf133bb447672cd6352e8f4bb851c1001e7ca11901dde868318f:log:157,0x32449ed7f349cf133bb447672cd6352e8f4bb851c1001e7ca11901dde868318f,0x21a31ee1afc51d94c2efccaa2092ad1028285549,0x027996d61b0fcc4e7b3fca36c85d77355a0b4952,10016.935,,,,ATA,erc20,"{'value': '0x021f04e5fe80f97d8000', 'address': '0xa2120b9e674d3fc3875f415a7df52e382f141225', 'decimal': '0x12'}",{'blockTimestamp': '2023-01-30T06:26:59.000Z'}
156,0xfc0abc,0x8a355e65de17af5893eb0193218d890e7c8522d8585656941369684e65c8c4ea:log:141,0x8a355e65de17af5893eb0193218d890e7c8522d8585656941369684e65c8c4ea,0x28c6c06298d514db089934071355e5743bf21d60,0x027996d61b0fcc4e7b3fca36c85d77355a0b4952,9971.999999999998,,,,ATA,erc20,"{'value': '0x021c954cce1463500000', 'address': '0xa2120b9e674d3fc3875f415a7df52e382f141225', 'decimal': '0x12'}",{'blockTimestamp': '2023-01-30T06:22:35.000Z'}
157,0xfc088c,0x968a61bb0305e3c6b5914839a8649943a6a08bbb24fe564fc801342d741b012d:log:200,0x968a61bb0305e3c6b5914839a8649943a6a08bbb24fe564fc801342d741b012d,0xf05e2a70346560d3228c7002194bb7c5dc8fe100,0x28c6c06298d514db089934071355e5743bf21d60,54054.0,,,,ATA,erc20,"{'value': '0x0b7245f131a244d80000', 'address': '0xa2120b9e674d3fc3875f415a7df52e382f141225', 'decimal': '0x12'}",{'blockTimestamp': '2023-01-30T04:30:11.000Z'}
158,0xfc0856,0x00de14be04eccba7bb45799141308cd0bee5fed8777fee9b81e84f39f7f2a3d2:log:34,0x00de14be04eccba7bb45799141308cd0bee5fed8777fee9b81e84f39f7f2a3d2,0xdfd5293d8e347dfe59e90efd55b2956a1343963d,0xf584f8728b874a6a5c7a8d4d387c9aae9172d621,63759.99999999999,,,,ATA,erc20,"{'value': '0x0d806fc0290aba400000', 'address': '0xa2120b9e674d3fc3875f415a7df52e382f141225', 'decimal': '0x12'}",{'blockTimestamp': '2023-01-30T04:19:23.000Z'}
159,0xfc07f7,0xf6c36942fcb3c2deac133754aaa19133ae9d3c17ae08c8e5f45171c058d0bee1:log:148,0xf6c36942fcb3c2deac133754aaa19133ae9d3c17ae08c8e5f45171c058d0bee1,0x6cad925907a972ed76bd8ca8d62c6f197681b4d9,0x28c6c06298d514db089934071355e5743bf21d60,17899.191539941912,,,,ATA,erc20,"{'value': '0x03ca512e9f9892c86aa6', 'address': '0xa2120b9e674d3fc3875f415a7df52e382f141225', 'decimal': '0x12'}",{'blockTimestamp': '2023-01-30T04:00:11.000Z'}
160,0xfc0729,0x390b0b3cf89fbf155d8121e0fb4569435333941177ef2ffdc8b2cd2afcb13c14:log:103,0x390b0b3cf89fbf155d8121e0fb4569435333941177ef2ffdc8b2cd2afcb13c14,0xf16e9b0d03470827a95cdfd0cb8a8a3b46969b91,0xf05e2a70346560d3228c7002194bb7c5dc8fe100,54054.0,,,,ATA,erc20,"{'value': '0x0b7245f131a244d80000', 'address': '0xa2120b9e674d3fc3875f415a7df52e382f141225', 'decimal': '0x12'}",{'blockTimestamp': '2023-01-30T03:18:47.000Z'}
161,0xfc060c,0x9e9edeeb0b0342d5e0c6d3b16de6501bad0e33321c780551886bcea0e05b2290:log:618,0x9e9edeeb0b0342d5e0c6d3b16de6501bad0e33321c780551886bcea0e05b2290,0xeed44b6fd91364dd5bd6ee96d79a578531426286,0x6cad925907a972ed76bd8ca8d62c6f197681b4d9,17899.191539941912,,,,ATA,erc20,"{'value': '0x03ca512e9f9892c86aa6', 'address': '0xa2120b9e674d3fc3875f415a7df52e382f141225', 'decimal': '0x12'}",{'blockTimestamp': '2023-01-30T02:21:35.000Z'}
162,0xfc036f,0x627604923b40375a6edf05c07f1346fe58e7c4320bb0a1e9879b4136bd198c39:log:218,0x627604923b40375a6edf05c07f1346fe58e7c4320bb0a1e9879b4136bd198c39,0x733c5570597e609c796399333f0a176e444386ee,0xf16e9b0d03470827a95cdfd0cb8a8a3b46969b91,38436.0,,,,ATA,erc20,"{'value': '0x08239ea6f55822100000', 'address': '0xa2120b9e674d3fc3875f415a7df52e382f141225', 'decimal': '0x12'}",{'blockTimestamp': '2023-01-30T00:06:59.000Z'}
163,0xfc033a,0x0e5cecc430a245e01bb4be00a753e73efdf14b4452798a1e711668763c047ee5:log:47,0x0e5cecc430a245e01bb4be00a753e73efdf14b4452798a1e711668763c047ee5,0x21a31ee1afc51d94c2efccaa2092ad1028285549,0x733c5570597e609c796399333f0a176e444386ee,38436.0,,,,ATA,erc20,"{'value': '0x08239ea6f55822100000', 'address': '0xa2120b9e674d3fc3875f415a7df52e382f141225', 'decimal': '0x12'}",{'blockTimestamp': '2023-01-29T23:56:23.000Z'}
164,0xfc0295,0x62e3b305a20dfb8a9c64e4d33a285a34806db20efb957bebd67ea49aa3cdb153:log:162,0x62e3b305a20dfb8a9c64e4d33a285a34806db20efb957bebd67ea49aa3cdb153,0xa9d1e08c7793af67e9d92fe308d5697fb81d3e43,0x8c656d71bcafa7aff7c37fbd9b40a269d9e5418a,179.56651858,,,,ATA,erc20,"{'value': '0x09bbfc6d43aa7b0800', 'address': '0xa2120b9e674d3fc3875f415a7df52e382f141225', 'decimal': '0x12'}",{'blockTimestamp': '2023-01-29T23:23:11.000Z'}
165,0xfbfe32,0x371ad3d0b81b87ac86ef6b2cb0846300685d0a32f4ff859dd1ecde44cc2239b0:log:152,0x371ad3d0b81b87ac86ef6b2cb0846300685d0a32f4ff859dd1ecde44cc2239b0,0x28c6c06298d514db089934071355e5743bf21d60,0x4a0a3fe55c79e1c2a22d5173619f4ab3604cbe3f,4636.331,,,,ATA,erc20,"{'value': '0xfb5604902a63978000', 'address': '0xa2120b9e674d3fc3875f415a7df52e382f141225', 'decimal': '0x12'}",{'blockTimestamp': '2023-01-29T19:37:47.000Z'}
166,0xfbfd77,0x893c05c70c7b8ae1efda98eb7a2fa1c5e9dbb527d01a1bd7aff4b6a87d85d617:log:206,0x893c05c70c7b8ae1efda98eb7a2fa1c5e9dbb527d01a1bd7aff4b6a87d85d617,0xf05e2a70346560d3228c7002194bb7c5dc8fe100,0x28c6c06298d514db089934071355e5743bf21d60,89312.00000000001,,,,ATA,erc20,"{'value': '0x12e99cfc14be67800000', 'address': '0xa2120b9e674d3fc3875f415a7df52e382f141225', 'decimal': '0x12'}",{'blockTimestamp': '2023-01-29T19:00:11.000Z'}
167,0xfbfd43,0xcda57dd7c75c0e5b76cbd6c25f43980f93d2a7ac7b1dcedad2de3387eccebb5a:log:319,0xcda57dd7c75c0e5b76cbd6c25f43980f93d2a7ac7b1dcedad2de3387eccebb5a,0xf584f8728b874a6a5c7a8d4d387c9aae9172d621,0xf05e2a70346560d3228c7002194bb7c5dc8fe100,54342.99999999999,,,,ATA,erc20,"{'value': '0x0b81f09f72723cbc0000', 'address': '0xa2120b9e674d3fc3875f415a7df52e382f141225', 'decimal': '0x12'}",{'blockTimestamp': '2023-01-29T18:49:47.000Z'}
168,0xfbfcee,0x5b5634e41cddfce985fa3ca9ac1e9d411e4ff7753345b53487740ace899c30ae:log:225,0x5b5634e41cddfce985fa3ca9ac1e9d411e4ff7753345b53487740ace899c30ae,0xf584f8728b874a6a5c7a8d4d387c9aae9172d621,0xf05e2a70346560d3228c7002194bb7c5dc8fe100,34969.0,,,,ATA,erc20,"{'value': '0x0767ac5ca24c2ac40000', 'address': '0xa2120b9e674d3fc3875f415a7df52e382f141225', 'decimal': '0x12'}",{'blockTimestamp': '2023-01-29T18:32:47.000Z'}
169,0xfbf906,0xb38a7eac1713b982521d47b7a4b52a967a80e63cce8f98084e59b8b6d12e2295:log:21,0xb38a7eac1713b982521d47b7a4b52a967a80e63cce8f98084e59b8b6d12e2295,0xdfd5293d8e347dfe59e90efd55b2956a1343963d,0xedb3ce88b36ae048ec9cb49a9dc72487308c0e9b,4185.782,,,,ATA,erc20,"{'value': '0xe2e964f7c6c81f0000', 'address': '0xa2120b9e674d3fc3875f415a7df52e382f141225', 'decimal': '0x12'}",{'blockTimestamp': '2023-01-29T15:11:23.000Z'}
170,0xfbf83a,0xb227cd726d6cb4236d61ed1ca69f7e51ad809941b2949dafda723b956af6d239:log:217,0xb227cd726d6cb4236d61ed1ca69f7e51ad809941b2949dafda723b956af6d239,0xf05e2a70346560d3228c7002194bb7c5dc8fe100,0x28c6c06298d514db089934071355e5743bf21d60,38611.0,,,,ATA,erc20,"{'value': '0x082d1b43da278f6c0000', 'address': '0xa2120b9e674d3fc3875f415a7df52e382f141225', 'decimal': '0x12'}",{'blockTimestamp': '2023-01-29T14:30:11.000Z'}
171,0xfbf786,0xf3f945385d74b49b3527dc9a8b10b28f4c617020970e0c118f3fd6683f4b37ff:log:134,0xf3f945385d74b49b3527dc9a8b10b28f4c617020970e0c118f3fd6683f4b37ff,0xf16e9b0d03470827a95cdfd0cb8a8a3b46969b91,0xf05e2a70346560d3228c7002194bb7c5dc8fe100,38611.0,,,,ATA,erc20,"{'value': '0x082d1b43da278f6c0000', 'address': '0xa2120b9e674d3fc3875f415a7df52e382f141225', 'decimal': '0x12'}",{'blockTimestamp': '2023-01-29T13:53:35.000Z'}
172,0xfbf46a,0x0c45b61b5313f9072ccef7517428908673d76c91587af5b836e12fecc91e09ba:log:41,0x0c45b61b5313f9072ccef7517428908673d76c91587af5b836e12fecc91e09ba,0x21a31ee1afc51d94c2efccaa2092ad1028285549,0x9df6dadfb775c08a565bfa16be70e8ebf7b5e591,196.0,,,,ATA,erc20,"{'value': '0x0aa00be18c28900000', 'address': '0xa2120b9e674d3fc3875f415a7df52e382f141225', 'decimal': '0x12'}",{'blockTimestamp': '2023-01-29T11:13:59.000Z'}
173,0xfbf38f,0xe69206b82e540cdf7addd4c2abd9fb079c1cfc19869824075fae9d68c84198cb:log:200,0xe69206b82e540cdf7addd4c2abd9fb079c1cfc19869824075fae9d68c84198cb,0xf05e2a70346560d3228c7002194bb7c5dc8fe100,0x28c6c06298d514db089934071355e5743bf21d60,52372.0,,,,ATA,erc20,"{'value': '0x0b171780c94075d00000', 'address': '0xa2120b9e674d3fc3875f415a7df52e382f141225', 'decimal': '0x12'}",{'blockTimestamp': '2023-01-29T10:30:11.000Z'}
174,0xfbf311,0x3ed3cdb3c20f24ae7f2d51ea8a106b2ff2b5cdc698332bbaf9a3483ae0e6b730:log:153,0x3ed3cdb3c20f24ae7f2d51ea8a106b2ff2b5cdc698332bbaf9a3483ae0e6b730,0xf16e9b0d03470827a95cdfd0cb8a8a3b46969b91,0xf05e2a70346560d3228c7002194bb7c5dc8fe100,52372.0,,,,ATA,erc20,"{'value': '0x0b171780c94075d00000', 'address': '0xa2120b9e674d3fc3875f415a7df52e382f141225', 'decimal': '0x12'}",{'blockTimestamp': '2023-01-29T10:04:35.000Z'}
175,0xfbef9f,0xdd866d32ebca3693901d3c78a813a3cca1a71d05a6b12ac72a977fc69f6aa666:log:243,0xdd866d32ebca3693901d3c78a813a3cca1a71d05a6b12ac72a977fc69f6aa666,0x733c5570597e609c796399333f0a176e444386ee,0xf16e9b0d03470827a95cdfd0cb8a8a3b46969b91,24345.0,,,,ATA,erc20,"{'value': '0x0527bebe82a974c40000', 'address': '0xa2120b9e674d3fc3875f415a7df52e382f141225', 'decimal': '0x12'}",{'blockTimestamp': '2023-01-29T07:06:35.000Z'}
176,0xfbef08,0x503e13f2f61138fd9cbb9a15f2542b4685b522cf226c33d999b6f062079558a4:log:137,0x503e13f2f61138fd9cbb9a15f2542b4685b522cf226c33d999b6f062079558a4,0x28c6c06298d514db089934071355e5743bf21d60,0x733c5570597e609c796399333f0a176e444386ee,24345.0,,,,ATA,erc20,"{'value': '0x0527bebe82a974c40000', 'address': '0xa2120b9e674d3fc3875f415a7df52e382f141225', 'decimal': '0x12'}",{'blockTimestamp': '2023-01-29T06:36:11.000Z'}
177,0xfbe931,0x6eaff1fc0ce79e0f62b13fe5f54d8547846ebd9091b8c76139b69e0b6d92e39a:log:64,0x6eaff1fc0ce79e0f62b13fe5f54d8547846ebd9091b8c76139b69e0b6d92e39a,0x28c6c06298d514db089934071355e5743bf21d60,0x95b564f3b3bae3f206aa418667ba000afafacc8a,501641.11,,,,ATA,erc20,"{'value': '0x6a3a04e1587d9dcf0000', 'address': '0xa2120b9e674d3fc3875f415a7df52e382f141225', 'decimal': '0x12'}",{'blockTimestamp': '2023-01-29T01:35:47.000Z'}
178,0xfbdfc1,0x6e395b9e58c4e8e05a1195660b3eac5f4d245a6376ad63e8559297963ff0c1e7:log:163,0x6e395b9e58c4e8e05a1195660b3eac5f4d245a6376ad63e8559297963ff0c1e7,0xc7f181f89c0681ddbb8f357d3f2c3cf1a42d75ee,0x28c6c06298d514db089934071355e5743bf21d60,4375.243524278782,,,,ATA,erc20,"{'value': '0xed2eb3844c40f7fb80', 'address': '0xa2120b9e674d3fc3875f415a7df52e382f141225', 'decimal': '0x12'}",{'blockTimestamp': '2023-01-28T17:30:11.000Z'}
179,0xfbdf15,0x674dfd77b7c3c86c69ac21d6960ba225d460423aec418cb751083400bf94cf67:log:89,0x674dfd77b7c3c86c69ac21d6960ba225d460423aec418cb751083400bf94cf67,0xbec9c6ec58a532cd8aca0af9ce28bf814651b917,0xc7f181f89c0681ddbb8f357d3f2c3cf1a42d75ee,4375.243524278782,,,,ATA,erc20,"{'value': '0xed2eb3844c40f7fb80', 'address': '0xa2120b9e674d3fc3875f415a7df52e382f141225', 'decimal': '0x12'}",{'blockTimestamp': '2023-01-28T16:55:23.000Z'}
180,0xfbdb0e,0xa7709347bf4902864bcf068ca5ef7a4e9d68a75ff3da8bdd317c6d5c714c6651:log:54,0xa7709347bf4902864bcf068ca5ef7a4e9d68a75ff3da8bdd317c6d5c714c6651,0x21a31ee1afc51d94c2efccaa2092ad1028285549,0xec7dd94a07cdc8f96baf5545bfe7b4e2563cc95d,368.604,,,,ATA,erc20,"{'value': '0x13fb68790d64160000', 'address': '0xa2120b9e674d3fc3875f415a7df52e382f141225', 'decimal': '0x12'}",{'blockTimestamp': '2023-01-28T13:28:47.000Z'}
181,0xfbd3a2,0xfc07ad7bda71fd5d83774cccb421c0046fed53517cff00f3c3a5e754ef06517c:log:189,0xfc07ad7bda71fd5d83774cccb421c0046fed53517cff00f3c3a5e754ef06517c,0x733c5570597e609c796399333f0a176e444386ee,0xf16e9b0d03470827a95cdfd0cb8a8a3b46969b91,61557.0,,,,ATA,erc20,"{'value': '0x0d0902fbed0940b40000', 'address': '0xa2120b9e674d3fc3875f415a7df52e382f141225', 'decimal': '0x12'}",{'blockTimestamp': '2023-01-28T07:07:11.000Z'}
182,0xfbd35d,0x760c96e76806a6465ea86fe0716593dc30d0f51fe4d1c8963bf3f7924b22552d:log:41,0x760c96e76806a6465ea86fe0716593dc30d0f51fe4d1c8963bf3f7924b22552d,0x28c6c06298d514db089934071355e5743bf21d60,0x733c5570597e609c796399333f0a176e444386ee,61557.0,,,,ATA,erc20,"{'value': '0x0d0902fbed0940b40000', 'address': '0xa2120b9e674d3fc3875f415a7df52e382f141225', 'decimal': '0x12'}",{'blockTimestamp': '2023-01-28T06:53:23.000Z'}
183,0xfbd1bd,0x5ff90a650358f69c6ba03de41b4c2060db779ea7de1368791d0e64832c561abb:log:154,0x5ff90a650358f69c6ba03de41b4c2060db779ea7de1368791d0e64832c561abb,0xc7f181f89c0681ddbb8f357d3f2c3cf1a42d75ee,0x28c6c06298d514db089934071355e5743bf21d60,4982.999999998779,,,,ATA,erc20,"{'value': '0x010e210442eef2b504c0', 'address': '0xa2120b9e674d3fc3875f415a7df52e382f141225', 'decimal': '0x12'}",{'blockTimestamp': '2023-01-28T05:30:11.000Z'}
184,0xfbd1bd,0x1bbc1f9dee5c2a21944a37b376fe065075f1d14b3e68778e06bb1107d1793b68:log:153,0x1bbc1f9dee5c2a21944a37b376fe065075f1d14b3e68778e06bb1107d1793b68,0xf05e2a70346560d3228c7002194bb7c5dc8fe100,0x28c6c06298d514db089934071355e5743bf21d60,96781.0,,,,ATA,erc20,"{'value': '0x147e822e8c4928140000', 'address': '0xa2120b9e674d3fc3875f415a7df52e382f141225', 'decimal': '0x12'}",{'blockTimestamp': '2023-01-28T05:30:11.000Z'}
185,0xfbd1b8,0x73e84139152edc94bfe4f90e4294cfad3d24e20af7c1327f21ddeae5c12cf345:log:341,0x73e84139152edc94bfe4f90e4294cfad3d24e20af7c1327f21ddeae5c12cf345,0xf584f8728b874a6a5c7a8d4d387c9aae9172d621,0xf05e2a70346560d3228c7002194bb7c5dc8fe100,50582.0,,,,ATA,erc20,"{'value': '0x0ab60e434d1408980000', 'address': '0xa2120b9e674d3fc3875f415a7df52e382f141225', 'decimal': '0x12'}",{'blockTimestamp': '2023-01-28T05:29:11.000Z'}
186,0xfbd130,0xcf6241a055de1e499d5cdee15669fa6b201043bceca1cc44157de6822b1d6838:log:577,0xcf6241a055de1e499d5cdee15669fa6b201043bceca1cc44157de6822b1d6838,0xf584f8728b874a6a5c7a8d4d387c9aae9172d621,0xf05e2a70346560d3228c7002194bb7c5dc8fe100,46199.0,,,,ATA,erc20,"{'value': '0x09c873eb3f351f7c0000', 'address': '0xa2120b9e674d3fc3875f415a7df52e382f141225', 'decimal': '0x12'}",{'blockTimestamp': '2023-01-28T05:01:35.000Z'}
187,0xfbd12c,0xe82cb451b75a6bf0166f265357ce0ff64e26d29e5199b609717b1cc70280c860:log:9,0xe82cb451b75a6bf0166f265357ce0ff64e26d29e5199b609717b1cc70280c860,0xbec9c6ec58a532cd8aca0af9ce28bf814651b917,0xc7f181f89c0681ddbb8f357d3f2c3cf1a42d75ee,4982.999999998779,,,,ATA,erc20,"{'value': '0x010e210442eef2b504c0', 'address': '0xa2120b9e674d3fc3875f415a7df52e382f141225', 'decimal': '0x12'}",{'blockTimestamp': '2023-01-28T05:00:35.000Z'}
188,0xfbcd17,0x010f1e56283d26e7a0a98c9753e20f2ab4a24d665b53f297ca84925400141737:log:47,0x010f1e56283d26e7a0a98c9753e20f2ab4a24d665b53f297ca84925400141737,0xdfd5293d8e347dfe59e90efd55b2956a1343963d,0xbec9c6ec58a532cd8aca0af9ce28bf814651b917,6577.27808282,,,,ATA,erc20,"{'value': '0x01648e11d06978612800', 'address': '0xa2120b9e674d3fc3875f415a7df52e382f141225', 'decimal': '0x12'}",{'blockTimestamp': '2023-01-28T01:30:47.000Z'}
189,0xfbcc7e,0xc894221bfed53c57e86473749912a0549498679b51076112caa154202242f221:log:228,0xc894221bfed53c57e86473749912a0549498679b51076112caa154202242f221,0x649ae85d11017ac43f0cbab561982e0c9ceeda1f,0x28c6c06298d514db089934071355e5743bf21d60,7635.24831197929,,,,ATA,erc20,"{'value': '0x019de85b1e77426d11fb', 'address': '0xa2120b9e674d3fc3875f415a7df52e382f141225', 'decimal': '0x12'}",{'blockTimestamp': '2023-01-28T01:00:11.000Z'}
190,0xfbcc0e,0xfbd3b2bdb41488bb487ed4f981fc6f740954068637c46d092f8db2a0f91eddb4:log:260,0xfbd3b2bdb41488bb487ed4f981fc6f740954068637c46d092f8db2a0f91eddb4,0x1bad1270426b8059a783704308cec80753de0b38,0x649ae85d11017ac43f0cbab561982e0c9ceeda1f,7635.24831197929,,,,ATA,erc20,"{'value': '0x019de85b1e77426d11fb', 'address': '0xa2120b9e674d3fc3875f415a7df52e382f141225', 'decimal': '0x12'}",{'blockTimestamp': '2023-01-28T00:37:35.000Z'}
191,0xfbcc0a,0xfee04396c7e2443c421993cbd86a1c8c1817ce2d1e10ce7858a3bbd3a1cd2914:log:41,0xfee04396c7e2443c421993cbd86a1c8c1817ce2d1e10ce7858a3bbd3a1cd2914,0x40ec5b33f54e0e8a33a975908c5ba1c14e5bbbdf,0x1bad1270426b8059a783704308cec80753de0b38,7635.24831197929,,,,ATA,erc20,"{'value': '0x019de85b1e77426d11fb', 'address': '0xa2120b9e674d3fc3875f415a7df52e382f141225', 'decimal': '0x12'}",{'blockTimestamp': '2023-01-28T00:36:47.000Z'}
192,0xfbcbea,0x46b7bda9b54632c007d5617bcc754e35585e2a0a6500bb71a522fbc116049c6e:log:155,0x46b7bda9b54632c007d5617bcc754e35585e2a0a6500bb71a522fbc116049c6e,0xf05e2a70346560d3228c7002194bb7c5dc8fe100,0x28c6c06298d514db089934071355e5743bf21d60,45268.0,,,,ATA,erc20,"{'value': '0x0995fbb2cfdb5ed00000', 'address': '0xa2120b9e674d3fc3875f415a7df52e382f141225', 'decimal': '0x12'}",{'blockTimestamp': '2023-01-28T00:30:11.000Z'}
193,0xfbcb6b,0x6910e34eccf6774ba6ae48b3964def73b68bec5fa0f76f4c61cd0b852f632fb2:log:726,0x6910e34eccf6774ba6ae48b3964def73b68bec5fa0f76f4c61cd0b852f632fb2,0xf584f8728b874a6a5c7a8d4d387c9aae9172d621,0xf05e2a70346560d3228c7002194bb7c5dc8fe100,45268.0,,,,ATA,erc20,"{'value': '0x0995fbb2cfdb5ed00000', 'address': '0xa2120b9e674d3fc3875f415a7df52e382f141225', 'decimal': '0x12'}",{'blockTimestamp': '2023-01-28T00:04:35.000Z'}
194,0xfbbfae,0x1a44845826824d5ab7b81a418bcd287330367aec6e026e5da9ee6ef4fea958e1:log:498,0x1a44845826824d5ab7b81a418bcd287330367aec6e026e5da9ee6ef4fea958e1,0xf05e2a70346560d3228c7002194bb7c5dc8fe100,0x28c6c06298d514db089934071355e5743bf21d60,37657.0,,,,ATA,erc20,"{'value': '0x07f963db00a9c4c40000', 'address': '0xa2120b9e674d3fc3875f415a7df52e382f141225', 'decimal': '0x12'}",{'blockTimestamp': '2023-01-27T14:00:11.000Z'}
195,0xfbbf88,0x9c1cf26dec5f717f04afd61af44ceda1a225b50daeb4238806fc7c7a27d7ea4d:log:86,0x9c1cf26dec5f717f04afd61af44ceda1a225b50daeb4238806fc7c7a27d7ea4d,0xf16e9b0d03470827a95cdfd0cb8a8a3b46969b91,0xf05e2a70346560d3228c7002194bb7c5dc8fe100,37657.0,,,,ATA,erc20,"{'value': '0x07f963db00a9c4c40000', 'address': '0xa2120b9e674d3fc3875f415a7df52e382f141225', 'decimal': '0x12'}",{'blockTimestamp': '2023-01-27T13:52:35.000Z'}
196,0xfbbb06,0x0e8cc547242995aa9cefa3bc7cf707391bb14c82367deea981efbf8af25d3984:log:344,0x0e8cc547242995aa9cefa3bc7cf707391bb14c82367deea981efbf8af25d3984,0xe85572b90d564f2f1c430ce22285c0de82df0972,0x28c6c06298d514db089934071355e5743bf21d60,121999.0,,,,ATA,erc20,"{'value': '0x19d5943c199870dc0000', 'address': '0xa2120b9e674d3fc3875f415a7df52e382f141225', 'decimal': '0x12'}",{'blockTimestamp': '2023-01-27T10:00:11.000Z'}
197,0xfbbb06,0x26c63293cfaeed4a51f9080d0b0e917e93026e16c2c76805267ed9320c5d9fa5:log:342,0x26c63293cfaeed4a51f9080d0b0e917e93026e16c2c76805267ed9320c5d9fa5,0x745bfd92fed08ecabba8c6a3a540765b840eddd0,0x28c6c06298d514db089934071355e5743bf21d60,79855.22875823,,,,ATA,erc20,"{'value': '0x10e8f5eb8879b0f4dc00', 'address': '0xa2120b9e674d3fc3875f415a7df52e382f141225', 'decimal': '0x12'}",{'blockTimestamp': '2023-01-27T10:00:11.000Z'}
198,0xfbbada,0x9420c513a23a7b54d585a9684c3b8779116b8744011ca0565bc6e9b08a3b41ed:log:47,0x9420c513a23a7b54d585a9684c3b8779116b8744011ca0565bc6e9b08a3b41ed,0x83fc86c5e4e846d1a3526b47801130679bc00e6a,0xe85572b90d564f2f1c430ce22285c0de82df0972,121999.0,,,,ATA,erc20,"{'value': '0x19d5943c199870dc0000', 'address': '0xa2120b9e674d3fc3875f415a7df52e382f141225', 'decimal': '0x12'}",{'blockTimestamp': '2023-01-27T09:51:23.000Z'}
199,0xfbba6d,0x151950e616ac427dcf5660563fe9774f7b0ca8292211eeec5d5e359d2b41f2bf:log:47,0x151950e616ac427dcf5660563fe9774f7b0ca8292211eeec5d5e359d2b41f2bf,0x8f29fcfc257852c2d3707d0f12b1cbe1edc54d1b,0x745bfd92fed08ecabba8c6a3a540765b840eddd0,79855.22875823,,,,ATA,erc20,"{'value': '0x10e8f5eb8879b0f4dc00', 'address': '0xa2120b9e674d3fc3875f415a7df52e382f141225', 'decimal': '0x12'}",{'blockTimestamp': '2023-01-27T09:29:35.000Z'}
200,0xfbb812,0x3206874378eb35641296291ddfa8f6d39051b9467570ebf49af1e62db0b2474d:log:203,0x3206874378eb35641296291ddfa8f6d39051b9467570ebf49af1e62db0b2474d,0x7dd8364b72f8e709c3d77986bec00b6a76759d0c,0xeed44b6fd91364dd5bd6ee96d79a578531426286,1900.0,,,,ATA,erc20,"{'value': '0x66ffcbfd5e5a300000', 'address': '0xa2120b9e674d3fc3875f415a7df52e382f141225', 'decimal': '0x12'}",{'blockTimestamp': '2023-01-27T07:27:47.000Z'}
201,0xfbb78c,0xf675ca796d530c4b219e809fcdce3188c4ad9e376b78268cd65dd8f1fc56bbe9:log:725,0xf675ca796d530c4b219e809fcdce3188c4ad9e376b78268cd65dd8f1fc56bbe9,0xf05e2a70346560d3228c7002194bb7c5dc8fe100,0x28c6c06298d514db089934071355e5743bf21d60,43499.0,,,,ATA,erc20,"{'value': '0x093615e4506baccc0000', 'address': '0xa2120b9e674d3fc3875f415a7df52e382f141225', 'decimal': '0x12'}",{'blockTimestamp': '2023-01-27T07:00:11.000Z'}
202,0xfbb745,0xb34fd15eefebec468406e188289b0b96e93fe823b1897a4545b4c86b7981b5f2:log:400,0xb34fd15eefebec468406e188289b0b96e93fe823b1897a4545b4c86b7981b5f2,0xf584f8728b874a6a5c7a8d4d387c9aae9172d621,0xf05e2a70346560d3228c7002194bb7c5dc8fe100,43499.0,,,,ATA,erc20,"{'value': '0x093615e4506baccc0000', 'address': '0xa2120b9e674d3fc3875f415a7df52e382f141225', 'decimal': '0x12'}",{'blockTimestamp': '2023-01-27T06:45:47.000Z'}
203,0xfbb065,0x9ee40f8b096c49289242e14e80898ebb08e01a8f5f7ba782f326d9bc0ea6ba4f:log:88,0x9ee40f8b096c49289242e14e80898ebb08e01a8f5f7ba782f326d9bc0ea6ba4f,0x21a31ee1afc51d94c2efccaa2092ad1028285549,0xa1dc1adea0078bfdd58a12e59ca96ed34a55b985,995.0550000000001,,,,ATA,erc20,"{'value': '0x35f129827900518000', 'address': '0xa2120b9e674d3fc3875f415a7df52e382f141225', 'decimal': '0x12'}",{'blockTimestamp': '2023-01-27T00:51:47.000Z'}
204,0xfbb05c,0xef15c282f8d9ade41e51bdcd3c290a84e87fcf39b4e55ae2b1cc2ff0c128ab52:log:48,0xef15c282f8d9ade41e51bdcd3c290a84e87fcf39b4e55ae2b1cc2ff0c128ab52,0x28c6c06298d514db089934071355e5743bf21d60,0xa1dc1adea0078bfdd58a12e59ca96ed34a55b985,30.0,,,,ATA,erc20,"{'value': '0x01a055690d9db80000', 'address': '0xa2120b9e674d3fc3875f415a7df52e382f141225', 'decimal': '0x12'}",{'blockTimestamp': '2023-01-27T00:49:59.000Z'}
205,0xfbaed0,0xea22ed580b6c413a06212ff56324c87e86ed364012b37d5876a0b8b96ef3a609:log:280,0xea22ed580b6c413a06212ff56324c87e86ed364012b37d5876a0b8b96ef3a609,0x649ae85d11017ac43f0cbab561982e0c9ceeda1f,0x28c6c06298d514db089934071355e5743bf21d60,8017.068306702206,,,,ATA,erc20,"{'value': '0x01b29b2c3cb2836f5297', 'address': '0xa2120b9e674d3fc3875f415a7df52e382f141225', 'decimal': '0x12'}",{'blockTimestamp': '2023-01-26T23:30:35.000Z'}
206,0xfbae84,0x894f0c89c550951560b1112509765d3d47ea30cb51d2c72095043e5d65a416ae:log:1193,0x894f0c89c550951560b1112509765d3d47ea30cb51d2c72095043e5d65a416ae,0x1bad1270426b8059a783704308cec80753de0b38,0x649ae85d11017ac43f0cbab561982e0c9ceeda1f,8017.068306702206,,,,ATA,erc20,"{'value': '0x01b29b2c3cb2836f5297', 'address': '0xa2120b9e674d3fc3875f415a7df52e382f141225', 'decimal': '0x12'}",{'blockTimestamp': '2023-01-26T23:15:23.000Z'}
207,0xfbada7,0x4ebb09071c65b305b279dc126f7c04fd27a032d0c480decb906f50d874813732:log:192,0x4ebb09071c65b305b279dc126f7c04fd27a032d0c480decb906f50d874813732,0x909e27c1043429dcd8b75dd89cfd2d3b94b567f2,0x297af885fefbbb458c9603aea78d9fffc50ee583,808.0,,,,ATA,erc20,"{'value': '0x2bcd40a70853a00000', 'address': '0xa2120b9e674d3fc3875f415a7df52e382f141225', 'decimal': '0x12'}",{'blockTimestamp': '2023-01-26T22:31:11.000Z'}
208,0xfba98d,0x310dabb3e2230d4f7d524b468c02e4be337b0e8572144df5a19054cbcffa7920:log:374,0x310dabb3e2230d4f7d524b468c02e4be337b0e8572144df5a19054cbcffa7920,0xf05e2a70346560d3228c7002194bb7c5dc8fe100,0x28c6c06298d514db089934071355e5743bf21d60,28942.999999999996,,,,ATA,erc20,"{'value': '0x062100d00169f2dc0000', 'address': '0xa2120b9e674d3fc3875f415a7df52e382f141225', 'decimal': '0x12'}",{'blockTimestamp': '2023-01-26T19:00:11.000Z'}
209,0xfba970,0x1764d925a7d07bd168e193650e8b00a4ff356c1fb88351a5f05944350ee36b6e:log:350,0x1764d925a7d07bd168e193650e8b00a4ff356c1fb88351a5f05944350ee36b6e,0xf584f8728b874a6a5c7a8d4d387c9aae9172d621,0xf05e2a70346560d3228c7002194bb7c5dc8fe100,28942.999999999996,,,,ATA,erc20,"{'value': '0x062100d00169f2dc0000', 'address': '0xa2120b9e674d3fc3875f415a7df52e382f141225', 'decimal': '0x12'}",{'blockTimestamp': '2023-01-26T18:54:23.000Z'}
210,0xfba425,0xbeafd0499539c8430ccf52d98b6620dcbae938f38674ad606479b2dc4c1114ac:log:43,0xbeafd0499539c8430ccf52d98b6620dcbae938f38674ad606479b2dc4c1114ac,0xdfd5293d8e347dfe59e90efd55b2956a1343963d,0x83fc86c5e4e846d1a3526b47801130679bc00e6a,121999.0,,,,ATA,erc20,"{'value': '0x19d5943c199870dc0000', 'address': '0xa2120b9e674d3fc3875f415a7df52e382f141225', 'decimal': '0x12'}",{'blockTimestamp': '2023-01-26T14:22:23.000Z'}
211,0xfba00b,0xe65f3e744e54649a5fe112f8d0dd6d4376549177a19c408dd4798fa4537a359c:log:91,0xe65f3e744e54649a5fe112f8d0dd6d4376549177a19c408dd4798fa4537a359c,0xf431666bdc13d00bc0d2661ef756755f0c7086dd,0x3c02290922a3618a4646e3bbca65853ea45fe7c6,11560.0,,,,ATA,erc20,"{'value': '0x0272ab3a207ebba00000', 'address': '0xa2120b9e674d3fc3875f415a7df52e382f141225', 'decimal': '0x12'}",{'blockTimestamp': '2023-01-26T10:51:23.000Z'}
212,0xfba00b,0xced7fb4f2e2541668683ab210f65b4a3c4abfc03419d31dd5cdfd60024b9a35b:log:86,0xced7fb4f2e2541668683ab210f65b4a3c4abfc03419d31dd5cdfd60024b9a35b,0xd8d254c518abbf990db81ebeb5d7dcf2b0316b39,0x3c02290922a3618a4646e3bbca65853ea45fe7c6,19950.30574018,,,,ATA,erc20,"{'value': '0x0439821c1971996ec800', 'address': '0xa2120b9e674d3fc3875f415a7df52e382f141225', 'decimal': '0x12'}",{'blockTimestamp': '2023-01-26T10:51:23.000Z'}
213,0xfba00b,0xc685f62cac440e9c3cf973b66434813920672d0ac2eb3c4b44394632b6dbb129:log:84,0xc685f62cac440e9c3cf973b66434813920672d0ac2eb3c4b44394632b6dbb129,0x19ba25635c49c910313715b5f6937781d43b6582,0x3c02290922a3618a4646e3bbca65853ea45fe7c6,23519.397,,,,ATA,erc20,"{'value': '0x04fafd337064e3f08000', 'address': '0xa2120b9e674d3fc3875f415a7df52e382f141225', 'decimal': '0x12'}",{'blockTimestamp': '2023-01-26T10:51:23.000Z'}
214,0xfb9fe1,0xbaa90ad962548ca86a0e6b1c982c5ef156229d0bd010c76279c3597ede00f2aa:log:72,0xbaa90ad962548ca86a0e6b1c982c5ef156229d0bd010c76279c3597ede00f2aa,0xbacebc0ba0291b8fd11e2933ea7ba53149311332,0x28c6c06298d514db089934071355e5743bf21d60,22370.266868910003,,,,ATA,erc20,"{'value': '0x04bcb1d11a85266d4c00', 'address': '0xa2120b9e674d3fc3875f415a7df52e382f141225', 'decimal': '0x12'}",{'blockTimestamp': '2023-01-26T10:42:59.000Z'}
215,0xfb9fc0,0xc62b279b95fd774020f1d78aac1f948558d3f1346170b0b8a148c977a63eb3a4:log:147,0xc62b279b95fd774020f1d78aac1f948558d3f1346170b0b8a148c977a63eb3a4,0x3c02290922a3618a4646e3bbca65853ea45fe7c6,0xbacebc0ba0291b8fd11e2933ea7ba53149311332,22370.266868910003,,,,ATA,erc20,"{'value': '0x04bcb1d11a85266d4c00', 'address': '0xa2120b9e674d3fc3875f415a7df52e382f141225', 'decimal': '0x12'}",{'blockTimestamp': '2023-01-26T10:36:23.000Z'}
216,0xfb9f71,0x4ea735ce3ebd1d1bd2025b18540aeaeb04027eadd1d5e720d7e69b305ee7759a:log:109,0x4ea735ce3ebd1d1bd2025b18540aeaeb04027eadd1d5e720d7e69b305ee7759a,0x28c6c06298d514db089934071355e5743bf21d60,0x21a31ee1afc51d94c2efccaa2092ad1028285549,231254.84800000003,,,,ATA,erc20,"{'value': '0x30f859b5c74dc9200000', 'address': '0xa2120b9e674d3fc3875f415a7df52e382f141225', 'decimal': '0x12'}",{'blockTimestamp': '2023-01-26T10:20:35.000Z'}
217,0xfb9f63,0xdb9213c4d6d0ebaa58768a2fae26cc5635c6d58b25d1a0c85ec1af165e87088f:log:150,0xdb9213c4d6d0ebaa58768a2fae26cc5635c6d58b25d1a0c85ec1af165e87088f,0x21a31ee1afc51d94c2efccaa2092ad1028285549,0xf431666bdc13d00bc0d2661ef756755f0c7086dd,11560.0,,,,ATA,erc20,"{'value': '0x0272ab3a207ebba00000', 'address': '0xa2120b9e674d3fc3875f415a7df52e382f141225', 'decimal': '0x12'}",{'blockTimestamp': '2023-01-26T10:17:47.000Z'}
218,0xfb9f61,0xcac5827a69299c0c3f880e6c9be5474bd77ca3a97babaaffc3da0747e427edb5:log:40,0xcac5827a69299c0c3f880e6c9be5474bd77ca3a97babaaffc3da0747e427edb5,0x28c6c06298d514db089934071355e5743bf21d60,0xd8d254c518abbf990db81ebeb5d7dcf2b0316b39,19950.30574018,,,,ATA,erc20,"{'value': '0x0439821c1971996ec800', 'address': '0xa2120b9e674d3fc3875f415a7df52e382f141225', 'decimal': '0x12'}",{'blockTimestamp': '2023-01-26T10:17:23.000Z'}
219,0xfb9f5c,0x13f7864b3260303b31395c1b3670ac2fafce5e0cda732631a923c24c43406004:log:46,0x13f7864b3260303b31395c1b3670ac2fafce5e0cda732631a923c24c43406004,0xdfd5293d8e347dfe59e90efd55b2956a1343963d,0x19ba25635c49c910313715b5f6937781d43b6582,11757.201,,,,ATA,erc20,"{'value': '0x027d5bf0d12deb6e8000', 'address': '0xa2120b9e674d3fc3875f415a7df52e382f141225', 'decimal': '0x12'}",{'blockTimestamp': '2023-01-26T10:16:23.000Z'}
220,0xfb9f5a,0xbb1f15065717e2512ded85d000aaa6428fe7b2ac244f3a4162b77d2c326231c1:log:116,0xbb1f15065717e2512ded85d000aaa6428fe7b2ac244f3a4162b77d2c326231c1,0x21a31ee1afc51d94c2efccaa2092ad1028285549,0x19ba25635c49c910313715b5f6937781d43b6582,11762.196,,,,ATA,erc20,"{'value': '0x027da1429f36f8820000', 'address': '0xa2120b9e674d3fc3875f415a7df52e382f141225', 'decimal': '0x12'}",{'blockTimestamp': '2023-01-26T10:15:59.000Z'}
221,0xfb9b80,0xdbecf7c08a2d9207bb0677b054e9e9c2a933ea94125c7bc09475d23c74e45ea6:log:138,0xdbecf7c08a2d9207bb0677b054e9e9c2a933ea94125c7bc09475d23c74e45ea6,0x7d7945111163514202a16428c1dca94a0e6b564c,0x10e8c5022ad15495af7295dd78985b206cd10ea7,494.79497385,,,,ATA,erc20,"{'value': '0x1ad2a8df2e31f18400', 'address': '0xa2120b9e674d3fc3875f415a7df52e382f141225', 'decimal': '0x12'}",{'blockTimestamp': '2023-01-26T06:57:47.000Z'}
222,0xfb9af9,0xa6eabfc8fbe6f0ff5b8d7817b72ae6670e8c06f7fa1fd5d818089bc964d5d026:log:348,0xa6eabfc8fbe6f0ff5b8d7817b72ae6670e8c06f7fa1fd5d818089bc964d5d026,0xf05e2a70346560d3228c7002194bb7c5dc8fe100,0x28c6c06298d514db089934071355e5743bf21d60,40580.0,,,,ATA,erc20,"{'value': '0x0897d8a115f207900000', 'address': '0xa2120b9e674d3fc3875f415a7df52e382f141225', 'decimal': '0x12'}",{'blockTimestamp': '2023-01-26T06:30:11.000Z'}
223,0xfb9a7c,0xfd3db094d010fe55b8d946df57ab76fba58d61d03c78f685b14d5162cb3f32a8:log:304,0xfd3db094d010fe55b8d946df57ab76fba58d61d03c78f685b14d5162cb3f32a8,0xf584f8728b874a6a5c7a8d4d387c9aae9172d621,0xf05e2a70346560d3228c7002194bb7c5dc8fe100,40580.0,,,,ATA,erc20,"{'value': '0x0897d8a115f207900000', 'address': '0xa2120b9e674d3fc3875f415a7df52e382f141225', 'decimal': '0x12'}",{'blockTimestamp': '2023-01-26T06:04:35.000Z'}
224,0xfb98a4,0x7ef1635be087e2f9b8bfdc1d26603d2e25096d5148859140fbeb88b5969b2e99:log:242,0x7ef1635be087e2f9b8bfdc1d26603d2e25096d5148859140fbeb88b5969b2e99,0xc7f181f89c0681ddbb8f357d3f2c3cf1a42d75ee,0x28c6c06298d514db089934071355e5743bf21d60,7730.432241508783,,,,ATA,erc20,"{'value': '0x01a3114c5e111db0e8a0', 'address': '0xa2120b9e674d3fc3875f415a7df52e382f141225', 'decimal': '0x12'}",{'blockTimestamp': '2023-01-26T04:30:11.000Z'}
225,0xfb9841,0x483702f6a5450137e28f6b1785a96f0fc4993416e4474bb6c13578938837f736:log:98,0x483702f6a5450137e28f6b1785a96f0fc4993416e4474bb6c13578938837f736,0xbec9c6ec58a532cd8aca0af9ce28bf814651b917,0xc7f181f89c0681ddbb8f357d3f2c3cf1a42d75ee,7730.432241508783,,,,ATA,erc20,"{'value': '0x01a3114c5e111db0e8a0', 'address': '0xa2120b9e674d3fc3875f415a7df52e382f141225', 'decimal': '0x12'}",{'blockTimestamp': '2023-01-26T04:10:23.000Z'}
226,0xfb95d2,0x3567192d55c40933d3c839915049c8b0b0e348377738cc52667f3d2a525bd6e4:log:120,0x3567192d55c40933d3c839915049c8b0b0e348377738cc52667f3d2a525bd6e4,0x28c6c06298d514db089934071355e5743bf21d60,0xf584f8728b874a6a5c7a8d4d387c9aae9172d621,57677.0,,,,ATA,erc20,"{'value': '0x0c36ad2ada283d140000', 'address': '0xa2120b9e674d3fc3875f415a7df52e382f141225', 'decimal': '0x12'}",{'blockTimestamp': '2023-01-26T02:04:35.000Z'}
227,0xfb91a8,0x914bb0b0f97785419db1498803c56fc589eb5ff5b625eaa7628e34649dba57a4:log:1050,0x914bb0b0f97785419db1498803c56fc589eb5ff5b625eaa7628e34649dba57a4,0xe85572b90d564f2f1c430ce22285c0de82df0972,0x28c6c06298d514db089934071355e5743bf21d60,199999.99999999997,,,,ATA,erc20,"{'value': '0x2a5a058fc295ed000000', 'address': '0xa2120b9e674d3fc3875f415a7df52e382f141225', 'decimal': '0x12'}",{'blockTimestamp': '2023-01-25T22:30:11.000Z'}
228,0xfb913e,0x31ce0657275b5d27ced1322d0172d6ae2c04732fc87a5e68aba681107fd10b58:log:80,0x31ce0657275b5d27ced1322d0172d6ae2c04732fc87a5e68aba681107fd10b58,0x83fc86c5e4e846d1a3526b47801130679bc00e6a,0xe85572b90d564f2f1c430ce22285c0de82df0972,199999.99999999997,,,,ATA,erc20,"{'value': '0x2a5a058fc295ed000000', 'address': '0xa2120b9e674d3fc3875f415a7df52e382f141225', 'decimal': '0x12'}",{'blockTimestamp': '2023-01-25T22:08:59.000Z'}
229,0xfb8f5a,0x9fd9040b1c9ea9a95d339237513e7c858d5f46f1a97d28d00c9be7eb95a69eee:log:206,0x9fd9040b1c9ea9a95d339237513e7c858d5f46f1a97d28d00c9be7eb95a69eee,0x95b564f3b3bae3f206aa418667ba000afafacc8a,0xfb8f6a389c6b7700837911bd99cbac6f475b98b5,961.0,,,,ATA,erc20,"{'value': '0x34188dd8675e640000', 'address': '0xa2120b9e674d3fc3875f415a7df52e382f141225', 'decimal': '0x12'}",{'blockTimestamp': '2023-01-25T20:30:59.000Z'}
230,0xfb8f56,0x0e7eae5ff84a40fa8acdcc1775ce40c5c67a92b4c1c4791982844005ff1327ad:log:205,0x0e7eae5ff84a40fa8acdcc1775ce40c5c67a92b4c1c4791982844005ff1327ad,0xd18774c5c14fb262e986418a05bbcfe547b59f70,0x28c6c06298d514db089934071355e5743bf21d60,4677.0,,,,ATA,erc20,"{'value': '0xfd8a69e03125f40000', 'address': '0xa2120b9e674d3fc3875f415a7df52e382f141225', 'decimal': '0x12'}",{'blockTimestamp': '2023-01-25T20:30:11.000Z'}
231,0xfb8e3e,0xe842ba239207c26b064859975e59bbb9187ff414cb993b3f2c5766ab0b7f628b:log:238,0xe842ba239207c26b064859975e59bbb9187ff414cb993b3f2c5766ab0b7f628b,0xf819d79d9b94a1259ce02ad1f1d1e48c63d48449,0xd18774c5c14fb262e986418a05bbcfe547b59f70,4677.0,,,,ATA,erc20,"{'value': '0xfd8a69e03125f40000', 'address': '0xa2120b9e674d3fc3875f415a7df52e382f141225', 'decimal': '0x12'}",{'blockTimestamp': '2023-01-25T19:33:59.000Z'}
232,0xfb8a22,0x07b80d308587227dccd616a4f9a47ba52d7f589f8c72d191456ebb2071bb8b8f:log:276,0x07b80d308587227dccd616a4f9a47ba52d7f589f8c72d191456ebb2071bb8b8f,0x95b564f3b3bae3f206aa418667ba000afafacc8a,0x90fe81cbdd5ca9375b2637256cb69b01f3beb5d3,974.0,,,,ATA,erc20,"{'value': '0x34ccf71f86de780000', 'address': '0xa2120b9e674d3fc3875f415a7df52e382f141225', 'decimal': '0x12'}",{'blockTimestamp': '2023-01-25T16:02:23.000Z'}
233,0xfb88ee,0xf27577f35042027be2ee4c374145218368c79283161af7f6d85dd96b43f5e40f:log:146,0xf27577f35042027be2ee4c374145218368c79283161af7f6d85dd96b43f5e40f,0x28c6c06298d514db089934071355e5743bf21d60,0xdfd5293d8e347dfe59e90efd55b2956a1343963d,309774.83206617,,,,ATA,erc20,"{'value': '0x4198ed633ac7bbf04400', 'address': '0xa2120b9e674d3fc3875f415a7df52e382f141225', 'decimal': '0x12'}",{'blockTimestamp': '2023-01-25T15:00:35.000Z'}
234,0xfb88a4,0x25ee3888a943de35f9ce4130add67de11aa9e41a5cfb4000840be55c9919549e:log:165,0x25ee3888a943de35f9ce4130add67de11aa9e41a5cfb4000840be55c9919549e,0xdfd5293d8e347dfe59e90efd55b2956a1343963d,0x83fc86c5e4e846d1a3526b47801130679bc00e6a,199999.99999999997,,,,ATA,erc20,"{'value': '0x2a5a058fc295ed000000', 'address': '0xa2120b9e674d3fc3875f415a7df52e382f141225', 'decimal': '0x12'}",{'blockTimestamp': '2023-01-25T14:45:47.000Z'}
235,0xfb8604,0x1e2ce258768db76454fe56c1e2a2f3de61d471d0f8d7017b19b4ddb389355b54:log:133,0x1e2ce258768db76454fe56c1e2a2f3de61d471d0f8d7017b19b4ddb389355b54,0x074d6e6772f89170a19d15bebcbc8e42e75c4dcc,0x28c6c06298d514db089934071355e5743bf21d60,8534.97031724,,,,ATA,erc20,"{'value': '0x01ceae81cb51a93b3000', 'address': '0xa2120b9e674d3fc3875f415a7df52e382f141225', 'decimal': '0x12'}",{'blockTimestamp': '2023-01-25T12:30:11.000Z'}
236,0xfb8567,0x8bbd8e95b9c8ee958b14c73b3b4e5b8595d0d3c9167ba1b1beb21f8556434848:log:58,0x8bbd8e95b9c8ee958b14c73b3b4e5b8595d0d3c9167ba1b1beb21f8556434848,0x21a31ee1afc51d94c2efccaa2092ad1028285549,0xedb3ce88b36ae048ec9cb49a9dc72487308c0e9b,16695.591,,,,ATA,erc20,"{'value': '0x038911de8577c0bd8000', 'address': '0xa2120b9e674d3fc3875f415a7df52e382f141225', 'decimal': '0x12'}",{'blockTimestamp': '2023-01-25T11:58:35.000Z'}
237,0xfb8545,0xdff0b08220f4f50fdfa2cc260f915d4b05cefd0208c7049f56f0cecf952d0659:log:78,0xdff0b08220f4f50fdfa2cc260f915d4b05cefd0208c7049f56f0cecf952d0659,0x4fa28621150ddb1834ca4e61bafb9cf04f7c83ca,0x074d6e6772f89170a19d15bebcbc8e42e75c4dcc,8534.97031724,,,,ATA,erc20,"{'value': '0x01ceae81cb51a93b3000', 'address': '0xa2120b9e674d3fc3875f415a7df52e382f141225', 'decimal': '0x12'}",{'blockTimestamp': '2023-01-25T11:51:35.000Z'}
238,0xfb83be,0x06b28d67dc6f997ba0875ddc02af660e6b5a53ac8d5ebe853bc225e1a55a8b71:log:76,0x06b28d67dc6f997ba0875ddc02af660e6b5a53ac8d5ebe853bc225e1a55a8b71,0x074d6e6772f89170a19d15bebcbc8e42e75c4dcc,0x28c6c06298d514db089934071355e5743bf21d60,11392.93342949,,,,ATA,erc20,"{'value': '0x02699cb66fc5d852f400', 'address': '0xa2120b9e674d3fc3875f415a7df52e382f141225', 'decimal': '0x12'}",{'blockTimestamp': '2023-01-25T10:32:59.000Z'}
239,0xfb83a1,0x63157515e38d453d2ba24ba10b21844916e4d56e080f42d4d7098f4a7f2d4349:log:122,0x63157515e38d453d2ba24ba10b21844916e4d56e080f42d4d7098f4a7f2d4349,0x979715bfd3e217122d9ab7dbff5dfc230bf378be,0x074d6e6772f89170a19d15bebcbc8e42e75c4dcc,11392.93342949,,,,ATA,erc20,"{'value': '0x02699cb66fc5d852f400', 'address': '0xa2120b9e674d3fc3875f415a7df52e382f141225', 'decimal': '0x12'}",{'blockTimestamp': '2023-01-25T10:27:11.000Z'}
240,0xfb8006,0xa0b05aa7fe833bdc15148cc6975d3e12235ea9db3f4bc575e0d40b96888d83a7:log:307,0xa0b05aa7fe833bdc15148cc6975d3e12235ea9db3f4bc575e0d40b96888d83a7,0x725f800ff38bceb70cce716fdff54576363acd8b,0x979715bfd3e217122d9ab7dbff5dfc230bf378be,5793.999999999999,,,,ATA,erc20,"{'value': '0x013a17e70e1285480000', 'address': '0xa2120b9e674d3fc3875f415a7df52e382f141225', 'decimal': '0x12'}",{'blockTimestamp': '2023-01-25T07:21:35.000Z'}
241,0xfb7e8f,0x6772f7c0d0d9553d08231202604de5d83cf8bf8224df57cd35f25e815f6366a7:log:173,0x6772f7c0d0d9553d08231202604de5d83cf8bf8224df57cd35f25e815f6366a7,0x733c5570597e609c796399333f0a176e444386ee,0xf16e9b0d03470827a95cdfd0cb8a8a3b46969b91,49082.0,,,,ATA,erc20,"{'value': '0x0a64bd94c86b3aa80000', 'address': '0xa2120b9e674d3fc3875f415a7df52e382f141225', 'decimal': '0x12'}",{'blockTimestamp': '2023-01-25T06:06:23.000Z'}
242,0xfb7d5d,0xdfd074ef1a9a0e54eb95c9bfd7347c5e0af67cbba707eb13fa1cbc58f1461bfb:log:168,0xdfd074ef1a9a0e54eb95c9bfd7347c5e0af67cbba707eb13fa1cbc58f1461bfb,0x28c6c06298d514db089934071355e5743bf21d60,0x733c5570597e609c796399333f0a176e444386ee,49082.0,,,,ATA,erc20,"{'value': '0x0a64bd94c86b3aa80000', 'address': '0xa2120b9e674d3fc3875f415a7df52e382f141225', 'decimal': '0x12'}",{'blockTimestamp': '2023-01-25T05:04:23.000Z'}
243,0xfb7bbf,0x9e57b44e2ae00ccb5e7c41f2050c9da9aba9a718ce8a0a95d49cc8d4f86ed632:log:79,0x9e57b44e2ae00ccb5e7c41f2050c9da9aba9a718ce8a0a95d49cc8d4f86ed632,0xdfd5293d8e347dfe59e90efd55b2956a1343963d,0xbec9c6ec58a532cd8aca0af9ce28bf814651b917,48035.83206617,,,,ATA,erc20,"{'value': '0x0a2c0715a76f8d244400', 'address': '0xa2120b9e674d3fc3875f415a7df52e382f141225', 'decimal': '0x12'}",{'blockTimestamp': '2023-01-25T03:40:59.000Z'}
244,0xfb7ab6,0xa31d25742831bb7ec12d275fdf136c62f253350becbd54cded29ee0347bd68cc:log:232,0xa31d25742831bb7ec12d275fdf136c62f253350becbd54cded29ee0347bd68cc,0xcab7210ba688dbe87d7b364ff4f6653dfb869fc9,0x2a793631fdb893aa3e7d674b99c826a895909de2,1000.0,,,,ATA,erc20,"{'value': '0x3635c9adc5dea00000', 'address': '0xa2120b9e674d3fc3875f415a7df52e382f141225', 'decimal': '0x12'}",{'blockTimestamp': '2023-01-25T02:47:59.000Z'}
245,0xfb7a5d,0x779d682727cc6594fb2675bbe1b47eebdfc58ff495f0a387c42925cc3b09a13b:log:308,0x779d682727cc6594fb2675bbe1b47eebdfc58ff495f0a387c42925cc3b09a13b,0xf05e2a70346560d3228c7002194bb7c5dc8fe100,0x28c6c06298d514db089934071355e5743bf21d60,47548.0,,,,ATA,erc20,"{'value': '0x0a11950dffe631700000', 'address': '0xa2120b9e674d3fc3875f415a7df52e382f141225', 'decimal': '0x12'}",{'blockTimestamp': '2023-01-25T02:30:11.000Z'}
246,0xfb795c,0xc10f5b9ba94bab5ad4579f2abdf7112cb59f8f6d04dcc23f961526aec1773bf0:log:51,0xc10f5b9ba94bab5ad4579f2abdf7112cb59f8f6d04dcc23f961526aec1773bf0,0xf16e9b0d03470827a95cdfd0cb8a8a3b46969b91,0xf05e2a70346560d3228c7002194bb7c5dc8fe100,47548.0,,,,ATA,erc20,"{'value': '0x0a11950dffe631700000', 'address': '0xa2120b9e674d3fc3875f415a7df52e382f141225', 'decimal': '0x12'}",{'blockTimestamp': '2023-01-25T01:38:35.000Z'}
247,0xfb7646,0x38062c598275adeb6a346e5b710ad295051cde924c0549a5e3fb16cb29af133f:log:598,0x38062c598275adeb6a346e5b710ad295051cde924c0549a5e3fb16cb29af133f,0xae7be45bd231e57000c43a9187ebff2e10ea8770,0x28c6c06298d514db089934071355e5743bf21d60,29760.714285714286,,,,ATA,erc20,"{'value': '0x064d54e0bbd5c522db6e', 'address': '0xa2120b9e674d3fc3875f415a7df52e382f141225', 'decimal': '0x12'}",{'blockTimestamp': '2023-01-24T23:00:23.000Z'}
248,0xfb75f7,0x97004fbc1f9bd0a764fbaad87c69bc50b4d1333c7a3dabb7ef0e257fba645d82:log:168,0x97004fbc1f9bd0a764fbaad87c69bc50b4d1333c7a3dabb7ef0e257fba645d82,0x46494ef7b2d64fe15de493477ea5c73eede4a82f,0xae7be45bd231e57000c43a9187ebff2e10ea8770,29760.714285714286,,,,ATA,erc20,"{'value': '0x064d54e0bbd5c522db6e', 'address': '0xa2120b9e674d3fc3875f415a7df52e382f141225', 'decimal': '0x12'}",{'blockTimestamp': '2023-01-24T22:44:35.000Z'}
249,0xfb6df9,0x5162547defdaffa360a7c7b622d0831ff015d5f24ecbc10d800fe86fdf932b08:log:318,0x5162547defdaffa360a7c7b622d0831ff015d5f24ecbc10d800fe86fdf932b08,0xf05e2a70346560d3228c7002194bb7c5dc8fe100,0x28c6c06298d514db089934071355e5743bf21d60,36813.0,,,,ATA,erc20,"{'value': '0x07cba300a85de7140000', 'address': '0xa2120b9e674d3fc3875f415a7df52e382f141225', 'decimal': '0x12'}",{'blockTimestamp': '2023-01-24T15:53:35.000Z'}
250,0xfb6cb6,0x4f519e83af25d1d4340d327bbc2e8021993986938b59a61aa5793952fb711583:log:149,0x4f519e83af25d1d4340d327bbc2e8021993986938b59a61aa5793952fb711583,0xf16e9b0d03470827a95cdfd0cb8a8a3b46969b91,0xf05e2a70346560d3228c7002194bb7c5dc8fe100,36813.0,,,,ATA,erc20,"{'value': '0x07cba300a85de7140000', 'address': '0xa2120b9e674d3fc3875f415a7df52e382f141225', 'decimal': '0x12'}",{'blockTimestamp': '2023-01-24T14:48:35.000Z'}
251,0xfb60e3,0x5f1f505d8762fa06c5e371f23257d255cff661d4c938a737b201c670098a17f7:log:242,0x5f1f505d8762fa06c5e371f23257d255cff661d4c938a737b201c670098a17f7,0xb442e34ffc1edb62b9071405911ee83520184c2d,0xcf489ebb094aa0c4aae42eb609ee2089320a717e,191.0,,,,ATA,erc20,"{'value': '0x0a5aa85009e39c0000', 'address': '0xa2120b9e674d3fc3875f415a7df52e382f141225', 'decimal': '0x12'}",{'blockTimestamp': '2023-01-24T04:39:47.000Z'}
252,0xfb5f08,0x49eafb982ee312af1bc670479161159fe075116c502d338926625790264ccdf3:log:108,0x49eafb982ee312af1bc670479161159fe075116c502d338926625790264ccdf3,0xe653e7d07b0fedfac957f917a75e1417e004feaf,0xabafdd9e4fe147ddb6a77ebc09cf043ffb4855a1,20.55,,,,ATA,erc20,"{'value': '0x011d30441f16470000', 'address': '0xa2120b9e674d3fc3875f415a7df52e382f141225', 'decimal': '0x12'}",{'blockTimestamp': '2023-01-24T03:04:35.000Z'}
253,0xfb5b95,0xa1dbc68db2438a42da8e45086b7597e35054dd2e93e2a7723bffc549964ae9f0:log:467,0xa1dbc68db2438a42da8e45086b7597e35054dd2e93e2a7723bffc549964ae9f0,0x502e8d5461aeacbb84a5dff25e0badf971f34b8a,0xf16e9b0d03470827a95cdfd0cb8a8a3b46969b91,757.80858205,,,,ATA,erc20,"{'value': '0x2914b4ea5520b5d400', 'address': '0xa2120b9e674d3fc3875f415a7df52e382f141225', 'decimal': '0x12'}",{'blockTimestamp': '2023-01-24T00:07:11.000Z'}
254,0xfb5b1e,0xeb26edcba4f4eb8a4ddcb74985451394887a018023826ce1ea1af4bf98a5878b:log:154,0xeb26edcba4f4eb8a4ddcb74985451394887a018023826ce1ea1af4bf98a5878b,0xa9d1e08c7793af67e9d92fe308d5697fb81d3e43,0x502e8d5461aeacbb84a5dff25e0badf971f34b8a,757.80858205,,,,ATA,erc20,"{'value': '0x2914b4ea5520b5d400', 'address': '0xa2120b9e674d3fc3875f415a7df52e382f141225', 'decimal': '0x12'}",{'blockTimestamp': '2023-01-23T23:43:11.000Z'}
255,0xfb5973,0xab6e4e7c9c86d50dd72287ea383f124857a1faebaf54af9d8679d10a24c7310a:log:44,0xab6e4e7c9c86d50dd72287ea383f124857a1faebaf54af9d8679d10a24c7310a,0xa9d1e08c7793af67e9d92fe308d5697fb81d3e43,0x35e6c6f539206488be56ef8a896c863d655d7eab,5155.713805140001,,,,ATA,erc20,"{'value': '0x01177de6f5a1e3384800', 'address': '0xa2120b9e674d3fc3875f415a7df52e382f141225', 'decimal': '0x12'}",{'blockTimestamp': '2023-01-23T22:17:11.000Z'}
256,0xfb53df,0xf3bfcb1ef9336aced89723b1435263a87a5946e079d16cd3d548541f087220a4:log:495,0xf3bfcb1ef9336aced89723b1435263a87a5946e079d16cd3d548541f087220a4,0x4cd0fc7fa8489197e7f903aaf811f7c412dde6ba,0x28c6c06298d514db089934071355e5743bf21d60,1980.2,,,,ATA,erc20,"{'value': '0x6b58cba07364840000', 'address': '0xa2120b9e674d3fc3875f415a7df52e382f141225', 'decimal': '0x12'}",{'blockTimestamp': '2023-01-23T17:30:11.000Z'}
257,0xfb5375,0x4062879e6b4824512fe7b36be8acccaa8abfb7fa0598551cfa6e717a93d6a521:log:240,0x4062879e6b4824512fe7b36be8acccaa8abfb7fa0598551cfa6e717a93d6a521,0x8a73e125937512c0d7c6714a73238c2527ea4cb0,0x4cd0fc7fa8489197e7f903aaf811f7c412dde6ba,1980.2,,,,ATA,erc20,"{'value': '0x6b58cba07364840000', 'address': '0xa2120b9e674d3fc3875f415a7df52e382f141225', 'decimal': '0x12'}",{'blockTimestamp': '2023-01-23T17:08:35.000Z'}
258,0xfb4c4b,0x03e48b29d268b347cdd17fed945b6ef0c465dd25cb5992bc1246fe81e0aed8c8:log:333,0x03e48b29d268b347cdd17fed945b6ef0c465dd25cb5992bc1246fe81e0aed8c8,0xf05e2a70346560d3228c7002194bb7c5dc8fe100,0x28c6c06298d514db089934071355e5743bf21d60,46518.0,,,,ATA,erc20,"{'value': '0x09d9beeee912b5180000', 'address': '0xa2120b9e674d3fc3875f415a7df52e382f141225', 'decimal': '0x12'}",{'blockTimestamp': '2023-01-23T11:00:11.000Z'}
259,0xfb4bb7,0xa877409df9929b04eb496398741d40142f03c4b5d6c6791dcc676efa6ff6e814:log:303,0xa877409df9929b04eb496398741d40142f03c4b5d6c6791dcc676efa6ff6e814,0xf16e9b0d03470827a95cdfd0cb8a8a3b46969b91,0xf05e2a70346560d3228c7002194bb7c5dc8fe100,46518.0,,,,ATA,erc20,"{'value': '0x09d9beeee912b5180000', 'address': '0xa2120b9e674d3fc3875f415a7df52e382f141225', 'decimal': '0x12'}",{'blockTimestamp': '2023-01-23T10:30:35.000Z'}
260,0xfb47a4,0xf95a57f7712ce011afb94eb14b7bdf51da211fddb117c7217248326b59eb9180:log:89,0xf95a57f7712ce011afb94eb14b7bdf51da211fddb117c7217248326b59eb9180,0x21a31ee1afc51d94c2efccaa2092ad1028285549,0xf584f8728b874a6a5c7a8d4d387c9aae9172d621,47085.0,,,,ATA,erc20,"{'value': '0x09f87ba390fa73940000', 'address': '0xa2120b9e674d3fc3875f415a7df52e382f141225', 'decimal': '0x12'}",{'blockTimestamp': '2023-01-23T07:01:47.000Z'}
261,0xfb441d,0x2c010c812e6fe21c0ce22f112a8f8227c2341f770d1abaac6bcc43de019f8212:log:331,0x2c010c812e6fe21c0ce22f112a8f8227c2341f770d1abaac6bcc43de019f8212,0xf05e2a70346560d3228c7002194bb7c5dc8fe100,0x28c6c06298d514db089934071355e5743bf21d60,41638.99999999999,,,,ATA,erc20,"{'value': '0x08d14134df1f7a3c0000', 'address': '0xa2120b9e674d3fc3875f415a7df52e382f141225', 'decimal': '0x12'}",{'blockTimestamp': '2023-01-23T04:00:23.000Z'}
262,0xfb43d9,0xd91601f583b2ebdac8a56694b85757501ce868ab447b0ad958f0bca98b449402:log:78,0xd91601f583b2ebdac8a56694b85757501ce868ab447b0ad958f0bca98b449402,0xf16e9b0d03470827a95cdfd0cb8a8a3b46969b91,0xf05e2a70346560d3228c7002194bb7c5dc8fe100,41638.99999999999,,,,ATA,erc20,"{'value': '0x08d14134df1f7a3c0000', 'address': '0xa2120b9e674d3fc3875f415a7df52e382f141225', 'decimal': '0x12'}",{'blockTimestamp': '2023-01-23T03:46:47.000Z'}
263,0xfb41c8,0x02a73985ac745ca1b223818207b53bfec743d714c03f42412fc1492a6031161a:log:242,0x02a73985ac745ca1b223818207b53bfec743d714c03f42412fc1492a6031161a,0xa86df7eb7be6877205243d0d0b6d0998a8167f22,0x28c6c06298d514db089934071355e5743bf21d60,14019.51269795,,,,ATA,erc20,"{'value': '0x02f7ffd288394bfe2c00', 'address': '0xa2120b9e674d3fc3875f415a7df52e382f141225', 'decimal': '0x12'}",{'blockTimestamp': '2023-01-23T02:00:11.000Z'}
264,0xfb3f95,0xcb0150aab345c9881cfc55ff7f3c3899cf5764f19f2c108f59a24df164f56d45:log:293,0xcb0150aab345c9881cfc55ff7f3c3899cf5764f19f2c108f59a24df164f56d45,0x733c5570597e609c796399333f0a176e444386ee,0xf16e9b0d03470827a95cdfd0cb8a8a3b46969b91,36031.0,,,,ATA,erc20,"{'value': '0x07a13e928f94939c0000', 'address': '0xa2120b9e674d3fc3875f415a7df52e382f141225', 'decimal': '0x12'}",{'blockTimestamp': '2023-01-23T00:06:47.000Z'}
265,0xfb3edc,0x559e9ae614ab40902cdbf58f2956fbc1e3b39c013058010b3f4b4c2e1d6aebc4:log:142,0x559e9ae614ab40902cdbf58f2956fbc1e3b39c013058010b3f4b4c2e1d6aebc4,0xdfd5293d8e347dfe59e90efd55b2956a1343963d,0xf584f8728b874a6a5c7a8d4d387c9aae9172d621,57491.0,,,,ATA,erc20,"{'value': '0x0c2c97e61ba09e6c0000', 'address': '0xa2120b9e674d3fc3875f415a7df52e382f141225', 'decimal': '0x12'}",{'blockTimestamp': '2023-01-22T23:29:35.000Z'}
266,0xfb3edc,0xb98adfaa4772f220eac83af691d73a5b423033576e1ce98940ac1e1ce2fb4e4c:log:127,0xb98adfaa4772f220eac83af691d73a5b423033576e1ce98940ac1e1ce2fb4e4c,0x28c6c06298d514db089934071355e5743bf21d60,0x733c5570597e609c796399333f0a176e444386ee,36031.0,,,,ATA,erc20,"{'value': '0x07a13e928f94939c0000', 'address': '0xa2120b9e674d3fc3875f415a7df52e382f141225', 'decimal': '0x12'}",{'blockTimestamp': '2023-01-22T23:29:35.000Z'}
267,0xfb3b39,0x9e08636b785e1d69c780191a9f4723a0dc99dd6f825ef311093cece7173ed29a:log:81,0x9e08636b785e1d69c780191a9f4723a0dc99dd6f825ef311093cece7173ed29a,0x21a31ee1afc51d94c2efccaa2092ad1028285549,0xd83cbaf54220c12d973c9be3388f372277ad2db3,8069.088,,,,ATA,erc20,"{'value': '0x01b56d175023b7300000', 'address': '0xa2120b9e674d3fc3875f415a7df52e382f141225', 'decimal': '0x12'}",{'blockTimestamp': '2023-01-22T20:21:23.000Z'}
268,0xfb3972,0x0bb6e9de318c8ac45420e271928261891d0634c1a608e9fe9eef0479edcf1d69:log:7,0x0bb6e9de318c8ac45420e271928261891d0634c1a608e9fe9eef0479edcf1d69,0x70f591b8fbb64a6c458b1a452562a65a06114bf3,0xa86df7eb7be6877205243d0d0b6d0998a8167f22,14019.51269795,,,,ATA,erc20,"{'value': '0x02f7ffd288394bfe2c00', 'address': '0xa2120b9e674d3fc3875f415a7df52e382f141225', 'decimal': '0x12'}",{'blockTimestamp': '2023-01-22T18:49:47.000Z'}
269,0xfb37fe,0x45e785b2a7fbbb25326ef3d8c4370bee9f29ee0ffc359997402d1c6bd4ae5e1f:log:543,0x45e785b2a7fbbb25326ef3d8c4370bee9f29ee0ffc359997402d1c6bd4ae5e1f,0xe85572b90d564f2f1c430ce22285c0de82df0972,0x28c6c06298d514db089934071355e5743bf21d60,500000.0,,,,ATA,erc20,"{'value': '0x69e10de76676d0800000', 'address': '0xa2120b9e674d3fc3875f415a7df52e382f141225', 'decimal': '0x12'}",{'blockTimestamp': '2023-01-22T17:34:59.000Z'}
270,0xfb3739,0x98bee67e199fa87c18ab3b7ef28b19e5b741138479ac2c9d384540d976bd6dd5:log:116,0x98bee67e199fa87c18ab3b7ef28b19e5b741138479ac2c9d384540d976bd6dd5,0x83fc86c5e4e846d1a3526b47801130679bc00e6a,0xe85572b90d564f2f1c430ce22285c0de82df0972,199999.99999999997,,,,ATA,erc20,"{'value': '0x2a5a058fc295ed000000', 'address': '0xa2120b9e674d3fc3875f415a7df52e382f141225', 'decimal': '0x12'}",{'blockTimestamp': '2023-01-22T16:55:23.000Z'}
271,0xfb36b2,0xd400ddfa5836af5fac6406d86a56e3b5699975afcf552e5b8bbe349d8066ab48:log:20,0xd400ddfa5836af5fac6406d86a56e3b5699975afcf552e5b8bbe349d8066ab48,0x9b181da7042bdbedf0549aba06bb117edfdb3fcf,0xe85572b90d564f2f1c430ce22285c0de82df0972,300000.0,,,,ATA,erc20,"{'value': '0x3f870857a3e0e3800000', 'address': '0xa2120b9e674d3fc3875f415a7df52e382f141225', 'decimal': '0x12'}",{'blockTimestamp': '2023-01-22T16:28:11.000Z'}
272,0xfb30e3,0x50f0cad6810f51b74d0c4afe1495f933826061b707955a0307d87e544a67b6b0:log:215,0x50f0cad6810f51b74d0c4afe1495f933826061b707955a0307d87e544a67b6b0,0xf05e2a70346560d3228c7002194bb7c5dc8fe100,0x28c6c06298d514db089934071355e5743bf21d60,68266.0,,,,ATA,erc20,"{'value': '0x0e74b50fff3b10680000', 'address': '0xa2120b9e674d3fc3875f415a7df52e382f141225', 'decimal': '0x12'}",{'blockTimestamp': '2023-01-22T11:30:11.000Z'}
273,0xfb2fe2,0x6762bd02581abb661c261fb5dd114caab0ae7d651245e3d1335a8d2c726a151f:log:188,0x6762bd02581abb661c261fb5dd114caab0ae7d651245e3d1335a8d2c726a151f,0xf16e9b0d03470827a95cdfd0cb8a8a3b46969b91,0xf05e2a70346560d3228c7002194bb7c5dc8fe100,68266.0,,,,ATA,erc20,"{'value': '0x0e74b50fff3b10680000', 'address': '0xa2120b9e674d3fc3875f415a7df52e382f141225', 'decimal': '0x12'}",{'blockTimestamp': '2023-01-22T10:38:35.000Z'}
274,0xfb2f81,0x3e4317a7716267fa53e54eec6dc89761a9c833d88e023013a7d42478fc9ff2d5:log:60,0x3e4317a7716267fa53e54eec6dc89761a9c833d88e023013a7d42478fc9ff2d5,0x40ec5b33f54e0e8a33a975908c5ba1c14e5bbbdf,0x1bad1270426b8059a783704308cec80753de0b38,8017.068306702206,,,,ATA,erc20,"{'value': '0x01b29b2c3cb2836f5297', 'address': '0xa2120b9e674d3fc3875f415a7df52e382f141225', 'decimal': '0x12'}",{'blockTimestamp': '2023-01-22T10:18:59.000Z'}
275,0xfb2f25,0x6fa158c6f8ad97e47c2b11b57202691bf4fefff68342c530dc795b5336aabd2c:log:499,0x6fa158c6f8ad97e47c2b11b57202691bf4fefff68342c530dc795b5336aabd2c,0xf05e2a70346560d3228c7002194bb7c5dc8fe100,0x28c6c06298d514db089934071355e5743bf21d60,66637.0,,,,ATA,erc20,"{'value': '0x0e1c66256a0ae9140000', 'address': '0xa2120b9e674d3fc3875f415a7df52e382f141225', 'decimal': '0x12'}",{'blockTimestamp': '2023-01-22T10:00:23.000Z'}
276,0xfb2ec4,0xf7b62aefc3c0875c0dfadec4e093b2c3992f3dbac6049ed02f66e3767c967fdc:log:240,0xf7b62aefc3c0875c0dfadec4e093b2c3992f3dbac6049ed02f66e3767c967fdc,0xf16e9b0d03470827a95cdfd0cb8a8a3b46969b91,0xf05e2a70346560d3228c7002194bb7c5dc8fe100,66637.0,,,,ATA,erc20,"{'value': '0x0e1c66256a0ae9140000', 'address': '0xa2120b9e674d3fc3875f415a7df52e382f141225', 'decimal': '0x12'}",{'blockTimestamp': '2023-01-22T09:40:35.000Z'}
277,0xfb2e90,0xfb50534888290fb5f81e424a032b2c33f30a28437a15853e3de756f3eafbd7b8:log:220,0xfb50534888290fb5f81e424a032b2c33f30a28437a15853e3de756f3eafbd7b8,0x649ae85d11017ac43f0cbab561982e0c9ceeda1f,0x28c6c06298d514db089934071355e5743bf21d60,8463.323995863078,,,,ATA,erc20,"{'value': '0x01cacc36eda00a63688e', 'address': '0xa2120b9e674d3fc3875f415a7df52e382f141225', 'decimal': '0x12'}",{'blockTimestamp': '2023-01-22T09:30:11.000Z'}
278,0xfb2e30,0x8150da02c330873f2ee7832abd45edd548cec7b5165c996bd88cf95cf3b2ed14:log:192,0x8150da02c330873f2ee7832abd45edd548cec7b5165c996bd88cf95cf3b2ed14,0x0635cf48342199b3ae93630ce651f31e37320c6a,0xf16e9b0d03470827a95cdfd0cb8a8a3b46969b91,769.2554867971108,,,,ATA,erc20,"{'value': '0x29b3907d8d3dfc7a66', 'address': '0xa2120b9e674d3fc3875f415a7df52e382f141225', 'decimal': '0x12'}",{'blockTimestamp': '2023-01-22T09:10:47.000Z'}
279,0xfb2dfb,0xe15951087b58f89fd158a7cd7d9a47599ac89189bf5cae057c6c108b7a23eb5e:log:263,0xe15951087b58f89fd158a7cd7d9a47599ac89189bf5cae057c6c108b7a23eb5e,0xf05e2a70346560d3228c7002194bb7c5dc8fe100,0x28c6c06298d514db089934071355e5743bf21d60,65679.0,,,,ATA,erc20,"{'value': '0x0de87739b5be80dc0000', 'address': '0xa2120b9e674d3fc3875f415a7df52e382f141225', 'decimal': '0x12'}",{'blockTimestamp': '2023-01-22T09:00:11.000Z'}
280,0xfb2de9,0xf62ac8a9f73a898584bd7f7a2c19856bf9c90e3bc6c7352c08fab88d0b536268:log:145,0xf62ac8a9f73a898584bd7f7a2c19856bf9c90e3bc6c7352c08fab88d0b536268,0x1bad1270426b8059a783704308cec80753de0b38,0x649ae85d11017ac43f0cbab561982e0c9ceeda1f,8463.323995863078,,,,ATA,erc20,"{'value': '0x01cacc36eda00a63688e', 'address': '0xa2120b9e674d3fc3875f415a7df52e382f141225', 'decimal': '0x12'}",{'blockTimestamp': '2023-01-22T08:56:23.000Z'}
281,0xfb2de0,0x002e62f3b5a1f67601210281a9478e3dd5c1525cd41a38b72e41c6bda2144b4d:log:48,0x002e62f3b5a1f67601210281a9478e3dd5c1525cd41a38b72e41c6bda2144b4d,0x40ec5b33f54e0e8a33a975908c5ba1c14e5bbbdf,0x1bad1270426b8059a783704308cec80753de0b38,8463.323995863078,,,,ATA,erc20,"{'value': '0x01cacc36eda00a63688e', 'address': '0xa2120b9e674d3fc3875f415a7df52e382f141225', 'decimal': '0x12'}",{'blockTimestamp': '2023-01-22T08:54:23.000Z'}
282,0xfb2d6e,0x783536e097a1b60e1f33e86faccd9a344882c48db794c4dfb190507d39eeb57b:log:231,0x783536e097a1b60e1f33e86faccd9a344882c48db794c4dfb190507d39eeb57b,0xf584f8728b874a6a5c7a8d4d387c9aae9172d621,0xf05e2a70346560d3228c7002194bb7c5dc8fe100,65679.0,,,,ATA,erc20,"{'value': '0x0de87739b5be80dc0000', 'address': '0xa2120b9e674d3fc3875f415a7df52e382f141225', 'decimal': '0x12'}",{'blockTimestamp': '2023-01-22T08:31:35.000Z'}
283,0xfb2d36,0xf918bbeabee0111f5b65269976144c0de3cd8767292416b7e9844b006e6a7cf2:log:103,0xf918bbeabee0111f5b65269976144c0de3cd8767292416b7e9844b006e6a7cf2,0xc2d4021ff759e0cd7bb280160720d7e4840dd263,0x41fc4f45b7577a1a975969957a9a42fb958ae4c4,88.0,,,,ATA,erc20,"{'value': '0x04c53ecdc18a600000', 'address': '0xa2120b9e674d3fc3875f415a7df52e382f141225', 'decimal': '0x12'}",{'blockTimestamp': '2023-01-22T08:20:11.000Z'}
284,0xfb2d1b,0xc2089cac4ebc1c86aa08c4591f2b59ff2cf5aace5ffafadcb58f714c4879e1fd:log:25,0xc2089cac4ebc1c86aa08c4591f2b59ff2cf5aace5ffafadcb58f714c4879e1fd,0x5654d65578cda52791879751141f2f3d7dc27fe4,0x0635cf48342199b3ae93630ce651f31e37320c6a,769.2554867971108,,,,ATA,erc20,"{'value': '0x29b3907d8d3dfc7a66', 'address': '0xa2120b9e674d3fc3875f415a7df52e382f141225', 'decimal': '0x12'}",{'blockTimestamp': '2023-01-22T08:14:47.000Z'}
285,0xfb2b14,0x4ff85e5d59a86c5a0f3ecc86563aa64c3bd2a8db0f0f4a1dcde9d684e67a197c:log:787,0x4ff85e5d59a86c5a0f3ecc86563aa64c3bd2a8db0f0f4a1dcde9d684e67a197c,0xf05e2a70346560d3228c7002194bb7c5dc8fe100,0x28c6c06298d514db089934071355e5743bf21d60,99395.0,,,,ATA,erc20,"{'value': '0x150c36b81ab85f2c0000', 'address': '0xa2120b9e674d3fc3875f415a7df52e382f141225', 'decimal': '0x12'}",{'blockTimestamp': '2023-01-22T06:30:11.000Z'}
286,0xfb2a77,0x3ec6afa5bcbadb696dafb5aae81235feacdc856bf61e478df8b28d8e4c5d25f6:log:194,0x3ec6afa5bcbadb696dafb5aae81235feacdc856bf61e478df8b28d8e4c5d25f6,0x28c6c06298d514db089934071355e5743bf21d60,0xa6f06088c4af9da0b58444541311913491ff39cb,12955.0,,,,ATA,erc20,"{'value': '0x02be4abdb577e18c0000', 'address': '0xa2120b9e674d3fc3875f415a7df52e382f141225', 'decimal': '0x12'}",{'blockTimestamp': '2023-01-22T05:58:47.000Z'}
287,0xfb2a5f,0xd476ddd5593fbba902d0e4a18b6b00e079b865133872fbd6b9e5366f4f612366:log:316,0xd476ddd5593fbba902d0e4a18b6b00e079b865133872fbd6b9e5366f4f612366,0xf584f8728b874a6a5c7a8d4d387c9aae9172d621,0xf05e2a70346560d3228c7002194bb7c5dc8fe100,99395.0,,,,ATA,erc20,"{'value': '0x150c36b81ab85f2c0000', 'address': '0xa2120b9e674d3fc3875f415a7df52e382f141225', 'decimal': '0x12'}",{'blockTimestamp': '2023-01-22T05:53:59.000Z'}
288,0xfb2a1c,0x7cb82893adf195f2fddf850d90bf41b443f41209901c936d84cc6992e1395330:log:51,0x7cb82893adf195f2fddf850d90bf41b443f41209901c936d84cc6992e1395330,0x28c6c06298d514db089934071355e5743bf21d60,0xdfd5293d8e347dfe59e90efd55b2956a1343963d,214211.973,,,,ATA,erc20,"{'value': '0x2d5c744ea3d357a08000', 'address': '0xa2120b9e674d3fc3875f415a7df52e382f141225', 'decimal': '0x12'}",{'blockTimestamp': '2023-01-22T05:40:35.000Z'}
289,0xfb29cd,0xeea6aed8c5ff5ad5daced455d3bba535152340d078000daa4b209149b90e9c7d:log:112,0xeea6aed8c5ff5ad5daced455d3bba535152340d078000daa4b209149b90e9c7d,0xdfd5293d8e347dfe59e90efd55b2956a1343963d,0xf584f8728b874a6a5c7a8d4d387c9aae9172d621,161074.0,,,,ATA,erc20,"{'value': '0x221bd6cb195f65880000', 'address': '0xa2120b9e674d3fc3875f415a7df52e382f141225', 'decimal': '0x12'}",{'blockTimestamp': '2023-01-22T05:24:47.000Z'}
290,0xfb2829,0x9303928257110f96fc7c4600a5795a9de1fdfb2603656222e204e75433c2b831:log:242,0x9303928257110f96fc7c4600a5795a9de1fdfb2603656222e204e75433c2b831,0xf05e2a70346560d3228c7002194bb7c5dc8fe100,0x28c6c06298d514db089934071355e5743bf21d60,89395.0,,,,ATA,erc20,"{'value': '0x12ee1cd750fdacec0000', 'address': '0xa2120b9e674d3fc3875f415a7df52e382f141225', 'decimal': '0x12'}",{'blockTimestamp': '2023-01-22T04:00:23.000Z'}
291,0xfb279d,0x1e1b8f87548a045c18dd1642449336bd930cd034020f790452f58a119c52b90a:log:529,0x1e1b8f87548a045c18dd1642449336bd930cd034020f790452f58a119c52b90a,0xf584f8728b874a6a5c7a8d4d387c9aae9172d621,0xf05e2a70346560d3228c7002194bb7c5dc8fe100,89395.0,,,,ATA,erc20,"{'value': '0x12ee1cd750fdacec0000', 'address': '0xa2120b9e674d3fc3875f415a7df52e382f141225', 'decimal': '0x12'}",{'blockTimestamp': '2023-01-22T03:32:23.000Z'}
292,0xfb26fd,0xf832030ea98821b6a03eaf0981c6f5d4fd0f3a301373789e603802f624fe6045:log:268,0xf832030ea98821b6a03eaf0981c6f5d4fd0f3a301373789e603802f624fe6045,0xf05e2a70346560d3228c7002194bb7c5dc8fe100,0x28c6c06298d514db089934071355e5743bf21d60,93706.0,,,,ATA,erc20,"{'value': '0x13d7cffbfc5581e80000', 'address': '0xa2120b9e674d3fc3875f415a7df52e382f141225', 'decimal': '0x12'}",{'blockTimestamp': '2023-01-22T03:00:11.000Z'}
293,0xfb267a,0x09dc5e12d344f1a4cc5145f69321e3978c7631928f7968a3ef2bee0c1a2f2521:log:331,0x09dc5e12d344f1a4cc5145f69321e3978c7631928f7968a3ef2bee0c1a2f2521,0xf584f8728b874a6a5c7a8d4d387c9aae9172d621,0xf05e2a70346560d3228c7002194bb7c5dc8fe100,93706.0,,,,ATA,erc20,"{'value': '0x13d7cffbfc5581e80000', 'address': '0xa2120b9e674d3fc3875f415a7df52e382f141225', 'decimal': '0x12'}",{'blockTimestamp': '2023-01-22T02:33:35.000Z'}
294,0xfb2582,0xb00556fa9c9bca11ecbb11baeae442645985431d974501efc93aee55d9bafc86:log:52,0xb00556fa9c9bca11ecbb11baeae442645985431d974501efc93aee55d9bafc86,0x21a31ee1afc51d94c2efccaa2092ad1028285549,0xf584f8728b874a6a5c7a8d4d387c9aae9172d621,71538.0,,,,ATA,erc20,"{'value': '0x0f26152f276e86880000', 'address': '0xa2120b9e674d3fc3875f415a7df52e382f141225', 'decimal': '0x12'}",{'blockTimestamp': '2023-01-22T01:43:59.000Z'}
295,0xfb257b,0xae568f4b5b1b2290902ca95bad86e8c1d95ed37fabf9a55a8aa853fa4e69a60b:log:302,0xae568f4b5b1b2290902ca95bad86e8c1d95ed37fabf9a55a8aa853fa4e69a60b,0x733c5570597e609c796399333f0a176e444386ee,0xf16e9b0d03470827a95cdfd0cb8a8a3b46969b91,42765.0,,,,ATA,erc20,"{'value': '0x090e4b987951bc140000', 'address': '0xa2120b9e674d3fc3875f415a7df52e382f141225', 'decimal': '0x12'}",{'blockTimestamp': '2023-01-22T01:42:35.000Z'}
296,0xfb24d3,0xeb8c3cd2b2e04c758eb14739782bf8cc8c5196820f0f6e28ba71b5212e975c82:log:126,0xeb8c3cd2b2e04c758eb14739782bf8cc8c5196820f0f6e28ba71b5212e975c82,0x28c6c06298d514db089934071355e5743bf21d60,0x733c5570597e609c796399333f0a176e444386ee,42765.0,,,,ATA,erc20,"{'value': '0x090e4b987951bc140000', 'address': '0xa2120b9e674d3fc3875f415a7df52e382f141225', 'decimal': '0x12'}",{'blockTimestamp': '2023-01-22T01:08:59.000Z'}
297,0xfb24a7,0x9a93a34c156569bdb71922583b30439a13f47d6753b98c4eca1c2f376d653956:log:487,0x9a93a34c156569bdb71922583b30439a13f47d6753b98c4eca1c2f376d653956,0xf05e2a70346560d3228c7002194bb7c5dc8fe100,0x28c6c06298d514db089934071355e5743bf21d60,89315.0,,,,ATA,erc20,"{'value': '0x12e9c69e38d95dac0000', 'address': '0xa2120b9e674d3fc3875f415a7df52e382f141225', 'decimal': '0x12'}",{'blockTimestamp': '2023-01-22T01:00:11.000Z'}
298,0xfb23f8,0xa476468969c99908038d97810dfb05c3bc0c572739d3b5ec9bfbdf7e8101ea73:log:205,0xa476468969c99908038d97810dfb05c3bc0c572739d3b5ec9bfbdf7e8101ea73,0xf584f8728b874a6a5c7a8d4d387c9aae9172d621,0xf05e2a70346560d3228c7002194bb7c5dc8fe100,89315.0,,,,ATA,erc20,"{'value': '0x12e9c69e38d95dac0000', 'address': '0xa2120b9e674d3fc3875f415a7df52e382f141225', 'decimal': '0x12'}",{'blockTimestamp': '2023-01-22T00:24:59.000Z'}
299,0xfb1920,0x812ae586dfe97670cd83a2efc1a12853fbf48b9d93f5e356642b365006b68d2e:log:371,0x812ae586dfe97670cd83a2efc1a12853fbf48b9d93f5e356642b365006b68d2e,0x733c5570597e609c796399333f0a176e444386ee,0xf16e9b0d03470827a95cdfd0cb8a8a3b46969b91,48875.0,,,,ATA,erc20,"{'value': '0x0a5984e10d26e0cc0000', 'address': '0xa2120b9e674d3fc3875f415a7df52e382f141225', 'decimal': '0x12'}",{'blockTimestamp': '2023-01-21T15:07:23.000Z'}
300,0xfb18c3,0xa2b716b538a4fd1c3acd6325833dd2803c40d784cfe0d4534053a720e0f2dd05:log:40,0xa2b716b538a4fd1c3acd6325833dd2803c40d784cfe0d4534053a720e0f2dd05,0xdfd5293d8e347dfe59e90efd55b2956a1343963d,0x733c5570597e609c796399333f0a176e444386ee,48875.0,,,,ATA,erc20,"{'value': '0x0a5984e10d26e0cc0000', 'address': '0xa2120b9e674d3fc3875f415a7df52e382f141225', 'decimal': '0x12'}",{'blockTimestamp': '2023-01-21T14:48:47.000Z'}
301,0xfb157b,0x8e6ab3c717e79959e9895e82dba83289ba18abaf147bfbf6f43ab9ff937a74f8:log:197,0x8e6ab3c717e79959e9895e82dba83289ba18abaf147bfbf6f43ab9ff937a74f8,0xe202532077de92d653012cd5a0aa302b8f77baa4,0x28c6c06298d514db089934071355e5743bf21d60,3381.93742,,,,ATA,erc20,"{'value': '0xb755cf5537b50cc000', 'address': '0xa2120b9e674d3fc3875f415a7df52e382f141225', 'decimal': '0x12'}",{'blockTimestamp': '2023-01-21T12:00:23.000Z'}
302,0xfb1534,0x520902453bbc8ad13cf9da2f6ba70973a343e709f2a75fe03bd5c78061d78e34:log:28,0x520902453bbc8ad13cf9da2f6ba70973a343e709f2a75fe03bd5c78061d78e34,0x3c02290922a3618a4646e3bbca65853ea45fe7c6,0xe202532077de92d653012cd5a0aa302b8f77baa4,2670.6838999999995,,,,ATA,erc20,"{'value': '0x90c72f392906dbc000', 'address': '0xa2120b9e674d3fc3875f415a7df52e382f141225', 'decimal': '0x12'}",{'blockTimestamp': '2023-01-21T11:46:11.000Z'}
303,0xfb106b,0x7a56f69274756426cc7230d10e8527ab1f45f1f20af25b0db3eaf318665624bb:log:98,0x7a56f69274756426cc7230d10e8527ab1f45f1f20af25b0db3eaf318665624bb,0x21a31ee1afc51d94c2efccaa2092ad1028285549,0xf584f8728b874a6a5c7a8d4d387c9aae9172d621,56034.00000000001,,,,ATA,erc20,"{'value': '0x0bdd9bf64724ee480000', 'address': '0xa2120b9e674d3fc3875f415a7df52e382f141225', 'decimal': '0x12'}",{'blockTimestamp': '2023-01-21T07:39:59.000Z'}
304,0xfb0e7b,0x4e726661818919de2a65a683950b702be5141b4a591366ec13064e9d64f30e57:log:243,0x4e726661818919de2a65a683950b702be5141b4a591366ec13064e9d64f30e57,0xf05e2a70346560d3228c7002194bb7c5dc8fe100,0x28c6c06298d514db089934071355e5743bf21d60,27278.0,,,,ATA,erc20,"{'value': '0x05c6be4bbaf641780000', 'address': '0xa2120b9e674d3fc3875f415a7df52e382f141225', 'decimal': '0x12'}",{'blockTimestamp': '2023-01-21T06:00:11.000Z'}
305,0xfb0de7,0x138ef82996fa7450aa97f45ae43733d89fce7156f52eaba4c4adbb1af2f4b0e8:log:401,0x138ef82996fa7450aa97f45ae43733d89fce7156f52eaba4c4adbb1af2f4b0e8,0xf584f8728b874a6a5c7a8d4d387c9aae9172d621,0xf05e2a70346560d3228c7002194bb7c5dc8fe100,27278.0,,,,ATA,erc20,"{'value': '0x05c6be4bbaf641780000', 'address': '0xa2120b9e674d3fc3875f415a7df52e382f141225', 'decimal': '0x12'}",{'blockTimestamp': '2023-01-21T05:30:23.000Z'}
306,0xfb0cbd,0xecf49ee2c6711ba2fcef76623fcd94b2b14c9bd22f6eb27e614a90dc4a19d753:log:359,0xecf49ee2c6711ba2fcef76623fcd94b2b14c9bd22f6eb27e614a90dc4a19d753,0xf05e2a70346560d3228c7002194bb7c5dc8fe100,0x28c6c06298d514db089934071355e5743bf21d60,26663.0,,,,ATA,erc20,"{'value': '0x05a56774d15f203c0000', 'address': '0xa2120b9e674d3fc3875f415a7df52e382f141225', 'decimal': '0x12'}",{'blockTimestamp': '2023-01-21T04:30:11.000Z'}
307,0xfb0cbd,0xac96006c6e390ce41ee58043df64f018c8fe1e2e2de03ce472f1ca1e2ce96efa:log:356,0xac96006c6e390ce41ee58043df64f018c8fe1e2e2de03ce472f1ca1e2ce96efa,0xd8259173fb6ae1fb2462213bc1fe951c41a35a59,0x28c6c06298d514db089934071355e5743bf21d60,1937.0,,,,ATA,erc20,"{'value': '0x69014665558ba40000', 'address': '0xa2120b9e674d3fc3875f415a7df52e382f141225', 'decimal': '0x12'}",{'blockTimestamp': '2023-01-21T04:30:11.000Z'}
308,0xfb0c99,0xb0cfeb8b3f35cc44602594d775432649c508221c0c5e62979f0040b3bd818e84:log:424,0xb0cfeb8b3f35cc44602594d775432649c508221c0c5e62979f0040b3bd818e84,0xf584f8728b874a6a5c7a8d4d387c9aae9172d621,0xf05e2a70346560d3228c7002194bb7c5dc8fe100,26663.0,,,,ATA,erc20,"{'value': '0x05a56774d15f203c0000', 'address': '0xa2120b9e674d3fc3875f415a7df52e382f141225', 'decimal': '0x12'}",{'blockTimestamp': '2023-01-21T04:22:59.000Z'}
309,0xfb0c69,0xf8e3229d781e2545f6b867511da52568dae4cec79e23670cae94a30e31079215:log:92,0xf8e3229d781e2545f6b867511da52568dae4cec79e23670cae94a30e31079215,0x28c6c06298d514db089934071355e5743bf21d60,0xf584f8728b874a6a5c7a8d4d387c9aae9172d621,40957.0,,,,ATA,erc20,"{'value': '0x08ac488e248389d40000', 'address': '0xa2120b9e674d3fc3875f415a7df52e382f141225', 'decimal': '0x12'}",{'blockTimestamp': '2023-01-21T04:13:23.000Z'}
310,0xfb0c32,0xf6db1db24902ac7368e6a9e34f4511992682306d4ffc41025c756300fee59b92:log:31,0xf6db1db24902ac7368e6a9e34f4511992682306d4ffc41025c756300fee59b92,0x28c6c06298d514db089934071355e5743bf21d60,0xf977814e90da44bfa03b6295a0616a897441acec,3425033.957,,,,ATA,erc20,"{'value': '0x02d547767d63de08908000', 'address': '0xa2120b9e674d3fc3875f415a7df52e382f141225', 'decimal': '0x12'}",{'blockTimestamp': '2023-01-21T04:02:23.000Z'}
311,0xfb0c32,0x5432e5c06b2dd2bf58b4a521873b11a58be10489cafe160f5c8339f925ec11b3:log:26,0x5432e5c06b2dd2bf58b4a521873b11a58be10489cafe160f5c8339f925ec11b3,0xdfd5293d8e347dfe59e90efd55b2956a1343963d,0xf977814e90da44bfa03b6295a0616a897441acec,896205.378,,,,ATA,erc20,"{'value': '0xbdc764116f67882d0000', 'address': '0xa2120b9e674d3fc3875f415a7df52e382f141225', 'decimal': '0x12'}",{'blockTimestamp': '2023-01-21T04:02:23.000Z'}
312,0xfb0c31,0x8a32d29db88caf22a088708c5b357266e0e3a99452be670445ebb36055a6464d:log:131,0x8a32d29db88caf22a088708c5b357266e0e3a99452be670445ebb36055a6464d,0x21a31ee1afc51d94c2efccaa2092ad1028285549,0xf977814e90da44bfa03b6295a0616a897441acec,1207512.973,,,,ATA,erc20,"{'value': '0xffb368d08193b2d48000', 'address': '0xa2120b9e674d3fc3875f415a7df52e382f141225', 'decimal': '0x12'}",{'blockTimestamp': '2023-01-21T04:02:11.000Z'}
313,0xfb0c1d,0xbeb24468de2165e060ba086719e6df0e2dec2258434f58f636b4f459ca3baec2:log:19,0xbeb24468de2165e060ba086719e6df0e2dec2258434f58f636b4f459ca3baec2,0x3c02290922a3618a4646e3bbca65853ea45fe7c6,0xd8259173fb6ae1fb2462213bc1fe951c41a35a59,1937.0,,,,ATA,erc20,"{'value': '0x69014665558ba40000', 'address': '0xa2120b9e674d3fc3875f415a7df52e382f141225', 'decimal': '0x12'}",{'blockTimestamp': '2023-01-21T03:58:11.000Z'}
314,0xfb0b00,0x9b71f4a4f84e2a23f640ad82aed8a38fae2f5ccfed14d4d39b96f3dc4e236407:log:382,0x9b71f4a4f84e2a23f640ad82aed8a38fae2f5ccfed14d4d39b96f3dc4e236407,0xf05e2a70346560d3228c7002194bb7c5dc8fe100,0x28c6c06298d514db089934071355e5743bf21d60,25979.0,,,,ATA,erc20,"{'value': '0x0580530ca95be10c0000', 'address': '0xa2120b9e674d3fc3875f415a7df52e382f141225', 'decimal': '0x12'}",{'blockTimestamp': '2023-01-21T03:00:11.000Z'}
315,0xfb0a7e,0x4263da86b563cb4b38b5f1e367780c09fd0a75f4e252f33471ba2b4399f2e24a:log:298,0x4263da86b563cb4b38b5f1e367780c09fd0a75f4e252f33471ba2b4399f2e24a,0xf584f8728b874a6a5c7a8d4d387c9aae9172d621,0xf05e2a70346560d3228c7002194bb7c5dc8fe100,25979.0,,,,ATA,erc20,"{'value': '0x0580530ca95be10c0000', 'address': '0xa2120b9e674d3fc3875f415a7df52e382f141225', 'decimal': '0x12'}",{'blockTimestamp': '2023-01-21T02:33:59.000Z'}
316,0xfb08ab,0x36b022ac978bb3c2832d30162ae3dd2f5777891449cf38a023726dac58885ac2:log:370,0x36b022ac978bb3c2832d30162ae3dd2f5777891449cf38a023726dac58885ac2,0xf05e2a70346560d3228c7002194bb7c5dc8fe100,0x28c6c06298d514db089934071355e5743bf21d60,73313.0,,,,ATA,erc20,"{'value': '0x0f864e41ef1424e40000', 'address': '0xa2120b9e674d3fc3875f415a7df52e382f141225', 'decimal': '0x12'}",{'blockTimestamp': '2023-01-21T01:00:11.000Z'}
317,0xfb0898,0x183935e0e09fd74cf89991157b6d5d06ded043b3d56d6af0b1365ed92576f584:log:282,0x183935e0e09fd74cf89991157b6d5d06ded043b3d56d6af0b1365ed92576f584,0xf584f8728b874a6a5c7a8d4d387c9aae9172d621,0xf05e2a70346560d3228c7002194bb7c5dc8fe100,63135.0,,,,ATA,erc20,"{'value': '0x0d5e8e221c6f0f1c0000', 'address': '0xa2120b9e674d3fc3875f415a7df52e382f141225', 'decimal': '0x12'}",{'blockTimestamp': '2023-01-21T00:56:23.000Z'}
318,0xfb0814,0x7e2c5b7bb23806a0fd879ce1515336b09871471a09eabaf0a76c4efd232775cc:log:532,0x7e2c5b7bb23806a0fd879ce1515336b09871471a09eabaf0a76c4efd232775cc,0xf584f8728b874a6a5c7a8d4d387c9aae9172d621,0xf05e2a70346560d3228c7002194bb7c5dc8fe100,10178.0,,,,ATA,erc20,"{'value': '0x0227c01fd2a515c80000', 'address': '0xa2120b9e674d3fc3875f415a7df52e382f141225', 'decimal': '0x12'}",{'blockTimestamp': '2023-01-21T00:29:47.000Z'}
319,0xfb071a,0xeedea233ab7e2a2e3f1c5678b47d80098d0d827058b860307f3c77ad0ffe569e:log:104,0xeedea233ab7e2a2e3f1c5678b47d80098d0d827058b860307f3c77ad0ffe569e,0x95b564f3b3bae3f206aa418667ba000afafacc8a,0x97d1f85605bb147b4f61f47df031eff9bff6f194,225.04462865,,,,ATA,erc20,"{'value': '0x0c331f216b6cf22400', 'address': '0xa2120b9e674d3fc3875f415a7df52e382f141225', 'decimal': '0x12'}",{'blockTimestamp': '2023-01-20T23:39:23.000Z'}
320,0xfb06ec,0xf40334652fe4506e3c4a6e8fffd2f57766c46830aa0f7cc24ed97f345a93554b:log:318,0xf40334652fe4506e3c4a6e8fffd2f57766c46830aa0f7cc24ed97f345a93554b,0x649ae85d11017ac43f0cbab561982e0c9ceeda1f,0x28c6c06298d514db089934071355e5743bf21d60,8942.294610215535,,,,ATA,erc20,"{'value': '0x01e4c34461af0322ad93', 'address': '0xa2120b9e674d3fc3875f415a7df52e382f141225', 'decimal': '0x12'}",{'blockTimestamp': '2023-01-20T23:30:11.000Z'}
321,0xfb06ec,0x04d982b7833da9a37195a9035ff1f0841fb96873802d3e9238762834ddc69491:log:309,0x04d982b7833da9a37195a9035ff1f0841fb96873802d3e9238762834ddc69491,0xf05e2a70346560d3228c7002194bb7c5dc8fe100,0x28c6c06298d514db089934071355e5743bf21d60,35965.0,,,,ATA,erc20,"{'value': '0x079daaa375436bd40000', 'address': '0xa2120b9e674d3fc3875f415a7df52e382f141225', 'decimal': '0x12'}",{'blockTimestamp': '2023-01-20T23:30:11.000Z'}
322,0xfb06b7,0x25d5670411ea49f247478d243b06613108729760d6ee761495030c761354652b:log:90,0x25d5670411ea49f247478d243b06613108729760d6ee761495030c761354652b,0xf16e9b0d03470827a95cdfd0cb8a8a3b46969b91,0xf05e2a70346560d3228c7002194bb7c5dc8fe100,35965.0,,,,ATA,erc20,"{'value': '0x079daaa375436bd40000', 'address': '0xa2120b9e674d3fc3875f415a7df52e382f141225', 'decimal': '0x12'}",{'blockTimestamp': '2023-01-20T23:19:35.000Z'}
323,0xfb063b,0x1f13f61eb336ce06456b0ec84487251d005c73acb91c85f37ebb9ad8ea813cde:log:187,0x1f13f61eb336ce06456b0ec84487251d005c73acb91c85f37ebb9ad8ea813cde,0x1bad1270426b8059a783704308cec80753de0b38,0x649ae85d11017ac43f0cbab561982e0c9ceeda1f,8942.294610215535,,,,ATA,erc20,"{'value': '0x01e4c34461af0322ad93', 'address': '0xa2120b9e674d3fc3875f415a7df52e382f141225', 'decimal': '0x12'}",{'blockTimestamp': '2023-01-20T22:54:35.000Z'}
324,0xfb061d,0x041bc7a2a56afb45319739010aa0d0e8da1e15107239997b625d1e818995fc38:log:91,0x041bc7a2a56afb45319739010aa0d0e8da1e15107239997b625d1e818995fc38,0x40ec5b33f54e0e8a33a975908c5ba1c14e5bbbdf,0x1bad1270426b8059a783704308cec80753de0b38,8942.294610215535,,,,ATA,erc20,"{'value': '0x01e4c34461af0322ad93', 'address': '0xa2120b9e674d3fc3875f415a7df52e382f141225', 'decimal': '0x12'}",{'blockTimestamp': '2023-01-20T22:48:35.000Z'}
325,0xfb0495,0xb8c67cf514ed2b3de70346a4d252807e4e854720b84b6e691e413e635d49e5f2:log:419,0xb8c67cf514ed2b3de70346a4d252807e4e854720b84b6e691e413e635d49e5f2,0xe85572b90d564f2f1c430ce22285c0de82df0972,0x28c6c06298d514db089934071355e5743bf21d60,17468.43,,,,ATA,erc20,"{'value': '0x03b2f72a354a90db0000', 'address': '0xa2120b9e674d3fc3875f415a7df52e382f141225', 'decimal': '0x12'}",{'blockTimestamp': '2023-01-20T21:30:11.000Z'}
326,0xfb03f7,0x28da40a617432af2385952455cf3d735dd1e15c094b141a4e8504598f6831dd9:log:322,0x28da40a617432af2385952455cf3d735dd1e15c094b141a4e8504598f6831dd9,0x9b181da7042bdbedf0549aba06bb117edfdb3fcf,0xe85572b90d564f2f1c430ce22285c0de82df0972,17468.43,,,,ATA,erc20,"{'value': '0x03b2f72a354a90db0000', 'address': '0xa2120b9e674d3fc3875f415a7df52e382f141225', 'decimal': '0x12'}",{'blockTimestamp': '2023-01-20T20:58:23.000Z'}
327,0xfafe98,0x510206ad7e2c1122e109e9d441c8c85faede89b92033a6835f9e455532d7027f:log:46,0x510206ad7e2c1122e109e9d441c8c85faede89b92033a6835f9e455532d7027f,0x95b564f3b3bae3f206aa418667ba000afafacc8a,0x90fe81cbdd5ca9375b2637256cb69b01f3beb5d3,1138.17410684,,,,ATA,erc20,"{'value': '0x3db356b7ddb9b27000', 'address': '0xa2120b9e674d3fc3875f415a7df52e382f141225', 'decimal': '0x12'}",{'blockTimestamp': '2023-01-20T16:20:59.000Z'}
328,0xfaf5f2,0xd85c662375ce0542382cadac6e3c02170da9be2cc20174ed02b2ec9c661c1afc:log:32,0xd85c662375ce0542382cadac6e3c02170da9be2cc20174ed02b2ec9c661c1afc,0xdfd5293d8e347dfe59e90efd55b2956a1343963d,0x9b181da7042bdbedf0549aba06bb117edfdb3fcf,317468.43,,,,ATA,erc20,"{'value': '0x4339ff81d92b745b0000', 'address': '0xa2120b9e674d3fc3875f415a7df52e382f141225', 'decimal': '0x12'}",{'blockTimestamp': '2023-01-20T08:56:47.000Z'}
329,0xfaf318,0xcc9a7bd686ed59ea620f3eec02b38e7e693c800ca0d379d1ea14d1fc874008c5:log:435,0xcc9a7bd686ed59ea620f3eec02b38e7e693c800ca0d379d1ea14d1fc874008c5,0xf05e2a70346560d3228c7002194bb7c5dc8fe100,0x28c6c06298d514db089934071355e5743bf21d60,36466.0,,,,ATA,erc20,"{'value': '0x07b8d36902da02880000', 'address': '0xa2120b9e674d3fc3875f415a7df52e382f141225', 'decimal': '0x12'}",{'blockTimestamp': '2023-01-20T06:30:11.000Z'}
330,0xfaf2f3,0x9df4f3baaef51132e959b384ba400300a7a3c4dd07fadcdea57ab256cb9c4a35:log:94,0x9df4f3baaef51132e959b384ba400300a7a3c4dd07fadcdea57ab256cb9c4a35,0xf16e9b0d03470827a95cdfd0cb8a8a3b46969b91,0xf05e2a70346560d3228c7002194bb7c5dc8fe100,36466.0,,,,ATA,erc20,"{'value': '0x07b8d36902da02880000', 'address': '0xa2120b9e674d3fc3875f415a7df52e382f141225', 'decimal': '0x12'}",{'blockTimestamp': '2023-01-20T06:22:35.000Z'}
331,0xfaf18e,0x801678f5aa9403261bb6889b22bb8bc95005c28d01a5136529393b815c31be17:log:646,0x801678f5aa9403261bb6889b22bb8bc95005c28d01a5136529393b815c31be17,0x733c5570597e609c796399333f0a176e444386ee,0xf16e9b0d03470827a95cdfd0cb8a8a3b46969b91,26931.0,,,,ATA,erc20,"{'value': '0x05b3eeb415725cec0000', 'address': '0xa2120b9e674d3fc3875f415a7df52e382f141225', 'decimal': '0x12'}",{'blockTimestamp': '2023-01-20T05:10:59.000Z'}
332,0xfaf104,0xcfd257557799e7bcf012212465b64e5a668c91dc9dc9bbfb64578ded3db955b8:log:122,0xcfd257557799e7bcf012212465b64e5a668c91dc9dc9bbfb64578ded3db955b8,0x21a31ee1afc51d94c2efccaa2092ad1028285549,0x733c5570597e609c796399333f0a176e444386ee,26931.0,,,,ATA,erc20,"{'value': '0x05b3eeb415725cec0000', 'address': '0xa2120b9e674d3fc3875f415a7df52e382f141225', 'decimal': '0x12'}",{'blockTimestamp': '2023-01-20T04:43:23.000Z'}
333,0xfaf0c2,0x981d67c4e32d4f455b95f6a20fe3736af51b6038032897c045f3fc78cd810c50:log:249,0x981d67c4e32d4f455b95f6a20fe3736af51b6038032897c045f3fc78cd810c50,0xf05e2a70346560d3228c7002194bb7c5dc8fe100,0x28c6c06298d514db089934071355e5743bf21d60,75862.0,,,,ATA,erc20,"{'value': '0x10107cbd19e5db980000', 'address': '0xa2120b9e674d3fc3875f415a7df52e382f141225', 'decimal': '0x12'}",{'blockTimestamp': '2023-01-20T04:30:11.000Z'}
334,0xfaf066,0xf9895259cb75292c6389bee8df298af9bb5c2ff08565bb191c749ab23f58fff9:log:198,0xf9895259cb75292c6389bee8df298af9bb5c2ff08565bb191c749ab23f58fff9,0xf584f8728b874a6a5c7a8d4d387c9aae9172d621,0xf05e2a70346560d3228c7002194bb7c5dc8fe100,75862.0,,,,ATA,erc20,"{'value': '0x10107cbd19e5db980000', 'address': '0xa2120b9e674d3fc3875f415a7df52e382f141225', 'decimal': '0x12'}",{'blockTimestamp': '2023-01-20T04:11:47.000Z'}
335,0xfaef03,0x03ae37acaab2774e39e3dfb27fb0d243730daf0559ae350d180baa3fed340c37:log:366,0x03ae37acaab2774e39e3dfb27fb0d243730daf0559ae350d180baa3fed340c37,0xf05e2a70346560d3228c7002194bb7c5dc8fe100,0x28c6c06298d514db089934071355e5743bf21d60,23350.0,,,,ATA,erc20,"{'value': '0x04f1ce586665db180000', 'address': '0xa2120b9e674d3fc3875f415a7df52e382f141225', 'decimal': '0x12'}",{'blockTimestamp': '2023-01-20T03:00:11.000Z'}
336,0xfaeeea,0x1725b0058cd29eeccdb12b6a3881710ef2a95387f82282816b89c82c05936346:log:382,0x1725b0058cd29eeccdb12b6a3881710ef2a95387f82282816b89c82c05936346,0xf584f8728b874a6a5c7a8d4d387c9aae9172d621,0xf05e2a70346560d3228c7002194bb7c5dc8fe100,23350.0,,,,ATA,erc20,"{'value': '0x04f1ce586665db180000', 'address': '0xa2120b9e674d3fc3875f415a7df52e382f141225', 'decimal': '0x12'}",{'blockTimestamp': '2023-01-20T02:55:11.000Z'}
337,0xfaeecb,0x28eac73f86034e8c6ab7a74eaae3ce877753217caf2e46303b9502a454e157f0:log:60,0x28eac73f86034e8c6ab7a74eaae3ce877753217caf2e46303b9502a454e157f0,0x28c6c06298d514db089934071355e5743bf21d60,0x8bec86086540d5bee98b14fb571e8e01972d6076,13618.0,,,,ATA,erc20,"{'value': '0x02e23bb6e0be65880000', 'address': '0xa2120b9e674d3fc3875f415a7df52e382f141225', 'decimal': '0x12'}",{'blockTimestamp': '2023-01-20T02:48:59.000Z'}
338,0xfaee6d,0x5cd753a26b7c15327b4b2441d5f1a717046ec9ae35c208590f63d42c94837cc5:log:339,0x5cd753a26b7c15327b4b2441d5f1a717046ec9ae35c208590f63d42c94837cc5,0xf05e2a70346560d3228c7002194bb7c5dc8fe100,0x28c6c06298d514db089934071355e5743bf21d60,71558.0,,,,ATA,erc20,"{'value': '0x0f272abd6d779a580000', 'address': '0xa2120b9e674d3fc3875f415a7df52e382f141225', 'decimal': '0x12'}",{'blockTimestamp': '2023-01-20T02:30:11.000Z'}
339,0xfaee14,0xbc400a567904d88a6414e5230aa463e8d7613a06235f1d92d4869ce6d126fada:log:231,0xbc400a567904d88a6414e5230aa463e8d7613a06235f1d92d4869ce6d126fada,0xf584f8728b874a6a5c7a8d4d387c9aae9172d621,0xf05e2a70346560d3228c7002194bb7c5dc8fe100,71558.0,,,,ATA,erc20,"{'value': '0x0f272abd6d779a580000', 'address': '0xa2120b9e674d3fc3875f415a7df52e382f141225', 'decimal': '0x12'}",{'blockTimestamp': '2023-01-20T02:12:23.000Z'}
340,0xfae706,0xf927f34cecdeda41ac12b4c10c25b15a52fbc6304e5fd447f86a96067dd1595d:log:78,0xf927f34cecdeda41ac12b4c10c25b15a52fbc6304e5fd447f86a96067dd1595d,0xdfd5293d8e347dfe59e90efd55b2956a1343963d,0xf584f8728b874a6a5c7a8d4d387c9aae9172d621,6589.0,,,,ATA,erc20,"{'value': '0x016530be6dfb58d40000', 'address': '0xa2120b9e674d3fc3875f415a7df52e382f141225', 'decimal': '0x12'}",{'blockTimestamp': '2023-01-19T20:09:23.000Z'}
341,0xfae665,0xbfe5cbdc7ce5e3b4be38ae8c1cce651073bc77f41a4d885f04e0b0ca8f4b959a:log:98,0xbfe5cbdc7ce5e3b4be38ae8c1cce651073bc77f41a4d885f04e0b0ca8f4b959a,0x21a31ee1afc51d94c2efccaa2092ad1028285549,0xf584f8728b874a6a5c7a8d4d387c9aae9172d621,2676.0,,,,ATA,erc20,"{'value': '0x9110f5cdf1c1500000', 'address': '0xa2120b9e674d3fc3875f415a7df52e382f141225', 'decimal': '0x12'}",{'blockTimestamp': '2023-01-19T19:36:47.000Z'}
342,0xfae60f,0xc19a82cddbc6e295d1560e87e02e5cd37f48477d856a6239658722912a53ea2b:log:67,0xc19a82cddbc6e295d1560e87e02e5cd37f48477d856a6239658722912a53ea2b,0x28c6c06298d514db089934071355e5743bf21d60,0x792458d35d0e055b56442343611fd3500954dd34,19668.278,,,,ATA,erc20,"{'value': '0x042a383049ff3e5f0000', 'address': '0xa2120b9e674d3fc3875f415a7df52e382f141225', 'decimal': '0x12'}",{'blockTimestamp': '2023-01-19T19:19:35.000Z'}
343,0xfae5b6,0xb7c1c0de2e8c60f30a06843d4218e14d664085088c439366f113c9e244b0c5cf:log:78,0xb7c1c0de2e8c60f30a06843d4218e14d664085088c439366f113c9e244b0c5cf,0xdfd5293d8e347dfe59e90efd55b2956a1343963d,0xf584f8728b874a6a5c7a8d4d387c9aae9172d621,163.0,,,,ATA,erc20,"{'value': '0x08d614546394ac0000', 'address': '0xa2120b9e674d3fc3875f415a7df52e382f141225', 'decimal': '0x12'}",{'blockTimestamp': '2023-01-19T19:01:47.000Z'}
344,0xfae3e1,0x151b900ff0e5f4878e64d85df04d6b8203f849cc594af13a64a3a8ba05207341:log:132,0x151b900ff0e5f4878e64d85df04d6b8203f849cc594af13a64a3a8ba05207341,0x21a31ee1afc51d94c2efccaa2092ad1028285549,0xf584f8728b874a6a5c7a8d4d387c9aae9172d621,3112.0,,,,ATA,erc20,"{'value': '0xa8b3acf7ead7a00000', 'address': '0xa2120b9e674d3fc3875f415a7df52e382f141225', 'decimal': '0x12'}",{'blockTimestamp': '2023-01-19T17:26:59.000Z'}
345,0xfae362,0x183d92ed05b84c96ab70e2594918ceeedbb110cef3dbd7e7c70e00d5bf2d53c8:log:160,0x183d92ed05b84c96ab70e2594918ceeedbb110cef3dbd7e7c70e00d5bf2d53c8,0x28c6c06298d514db089934071355e5743bf21d60,0xf584f8728b874a6a5c7a8d4d387c9aae9172d621,3656.9999999999995,,,,ATA,erc20,"{'value': '0xc63f11ec6233840000', 'address': '0xa2120b9e674d3fc3875f415a7df52e382f141225', 'decimal': '0x12'}",{'blockTimestamp': '2023-01-19T17:01:23.000Z'}
346,0xfae2b3,0xb81902e233208c4090fed2e998a80997cde5897e5d6a8c8c06d3286b29e0ae62:log:83,0xb81902e233208c4090fed2e998a80997cde5897e5d6a8c8c06d3286b29e0ae62,0xdfd5293d8e347dfe59e90efd55b2956a1343963d,0x106137c999b7377a6bb70a5a52d37e236f6f3abe,29797.165,,,,ATA,erc20,"{'value': '0x064f4ebbaf5a8e648000', 'address': '0xa2120b9e674d3fc3875f415a7df52e382f141225', 'decimal': '0x12'}",{'blockTimestamp': '2023-01-19T16:26:23.000Z'}
347,0xfae2b0,0x4e115132b0523fb6951e0eb0654ff9123a3a8b732787434ae63b968210ee0ec9:log:104,0x4e115132b0523fb6951e0eb0654ff9123a3a8b732787434ae63b968210ee0ec9,0x21a31ee1afc51d94c2efccaa2092ad1028285549,0xf584f8728b874a6a5c7a8d4d387c9aae9172d621,5963.0,,,,ATA,erc20,"{'value': '0x0143413faaac064c0000', 'address': '0xa2120b9e674d3fc3875f415a7df52e382f141225', 'decimal': '0x12'}",{'blockTimestamp': '2023-01-19T16:25:47.000Z'}
348,0xfae106,0xfc5d66ebde0a75e37a72fd0ea5eb730b134a7116d657491e46bb36b4c1701a34:log:136,0xfc5d66ebde0a75e37a72fd0ea5eb730b134a7116d657491e46bb36b4c1701a34,0x28c6c06298d514db089934071355e5743bf21d60,0xf584f8728b874a6a5c7a8d4d387c9aae9172d621,2047.0,,,,ATA,erc20,"{'value': '0x6ef7d4e687789c0000', 'address': '0xa2120b9e674d3fc3875f415a7df52e382f141225', 'decimal': '0x12'}",{'blockTimestamp': '2023-01-19T14:59:59.000Z'}
349,0xfae0b6,0x1ff7daa4804a44d76b9913c88a795581411c81f2b55a2f4d80a76ee0119b6dc6:log:90,0x1ff7daa4804a44d76b9913c88a795581411c81f2b55a2f4d80a76ee0119b6dc6,0xdfd5293d8e347dfe59e90efd55b2956a1343963d,0xf584f8728b874a6a5c7a8d4d387c9aae9172d621,1473.0,,,,ATA,erc20,"{'value': '0x4fd9fb3fb626640000', 'address': '0xa2120b9e674d3fc3875f415a7df52e382f141225', 'decimal': '0x12'}",{'blockTimestamp': '2023-01-19T14:43:59.000Z'}
350,0xfadf0c,0xe11b30c8046913de2d54e83fc79f53836ca5e9d33d2391eb03db70787c9642f0:log:67,0xe11b30c8046913de2d54e83fc79f53836ca5e9d33d2391eb03db70787c9642f0,0x21a31ee1afc51d94c2efccaa2092ad1028285549,0xf584f8728b874a6a5c7a8d4d387c9aae9172d621,5501.0,,,,ATA,erc20,"{'value': '0x012a35b5f273efd40000', 'address': '0xa2120b9e674d3fc3875f415a7df52e382f141225', 'decimal': '0x12'}",{'blockTimestamp': '2023-01-19T13:18:35.000Z'}
351,0xfadec2,0xc934cb7ef03339e83116416fc654a6cd868af15900b5ec16482ef298f02b01fe:log:127,0xc934cb7ef03339e83116416fc654a6cd868af15900b5ec16482ef298f02b01fe,0x28c6c06298d514db089934071355e5743bf21d60,0xf584f8728b874a6a5c7a8d4d387c9aae9172d621,43795.0,,,,ATA,erc20,"{'value': '0x094621b79025386c0000', 'address': '0xa2120b9e674d3fc3875f415a7df52e382f141225', 'decimal': '0x12'}",{'blockTimestamp': '2023-01-19T13:03:47.000Z'}
352,0xfad7b9,0x90f1ba3cd2bc93ca64539fc2ff40d9e13e604a3910b2ce591f79aeee52581a70:log:59,0x90f1ba3cd2bc93ca64539fc2ff40d9e13e604a3910b2ce591f79aeee52581a70,0x28c6c06298d514db089934071355e5743bf21d60,0x21a31ee1afc51d94c2efccaa2092ad1028285549,1325587.222,,,,ATA,erc20,"{'value': '0x0118b43a300ae4f88f0000', 'address': '0xa2120b9e674d3fc3875f415a7df52e382f141225', 'decimal': '0x12'}",{'blockTimestamp': '2023-01-19T07:00:35.000Z'}
353,0xfad7b9,0x144b23f03e21563512cb3ace4f2b9fb4a858d0ce5cc5c8356e52654cc8271863:log:57,0x144b23f03e21563512cb3ace4f2b9fb4a858d0ce5cc5c8356e52654cc8271863,0x28c6c06298d514db089934071355e5743bf21d60,0xdfd5293d8e347dfe59e90efd55b2956a1343963d,1204288.0,,,,ATA,erc20,"{'value': '0xff049552d0b759000000', 'address': '0xa2120b9e674d3fc3875f415a7df52e382f141225', 'decimal': '0x12'}",{'blockTimestamp': '2023-01-19T07:00:35.000Z'}
354,0xfad7b6,0xaa10f74f95fa4f0d6939849917a862f1dc77eaf08db6cbc6462aec17b7d572fa:log:126,0xaa10f74f95fa4f0d6939849917a862f1dc77eaf08db6cbc6462aec17b7d572fa,0xf977814e90da44bfa03b6295a0616a897441acec,0x28c6c06298d514db089934071355e5743bf21d60,7000000.0,,,,ATA,erc20,"{'value': '0x05ca4ec2a79a7f67000000', 'address': '0xa2120b9e674d3fc3875f415a7df52e382f141225', 'decimal': '0x12'}",{'blockTimestamp': '2023-01-19T06:59:59.000Z'}
355,0xfad30c,0xd24fb81d989c934ee1a720c22d1aa8603f65078363f3ba7df360718ff91acb05:log:432,0xd24fb81d989c934ee1a720c22d1aa8603f65078363f3ba7df360718ff91acb05,0xf05e2a70346560d3228c7002194bb7c5dc8fe100,0x28c6c06298d514db089934071355e5743bf21d60,46426.0,,,,ATA,erc20,"{'value': '0x09d4c22d40828d280000', 'address': '0xa2120b9e674d3fc3875f415a7df52e382f141225', 'decimal': '0x12'}",{'blockTimestamp': '2023-01-19T03:00:11.000Z'}
356,0xfad092,0x8efc877a65b8ff97dd5ed7a34ccaee83e35241624c331e453aab97477e68907e:log:355,0x8efc877a65b8ff97dd5ed7a34ccaee83e35241624c331e453aab97477e68907e,0xf584f8728b874a6a5c7a8d4d387c9aae9172d621,0xf05e2a70346560d3228c7002194bb7c5dc8fe100,46426.0,,,,ATA,erc20,"{'value': '0x09d4c22d40828d280000', 'address': '0xa2120b9e674d3fc3875f415a7df52e382f141225', 'decimal': '0x12'}",{'blockTimestamp': '2023-01-19T00:53:11.000Z'}
357,0xfacc86,0xa2106aee5b7ff623a348eb49a2e60271894924d239c7729b9a194ae3718b3552:log:208,0xa2106aee5b7ff623a348eb49a2e60271894924d239c7729b9a194ae3718b3552,0xdfd5293d8e347dfe59e90efd55b2956a1343963d,0xf584f8728b874a6a5c7a8d4d387c9aae9172d621,37622.0,,,,ATA,erc20,"{'value': '0x07f77e220619e2180000', 'address': '0xa2120b9e674d3fc3875f415a7df52e382f141225', 'decimal': '0x12'}",{'blockTimestamp': '2023-01-18T21:24:35.000Z'}
358,0xfacae2,0x63a2beaf704f72e10b8e6f818303bfaf0d3a6a44f647eee842e6aa687d23c230:log:395,0x63a2beaf704f72e10b8e6f818303bfaf0d3a6a44f647eee842e6aa687d23c230,0x9ca4e098ef3ed4678989f4745fea75c1eeb746d3,0x28c6c06298d514db089934071355e5743bf21d60,14880.357142857143,,,,ATA,erc20,"{'value': '0x0326aa705deae2916db7', 'address': '0xa2120b9e674d3fc3875f415a7df52e382f141225', 'decimal': '0x12'}",{'blockTimestamp': '2023-01-18T20:00:11.000Z'}
359,0xfaca95,0x95ec66e884652e9604c5afa21fa70eb7f417819d86a21e21cec25863bdf2a759:log:102,0x95ec66e884652e9604c5afa21fa70eb7f417819d86a21e21cec25863bdf2a759,0x21a31ee1afc51d94c2efccaa2092ad1028285549,0xf5aeb7206349a9dde7516408a0152a521fc91b06,1293.0,,,,ATA,erc20,"{'value': '0x4617fac96474140000', 'address': '0xa2120b9e674d3fc3875f415a7df52e382f141225', 'decimal': '0x12'}",{'blockTimestamp': '2023-01-18T19:44:35.000Z'}
360,0xfaca6d,0x9c2fbbc041809f6e5cd0cd980dc94b2a6f386b1ec7810e89e4411a6337328901:log:143,0x9c2fbbc041809f6e5cd0cd980dc94b2a6f386b1ec7810e89e4411a6337328901,0x778c029675d3e2435cf4c207e981d37c2174bec8,0x9ca4e098ef3ed4678989f4745fea75c1eeb746d3,14880.357142857143,,,,ATA,erc20,"{'value': '0x0326aa705deae2916db7', 'address': '0xa2120b9e674d3fc3875f415a7df52e382f141225', 'decimal': '0x12'}",{'blockTimestamp': '2023-01-18T19:36:35.000Z'}
361,0xfaca5f,0xf6b62e7197f9a4aad3e4bdc11ca2e923eec99a2658c7d1f2fb11ff535aa4ccd5:log:75,0xf6b62e7197f9a4aad3e4bdc11ca2e923eec99a2658c7d1f2fb11ff535aa4ccd5,0xa2120b9e674d3fc3875f415a7df52e382f141225,0x778c029675d3e2435cf4c207e981d37c2174bec8,14880.357142857143,,,,ATA,erc20,"{'value': '0x0326aa705deae2916db7', 'address': '0xa2120b9e674d3fc3875f415a7df52e382f141225', 'decimal': '0x12'}",{'blockTimestamp': '2023-01-18T19:33:47.000Z'}
362,0xfaca1c,0xad0a90533e4573e860c22e3b121f8114ac52d3a2222d357787b4980c26670536:log:70,0xad0a90533e4573e860c22e3b121f8114ac52d3a2222d357787b4980c26670536,0x28c6c06298d514db089934071355e5743bf21d60,0xf584f8728b874a6a5c7a8d4d387c9aae9172d621,102248.0,,,,ATA,erc20,"{'value': '0x15a6e00c3ae0dca00000', 'address': '0xa2120b9e674d3fc3875f415a7df52e382f141225', 'decimal': '0x12'}",{'blockTimestamp': '2023-01-18T19:20:23.000Z'}
363,0xfac9ba,0x846e13d7c5969009c6bad2acb3081ba776b5ba909be65d8d49dd4e1a862d82f9:log:35,0x846e13d7c5969009c6bad2acb3081ba776b5ba909be65d8d49dd4e1a862d82f9,0x28c6c06298d514db089934071355e5743bf21d60,0xdfd5293d8e347dfe59e90efd55b2956a1343963d,282711.2794,,,,ATA,erc20,"{'value': '0x3bddcf2579bef93a8000', 'address': '0xa2120b9e674d3fc3875f415a7df52e382f141225', 'decimal': '0x12'}",{'blockTimestamp': '2023-01-18T19:00:47.000Z'}
364,0xfac9a1,0x2a1651b63162eb570f83d21cb438f00f251c38e0de22d854202e064e6c865d78:log:74,0x2a1651b63162eb570f83d21cb438f00f251c38e0de22d854202e064e6c865d78,0xdfd5293d8e347dfe59e90efd55b2956a1343963d,0xf584f8728b874a6a5c7a8d4d387c9aae9172d621,39377.0,,,,ATA,erc20,"{'value': '0x0856a1a687b66ca40000', 'address': '0xa2120b9e674d3fc3875f415a7df52e382f141225', 'decimal': '0x12'}",{'blockTimestamp': '2023-01-18T18:55:35.000Z'}
365,0xfac75c,0xd8e618aa62c0242958faddb8aa36b64711f11dbbe916afce3807b4a43ce94da4:log:78,0xd8e618aa62c0242958faddb8aa36b64711f11dbbe916afce3807b4a43ce94da4,0x28c6c06298d514db089934071355e5743bf21d60,0xbcf90f6fb0e1a587d56567d62968612b7336c42f,882021.0,,,,ATA,erc20,"{'value': '0xbac67447b075be740000', 'address': '0xa2120b9e674d3fc3875f415a7df52e382f141225', 'decimal': '0x12'}",{'blockTimestamp': '2023-01-18T16:58:35.000Z'}
366,0xfac756,0x91ab9723e3bd8f79f7afe2e770407f3c1fbcc2495e6ee98adedeaf8469a7ad49:log:54,0x91ab9723e3bd8f79f7afe2e770407f3c1fbcc2495e6ee98adedeaf8469a7ad49,0x28c6c06298d514db089934071355e5743bf21d60,0xdd1b3473171b4dd058a0187500228fdf259a8693,943691.0,,,,ATA,erc20,"{'value': '0xc7d5977442cbe24c0000', 'address': '0xa2120b9e674d3fc3875f415a7df52e382f141225', 'decimal': '0x12'}",{'blockTimestamp': '2023-01-18T16:57:23.000Z'}
367,0xfac74c,0x8609339494d7cd3c6cfa52ceeff9af063d7d6003a12b00437a44d18137056ad5:log:172,0x8609339494d7cd3c6cfa52ceeff9af063d7d6003a12b00437a44d18137056ad5,0x28c6c06298d514db089934071355e5743bf21d60,0x5d11e2b501c8d4a4dd188f35b7580f2a0ac479e2,830380.0,,,,ATA,erc20,"{'value': '0xafd6fd709a3443300000', 'address': '0xa2120b9e674d3fc3875f415a7df52e382f141225', 'decimal': '0x12'}",{'blockTimestamp': '2023-01-18T16:55:23.000Z'}
368,0xfac71c,0x6b5cd30013bef9bd622f4418ee3c90e317f1c5d814a45a02b49e3fb9e9c16551:log:316,0x6b5cd30013bef9bd622f4418ee3c90e317f1c5d814a45a02b49e3fb9e9c16551,0x28c6c06298d514db089934071355e5743bf21d60,0x74b95caeaf6f3ee36099e8f1d533f34076d59547,920451.0000000001,,,,ATA,erc20,"{'value': '0xc2e9bfaa5d97f42c0000', 'address': '0xa2120b9e674d3fc3875f415a7df52e382f141225', 'decimal': '0x12'}",{'blockTimestamp': '2023-01-18T16:45:47.000Z'}
369,0xfac680,0xf1b0c578b560424969008e2ec50639f3860603fce1538ecbd1e86dbc0490fabe:log:56,0xf1b0c578b560424969008e2ec50639f3860603fce1538ecbd1e86dbc0490fabe,0xf16e9b0d03470827a95cdfd0cb8a8a3b46969b91,0xcfe631192001d9e3382c698b00563c208aab1e2a,1793.9564,,,,ATA,erc20,"{'value': '0x6140257102fa930000', 'address': '0xa2120b9e674d3fc3875f415a7df52e382f141225', 'decimal': '0x12'}",{'blockTimestamp': '2023-01-18T16:14:35.000Z'}
370,0xfac4b6,0x01d92c5185feeb70fd927c0b63f8972a8b4e9f72e718607e269634c585e70e52:log:98,0x01d92c5185feeb70fd927c0b63f8972a8b4e9f72e718607e269634c585e70e52,0x28c6c06298d514db089934071355e5743bf21d60,0xf584f8728b874a6a5c7a8d4d387c9aae9172d621,36921.0,,,,ATA,erc20,"{'value': '0x07d17dcdbc2885440000', 'address': '0xa2120b9e674d3fc3875f415a7df52e382f141225', 'decimal': '0x12'}",{'blockTimestamp': '2023-01-18T14:42:11.000Z'}
371,0xfac3a9,0x2e1c0feababfefe5f595621d65848fd7647fa99f8920d14f1d7168e3ee5c3c95:log:102,0x2e1c0feababfefe5f595621d65848fd7647fa99f8920d14f1d7168e3ee5c3c95,0xa9d1e08c7793af67e9d92fe308d5697fb81d3e43,0xba915f985a6192bd1bffe2d2bba0ede908af8144,5136.07027852,,,,ATA,erc20,"{'value': '0x01166d4b223f5230b000', 'address': '0xa2120b9e674d3fc3875f415a7df52e382f141225', 'decimal': '0x12'}",{'blockTimestamp': '2023-01-18T13:48:11.000Z'}
372,0xfabf38,0x1f60a60fc335ac158a8d29fa9a47e13c4c91e5e255d8fd7b26f644691025f4cf:log:303,0x1f60a60fc335ac158a8d29fa9a47e13c4c91e5e255d8fd7b26f644691025f4cf,0x7e35ab1f33ca52662befcd814441cf9a83b2be17,0x28c6c06298d514db089934071355e5743bf21d60,4875.0,,,,ATA,erc20,"{'value': '0x010846372f249d4c0000', 'address': '0xa2120b9e674d3fc3875f415a7df52e382f141225', 'decimal': '0x12'}",{'blockTimestamp': '2023-01-18T10:00:11.000Z'}
373,0xfabee8,0x63ea89d0d311bb04b8b09c648e4b7e061ce6715e78047e551ed87820c091bb9e:log:179,0x63ea89d0d311bb04b8b09c648e4b7e061ce6715e78047e551ed87820c091bb9e,0x0f4ddacf46943016b8e9d68016b7e43677c920e7,0x7e35ab1f33ca52662befcd814441cf9a83b2be17,4801.0,,,,ATA,erc20,"{'value': '0x010443425f363a640000', 'address': '0xa2120b9e674d3fc3875f415a7df52e382f141225', 'decimal': '0x12'}",{'blockTimestamp': '2023-01-18T09:44:11.000Z'}
374,0xfabecf,0xc8b4528c78705c1e18018eb8c47b93c47e975088380c867db575c414db412aba:log:85,0xc8b4528c78705c1e18018eb8c47b93c47e975088380c867db575c414db412aba,0x0f4ddacf46943016b8e9d68016b7e43677c920e7,0x7e35ab1f33ca52662befcd814441cf9a83b2be17,74.0,,,,ATA,erc20,"{'value': '0x0402f4cfee62e80000', 'address': '0xa2120b9e674d3fc3875f415a7df52e382f141225', 'decimal': '0x12'}",{'blockTimestamp': '2023-01-18T09:39:11.000Z'}
375,0xfabd78,0xd8e35a571fc5b361016c2a4683912569bdd871b64767f95779c05bf635b46850:log:363,0xd8e35a571fc5b361016c2a4683912569bdd871b64767f95779c05bf635b46850,0xf05e2a70346560d3228c7002194bb7c5dc8fe100,0x28c6c06298d514db089934071355e5743bf21d60,60687.0,,,,ATA,erc20,"{'value': '0x0cd9d94f067e62dc0000', 'address': '0xa2120b9e674d3fc3875f415a7df52e382f141225', 'decimal': '0x12'}",{'blockTimestamp': '2023-01-18T08:30:11.000Z'}
376,0xfabca0,0xe1b2636c821f6996debff5961fd15cfb6db6f068fbb539a8297ee43f39e9e6cf:log:101,0xe1b2636c821f6996debff5961fd15cfb6db6f068fbb539a8297ee43f39e9e6cf,0xf16e9b0d03470827a95cdfd0cb8a8a3b46969b91,0xf05e2a70346560d3228c7002194bb7c5dc8fe100,60687.0,,,,ATA,erc20,"{'value': '0x0cd9d94f067e62dc0000', 'address': '0xa2120b9e674d3fc3875f415a7df52e382f141225', 'decimal': '0x12'}",{'blockTimestamp': '2023-01-18T07:46:35.000Z'}
377,0xfab10d,0x44eb89d8cf593386abd4a8657beec7db125a5aedd729f170bb385e3241752733:log:97,0x44eb89d8cf593386abd4a8657beec7db125a5aedd729f170bb385e3241752733,0xdfd5293d8e347dfe59e90efd55b2956a1343963d,0x386a956feeb3d9af2de10be72b660c377d0b398c,32.0,,,,ATA,erc20,"{'value': '0x01bc16d674ec800000', 'address': '0xa2120b9e674d3fc3875f415a7df52e382f141225', 'decimal': '0x12'}",{'blockTimestamp': '2023-01-17T21:51:23.000Z'}
378,0xfaac6c,0xdc258849a6de2bae1b655aa850f6ccca3ae1049d0c379277e1edf4c9f7b87072:log:125,0xdc258849a6de2bae1b655aa850f6ccca3ae1049d0c379277e1edf4c9f7b87072,0x21a31ee1afc51d94c2efccaa2092ad1028285549,0xa6f06088c4af9da0b58444541311913491ff39cb,8485.815,,,,ATA,erc20,"{'value': '0x01cc045706b9a9658000', 'address': '0xa2120b9e674d3fc3875f415a7df52e382f141225', 'decimal': '0x12'}",{'blockTimestamp': '2023-01-17T17:53:35.000Z'}
379,0xfaac57,0x5d5c3e9ffaff34450e2b47776ae1f23f312b38b2bced75d74df975ea633ca707:log:60,0x5d5c3e9ffaff34450e2b47776ae1f23f312b38b2bced75d74df975ea633ca707,0x28c6c06298d514db089934071355e5743bf21d60,0xa6f06088c4af9da0b58444541311913491ff39cb,8468.0,,,,ATA,erc20,"{'value': '0x01cb0d1b6e9cf7d00000', 'address': '0xa2120b9e674d3fc3875f415a7df52e382f141225', 'decimal': '0x12'}",{'blockTimestamp': '2023-01-17T17:49:23.000Z'}
380,0xfaac49,0x107a91135be86552135d106363c98f06910b9e28488ab247ae49c6c970d1f655:log:78,0x107a91135be86552135d106363c98f06910b9e28488ab247ae49c6c970d1f655,0xdfd5293d8e347dfe59e90efd55b2956a1343963d,0xa6f06088c4af9da0b58444541311913491ff39cb,118.0,,,,ATA,erc20,"{'value': '0x06659436cf28180000', 'address': '0xa2120b9e674d3fc3875f415a7df52e382f141225', 'decimal': '0x12'}",{'blockTimestamp': '2023-01-17T17:46:35.000Z'}
381,0xfa9c79,0x7c06133e2fe3e0b3f2403aa4a39af9f0f1a8206f90815aa7976f6f7343779bda:log:488,0x7c06133e2fe3e0b3f2403aa4a39af9f0f1a8206f90815aa7976f6f7343779bda,0x733c5570597e609c796399333f0a176e444386ee,0xf16e9b0d03470827a95cdfd0cb8a8a3b46969b91,35831.0,,,,ATA,erc20,"{'value': '0x07966703d339cd7c0000', 'address': '0xa2120b9e674d3fc3875f415a7df52e382f141225', 'decimal': '0x12'}",{'blockTimestamp': '2023-01-17T04:14:47.000Z'}
382,0xfa9b6c,0x82e9a4873244d319918a41906ddf1ecfb90a97fee031a718efaf3dc26614df10:log:167,0x82e9a4873244d319918a41906ddf1ecfb90a97fee031a718efaf3dc26614df10,0x21a31ee1afc51d94c2efccaa2092ad1028285549,0x733c5570597e609c796399333f0a176e444386ee,35831.0,,,,ATA,erc20,"{'value': '0x07966703d339cd7c0000', 'address': '0xa2120b9e674d3fc3875f415a7df52e382f141225', 'decimal': '0x12'}",{'blockTimestamp': '2023-01-17T03:20:47.000Z'}
383,0xfa981f,0xe791128c07d2ee6ec0d3f67dbd3ab83dc57b4283d9f57deff9aee9c24d67a320:log:326,0xe791128c07d2ee6ec0d3f67dbd3ab83dc57b4283d9f57deff9aee9c24d67a320,0xf05e2a70346560d3228c7002194bb7c5dc8fe100,0x28c6c06298d514db089934071355e5743bf21d60,70171.0,,,,ATA,erc20,"{'value': '0x0edbfa3f8e1baf8c0000', 'address': '0xa2120b9e674d3fc3875f415a7df52e382f141225', 'decimal': '0x12'}",{'blockTimestamp': '2023-01-17T00:30:11.000Z'}
384,0xfa96fb,0x7dad6fdf46acb22040c29c9d277da38ac8a7b50e0a9ad4a63cae80f1b057f43f:log:264,0x7dad6fdf46acb22040c29c9d277da38ac8a7b50e0a9ad4a63cae80f1b057f43f,0xf584f8728b874a6a5c7a8d4d387c9aae9172d621,0xf05e2a70346560d3228c7002194bb7c5dc8fe100,70171.0,,,,ATA,erc20,"{'value': '0x0edbfa3f8e1baf8c0000', 'address': '0xa2120b9e674d3fc3875f415a7df52e382f141225', 'decimal': '0x12'}",{'blockTimestamp': '2023-01-16T23:31:23.000Z'}
385,0xfa9317,0x26aced2500cd4f6409467e87baa48c701ec7fe7a2f4321d4b6922146240a0acb:log:699,0x26aced2500cd4f6409467e87baa48c701ec7fe7a2f4321d4b6922146240a0acb,0x3138cbc4870a9c0aeffaecb028d2a50b4207ee26,0xf16e9b0d03470827a95cdfd0cb8a8a3b46969b91,6577.0,,,,ATA,erc20,"{'value': '0x01648a35dd8f80240000', 'address': '0xa2120b9e674d3fc3875f415a7df52e382f141225', 'decimal': '0x12'}",{'blockTimestamp': '2023-01-16T20:10:59.000Z'}
386,0xfa922d,0x5ab8de2d9135d86daf882bd8f44230e272f43b56353ae8378fde33babafaa99f:log:412,0x5ab8de2d9135d86daf882bd8f44230e272f43b56353ae8378fde33babafaa99f,0xb930e831c2a231bada1a28e2b2e7d9406188dd88,0xa40b2508225ca5296e99028c7900083f735f49d9,110.94334921,,,,ATA,erc20,"{'value': '0x0603a5f44dae2a0400', 'address': '0xa2120b9e674d3fc3875f415a7df52e382f141225', 'decimal': '0x12'}",{'blockTimestamp': '2023-01-16T19:23:59.000Z'}
387,0xfa9208,0x6e5bef265f1ccb96fc9a125e0ee2f2f6ff2e51a855abccb3fe7f6de197beb3c5:log:28,0x6e5bef265f1ccb96fc9a125e0ee2f2f6ff2e51a855abccb3fe7f6de197beb3c5,0x3b89dafeded79642301edac07ea2dcda7bcccfd1,0x3138cbc4870a9c0aeffaecb028d2a50b4207ee26,6577.0,,,,ATA,erc20,"{'value': '0x01648a35dd8f80240000', 'address': '0xa2120b9e674d3fc3875f415a7df52e382f141225', 'decimal': '0x12'}",{'blockTimestamp': '2023-01-16T19:16:35.000Z'}
388,0xfa91b6,0x17768dd36b909360e7ffc4b21fbf7811463631738d51e064760b6b9f4ea27061:log:542,0x17768dd36b909360e7ffc4b21fbf7811463631738d51e064760b6b9f4ea27061,0x95e3e979f9642eaf0bca988757025c2f6dcb8594,0x28c6c06298d514db089934071355e5743bf21d60,5652.0,,,,ATA,erc20,"{'value': '0x01326541b66babd00000', 'address': '0xa2120b9e674d3fc3875f415a7df52e382f141225', 'decimal': '0x12'}",{'blockTimestamp': '2023-01-16T19:00:11.000Z'}
389,0xfa9117,0x68366b903bd8e0dba6b56fe3c9a3729b698cb051a59bcfaab0cf43345c2e28f7:log:227,0x68366b903bd8e0dba6b56fe3c9a3729b698cb051a59bcfaab0cf43345c2e28f7,0x3c02290922a3618a4646e3bbca65853ea45fe7c6,0x95e3e979f9642eaf0bca988757025c2f6dcb8594,4953.999999999999,,,,ATA,erc20,"{'value': '0x010c8e8f909545280000', 'address': '0xa2120b9e674d3fc3875f415a7df52e382f141225', 'decimal': '0x12'}",{'blockTimestamp': '2023-01-16T18:28:11.000Z'}
390,0xfa8a73,0xbd555d7e48092de9ddcae4bd996699d5b8ca1fec1590fdda5f65d772274ce723:log:223,0xbd555d7e48092de9ddcae4bd996699d5b8ca1fec1590fdda5f65d772274ce723,0xa2120b9e674d3fc3875f415a7df52e382f141225,0x46494ef7b2d64fe15de493477ea5c73eede4a82f,14880.357142857143,,,,ATA,erc20,"{'value': '0x0326aa705deae2916db7', 'address': '0xa2120b9e674d3fc3875f415a7df52e382f141225', 'decimal': '0x12'}",{'blockTimestamp': '2023-01-16T12:47:23.000Z'}
391,0xfa844b,0x8bf24a8f918b4887674c8a6d316f20a26a0c159611472512bcde1ebf4b39b976:log:211,0x8bf24a8f918b4887674c8a6d316f20a26a0c159611472512bcde1ebf4b39b976,0xd9cd315bc178856a753e56f8fcef94c58d857091,0x28c6c06298d514db089934071355e5743bf21d60,2571.9574231560546,,,,ATA,erc20,"{'value': '0x8b6d14518bc5ab5f5d', 'address': '0xa2120b9e674d3fc3875f415a7df52e382f141225', 'decimal': '0x12'}",{'blockTimestamp': '2023-01-16T07:30:23.000Z'}
392,0xfa80cf,0x679d977ecf98fc7abd8bc10794bde5fde29208b08da36b8a0ff93bf4a2100a00:log:287,0x679d977ecf98fc7abd8bc10794bde5fde29208b08da36b8a0ff93bf4a2100a00,0xf05e2a70346560d3228c7002194bb7c5dc8fe100,0x28c6c06298d514db089934071355e5743bf21d60,110329.0,,,,ATA,erc20,"{'value': '0x175cf27377e7c8440000', 'address': '0xa2120b9e674d3fc3875f415a7df52e382f141225', 'decimal': '0x12'}",{'blockTimestamp': '2023-01-16T04:30:11.000Z'}
393,0xfa80cf,0xd82bd486f2464c72aa19b2bd5681d553e9f4319ce87775b27eca6549124c2fa3:log:282,0xd82bd486f2464c72aa19b2bd5681d553e9f4319ce87775b27eca6549124c2fa3,0x4b8a339be06ff31752a806995b72e76e93dd9106,0x28c6c06298d514db089934071355e5743bf21d60,44099.81269482,,,,ATA,erc20,"{'value': '0x0956a7d7cb1e08126800', 'address': '0xa2120b9e674d3fc3875f415a7df52e382f141225', 'decimal': '0x12'}",{'blockTimestamp': '2023-01-16T04:30:11.000Z'}
394,0xfa809a,0x52ccb5b880b10493c6ad4c9c3d265e90f1a2897309a2a5d6a74dde3f99b16078:log:336,0x52ccb5b880b10493c6ad4c9c3d265e90f1a2897309a2a5d6a74dde3f99b16078,0xe3e281b109e82ed6ce766935fd4f15d990bd19c1,0x28c6c06298d514db089934071355e5743bf21d60,1064077.5125196,,,,ATA,erc20,"{'value': '0xe153c1ee084afc80e000', 'address': '0xa2120b9e674d3fc3875f415a7df52e382f141225', 'decimal': '0x12'}",{'blockTimestamp': '2023-01-16T04:19:35.000Z'}
395,0xfa7fa1,0xfdade3161715c8bd79977a25354650bbaea3821d50c7f47430c903f3907c436a:log:2,0xfdade3161715c8bd79977a25354650bbaea3821d50c7f47430c903f3907c436a,0x28c6c06298d514db089934071355e5743bf21d60,0x2a26575295c43243381273dcb7b8be64e6c2eacc,500.0,,,,ATA,erc20,"{'value': '0x1b1ae4d6e2ef500000', 'address': '0xa2120b9e674d3fc3875f415a7df52e382f141225', 'decimal': '0x12'}",{'blockTimestamp': '2023-01-16T03:29:23.000Z'}
396,0xfa7f97,0x330777b586befc9652b3007ace9dcc5b13ad631ae81071a59805d39b5a2aeaf4:log:164,0x330777b586befc9652b3007ace9dcc5b13ad631ae81071a59805d39b5a2aeaf4,0xdfd5293d8e347dfe59e90efd55b2956a1343963d,0x45c89ad67a1725541785936841f03d934a018dfe,1000.0,,,,ATA,erc20,"{'value': '0x3635c9adc5dea00000', 'address': '0xa2120b9e674d3fc3875f415a7df52e382f141225', 'decimal': '0x12'}",{'blockTimestamp': '2023-01-16T03:27:23.000Z'}
397,0xfa7c5b,0x418bcbf8f124488c79f2e9176d962cef80e88137d02cfb5e8c820dfb4bcf4493:log:220,0x418bcbf8f124488c79f2e9176d962cef80e88137d02cfb5e8c820dfb4bcf4493,0xdf2f037c6f5845017ed009991d3a382a22b7c9f2,0xd9cd315bc178856a753e56f8fcef94c58d857091,2571.9574231560546,,,,ATA,erc20,"{'value': '0x8b6d14518bc5ab5f5d', 'address': '0xa2120b9e674d3fc3875f415a7df52e382f141225', 'decimal': '0x12'}",{'blockTimestamp': '2023-01-16T00:40:35.000Z'}
398,0xfa7af8,0x02b1b241c3497a402eac939506f316cf7c641f19252e1c086e942408b77c4373:log:267,0x02b1b241c3497a402eac939506f316cf7c641f19252e1c086e942408b77c4373,0xf584f8728b874a6a5c7a8d4d387c9aae9172d621,0xf05e2a70346560d3228c7002194bb7c5dc8fe100,57933.0,,,,ATA,erc20,"{'value': '0x0c448de18dcfa1140000', 'address': '0xa2120b9e674d3fc3875f415a7df52e382f141225', 'decimal': '0x12'}",{'blockTimestamp': '2023-01-15T23:29:11.000Z'}
399,0xfa7581,0x1a456b69f0686e59c70ec8703fb0aa2fa449d3c2b7e3e331f94f93b57d705c57:log:143,0x1a456b69f0686e59c70ec8703fb0aa2fa449d3c2b7e3e331f94f93b57d705c57,0x95b564f3b3bae3f206aa418667ba000afafacc8a,0x3c5c98d99cd86a08346fb0056c52239721d49e50,187.97574671,,,,ATA,erc20,"{'value': '0x0a30b001b1ce5a5c00', 'address': '0xa2120b9e674d3fc3875f415a7df52e382f141225', 'decimal': '0x12'}",{'blockTimestamp': '2023-01-15T18:46:59.000Z'}
400,0xfa73eb,0xb31f03f8fea420a08eb513a602594b5f1bf8adf4d41a855d50648f567e694f5a:log:241,0xb31f03f8fea420a08eb513a602594b5f1bf8adf4d41a855d50648f567e694f5a,0xa9d1e08c7793af67e9d92fe308d5697fb81d3e43,0x4b8a339be06ff31752a806995b72e76e93dd9106,44099.81269482,,,,ATA,erc20,"{'value': '0x0956a7d7cb1e08126800', 'address': '0xa2120b9e674d3fc3875f415a7df52e382f141225', 'decimal': '0x12'}",{'blockTimestamp': '2023-01-15T17:25:11.000Z'}
401,0xfa732a,0x3991e131899f31845162a3642f4b80e091ebaf434a2cf78610a132f87805aff2:log:242,0x3991e131899f31845162a3642f4b80e091ebaf434a2cf78610a132f87805aff2,0xf584f8728b874a6a5c7a8d4d387c9aae9172d621,0xf05e2a70346560d3228c7002194bb7c5dc8fe100,52396.0,,,,ATA,erc20,"{'value': '0x0b186491ea1827300000', 'address': '0xa2120b9e674d3fc3875f415a7df52e382f141225', 'decimal': '0x12'}",{'blockTimestamp': '2023-01-15T16:46:11.000Z'}
402,0xfa6eab,0xa7f06b64095d10a63139b9512ddb06a33e54ae0232a9a48107caa8a301f0b054:log:77,0xa7f06b64095d10a63139b9512ddb06a33e54ae0232a9a48107caa8a301f0b054,0x21a31ee1afc51d94c2efccaa2092ad1028285549,0x305a4408e35153b9762b02a6d4a6a567c139a13a,3846.0,,,,ATA,erc20,"{'value': '0xd07df8cf04c8580000', 'address': '0xa2120b9e674d3fc3875f415a7df52e382f141225', 'decimal': '0x12'}",{'blockTimestamp': '2023-01-15T12:53:59.000Z'}
403,0xfa6bbb,0x324db9ccfc2c5bb443b15c2ef20625c1eaadfb3068ed0011af331f05f6896e34:log:210,0x324db9ccfc2c5bb443b15c2ef20625c1eaadfb3068ed0011af331f05f6896e34,0x1824ffb249cd510573840155b3defbbdb4abb916,0xe3e281b109e82ed6ce766935fd4f15d990bd19c1,1064077.5125196,,,,ATA,erc20,"{'value': '0xe153c1ee084afc80e000', 'address': '0xa2120b9e674d3fc3875f415a7df52e382f141225', 'decimal': '0x12'}",{'blockTimestamp': '2023-01-15T10:22:47.000Z'}
404,0xfa6793,0x31ce84c72810cd59c0fca1cfc0471f527db427b2e3a9c23cbc12beb8093eb7df:log:24,0x31ce84c72810cd59c0fca1cfc0471f527db427b2e3a9c23cbc12beb8093eb7df,0x3c02290922a3618a4646e3bbca65853ea45fe7c6,0xe202532077de92d653012cd5a0aa302b8f77baa4,711.25352,,,,ATA,erc20,"{'value': '0x268ea01c0eae310000', 'address': '0xa2120b9e674d3fc3875f415a7df52e382f141225', 'decimal': '0x12'}",{'blockTimestamp': '2023-01-15T06:48:23.000Z'}
405,0xfa63bc,0x029145aa12e0a5e2396bd7d2d99cdaa8aaa3e935eb6c05b73d9771301ac7e6d7:log:342,0x029145aa12e0a5e2396bd7d2d99cdaa8aaa3e935eb6c05b73d9771301ac7e6d7,0xe202532077de92d653012cd5a0aa302b8f77baa4,0x28c6c06298d514db089934071355e5743bf21d60,3039.66915,,,,ATA,erc20,"{'value': '0xa4c7e22b114f8fe000', 'address': '0xa2120b9e674d3fc3875f415a7df52e382f141225', 'decimal': '0x12'}",{'blockTimestamp': '2023-01-15T03:30:11.000Z'}
406,0xfa62d7,0xedc58f21fcdc1ef1c130df7e50912089bdc34b498913ecbcd37905b9f6730292:log:163,0xedc58f21fcdc1ef1c130df7e50912089bdc34b498913ecbcd37905b9f6730292,0x3c02290922a3618a4646e3bbca65853ea45fe7c6,0xe202532077de92d653012cd5a0aa302b8f77baa4,3039.66915,,,,ATA,erc20,"{'value': '0xa4c7e22b114f8fe000', 'address': '0xa2120b9e674d3fc3875f415a7df52e382f141225', 'decimal': '0x12'}",{'blockTimestamp': '2023-01-15T02:44:11.000Z'}
407,0xfa5dc7,0x20f018732fd28221da6a2afdcfe34389d143bb91c33b881df74ab83ecfd10518:log:34,0x20f018732fd28221da6a2afdcfe34389d143bb91c33b881df74ab83ecfd10518,0xf16e9b0d03470827a95cdfd0cb8a8a3b46969b91,0x4450b95de513a2a5a0fe778d4c12e19bc62c632f,2987.9372,,,,ATA,erc20,"{'value': '0xa1f9f55ca1574b0000', 'address': '0xa2120b9e674d3fc3875f415a7df52e382f141225', 'decimal': '0x12'}",{'blockTimestamp': '2023-01-14T22:23:35.000Z'}
408,0xfa5d9f,0x1fae23d86a6875eff4ac063829fa4a691ab482d8706d901b0ad5185afadd1c41:log:251,0x1fae23d86a6875eff4ac063829fa4a691ab482d8706d901b0ad5185afadd1c41,0x733c5570597e609c796399333f0a176e444386ee,0xf16e9b0d03470827a95cdfd0cb8a8a3b46969b91,25421.0,,,,ATA,erc20,"{'value': '0x0562133e6dc505140000', 'address': '0xa2120b9e674d3fc3875f415a7df52e382f141225', 'decimal': '0x12'}",{'blockTimestamp': '2023-01-14T22:15:35.000Z'}
409,0xfa5ce9,0x20ae5f2a5b4f374d2d22b6745400c81374982239226259f464f6a28ca41df18a:log:71,0x20ae5f2a5b4f374d2d22b6745400c81374982239226259f464f6a28ca41df18a,0x28c6c06298d514db089934071355e5743bf21d60,0x733c5570597e609c796399333f0a176e444386ee,25421.0,,,,ATA,erc20,"{'value': '0x0562133e6dc505140000', 'address': '0xa2120b9e674d3fc3875f415a7df52e382f141225', 'decimal': '0x12'}",{'blockTimestamp': '2023-01-14T21:38:47.000Z'}
410,0xfa5ce9,0x6e2cb1118339db438fd0a0caa1ecff9db3148a6c3c1ec01f2d3079074d2f1202:log:65,0x6e2cb1118339db438fd0a0caa1ecff9db3148a6c3c1ec01f2d3079074d2f1202,0xdfd5293d8e347dfe59e90efd55b2956a1343963d,0xf584f8728b874a6a5c7a8d4d387c9aae9172d621,54881.0,,,,ATA,erc20,"{'value': '0x0b9f1adf680004e40000', 'address': '0xa2120b9e674d3fc3875f415a7df52e382f141225', 'decimal': '0x12'}",{'blockTimestamp': '2023-01-14T21:38:47.000Z'}
411,0xfa5a3e,0xb5db207f9f4ce461a14fc961e44e364a9e850b8762d70afb006cea2a2ff64508:log:101,0xb5db207f9f4ce461a14fc961e44e364a9e850b8762d70afb006cea2a2ff64508,0xf16e9b0d03470827a95cdfd0cb8a8a3b46969b91,0xe4e69d8f002394e26b7aef26f044b629959e232f,105.2714552,,,,ATA,erc20,"{'value': '0x05b4ef56c09872c000', 'address': '0xa2120b9e674d3fc3875f415a7df52e382f141225', 'decimal': '0x12'}",{'blockTimestamp': '2023-01-14T19:21:35.000Z'}
412,0xfa5493,0xac4426f14af504b3f42eca5df509faf115a39d228b23bb49ef9b5b478a2ec04c:log:296,0xac4426f14af504b3f42eca5df509faf115a39d228b23bb49ef9b5b478a2ec04c,0xf05e2a70346560d3228c7002194bb7c5dc8fe100,0x28c6c06298d514db089934071355e5743bf21d60,79125.0,,,,ATA,erc20,"{'value': '0x10c15ff5d5c86f340000', 'address': '0xa2120b9e674d3fc3875f415a7df52e382f141225', 'decimal': '0x12'}",{'blockTimestamp': '2023-01-14T14:30:11.000Z'}
413,0xfa53f8,0xf91ccd3d8ad4dd7b1f14d77266b63ba4345faeda49ec7d39c5ba85d4ccf0f78e:log:544,0xf91ccd3d8ad4dd7b1f14d77266b63ba4345faeda49ec7d39c5ba85d4ccf0f78e,0xf584f8728b874a6a5c7a8d4d387c9aae9172d621,0xf05e2a70346560d3228c7002194bb7c5dc8fe100,79125.0,,,,ATA,erc20,"{'value': '0x10c15ff5d5c86f340000', 'address': '0xa2120b9e674d3fc3875f415a7df52e382f141225', 'decimal': '0x12'}",{'blockTimestamp': '2023-01-14T13:59:11.000Z'}
414,0xfa5081,0x72942f8d8c67569625bc7252a8efb429536074c5bcbdb2d2d01631de83696d61:log:153,0x72942f8d8c67569625bc7252a8efb429536074c5bcbdb2d2d01631de83696d61,0x21a31ee1afc51d94c2efccaa2092ad1028285549,0xf584f8728b874a6a5c7a8d4d387c9aae9172d621,50530.00000000001,,,,ATA,erc20,"{'value': '0x0ab33c9e309608480000', 'address': '0xa2120b9e674d3fc3875f415a7df52e382f141225', 'decimal': '0x12'}",{'blockTimestamp': '2023-01-14T11:01:11.000Z'}
415,0xfa4fe6,0xb8ed4852c30b528bc61aa5961e1158eb75e74451c4e0b7aac9aa2026fc15e783:log:410,0xb8ed4852c30b528bc61aa5961e1158eb75e74451c4e0b7aac9aa2026fc15e783,0xf05e2a70346560d3228c7002194bb7c5dc8fe100,0x28c6c06298d514db089934071355e5743bf21d60,63823.99999999999,,,,ATA,erc20,"{'value': '0x0d83e7edd5f493400000', 'address': '0xa2120b9e674d3fc3875f415a7df52e382f141225', 'decimal': '0x12'}",{'blockTimestamp': '2023-01-14T10:30:11.000Z'}
416,0xfa4ec0,0xba5031dc011602f6c2955683e7235b48171c23023c681f58656355e693b3ad13:log:336,0xba5031dc011602f6c2955683e7235b48171c23023c681f58656355e693b3ad13,0xf584f8728b874a6a5c7a8d4d387c9aae9172d621,0xf05e2a70346560d3228c7002194bb7c5dc8fe100,63823.99999999999,,,,ATA,erc20,"{'value': '0x0d83e7edd5f493400000', 'address': '0xa2120b9e674d3fc3875f415a7df52e382f141225', 'decimal': '0x12'}",{'blockTimestamp': '2023-01-14T09:30:23.000Z'}
417,0xfa4e83,0x9fded91b83c87fea32d8a3c9b1cf18e5d14356c3a6978d0fac0e7c890fcf721f:log:570,0x9fded91b83c87fea32d8a3c9b1cf18e5d14356c3a6978d0fac0e7c890fcf721f,0xa9d1e08c7793af67e9d92fe308d5697fb81d3e43,0xbc53066bff9b8aea7260c6774a62813959f65666,833.8212698799999,,,,ATA,erc20,"{'value': '0x2d33983b2e7284b000', 'address': '0xa2120b9e674d3fc3875f415a7df52e382f141225', 'decimal': '0x12'}",{'blockTimestamp': '2023-01-14T09:18:11.000Z'}
418,0xfa4e29,0x2c1024ece8817d7658b4d0bc4bf8d4af273bb48d567df48b871671dbe58d94c6:log:382,0x2c1024ece8817d7658b4d0bc4bf8d4af273bb48d567df48b871671dbe58d94c6,0x649ae85d11017ac43f0cbab561982e0c9ceeda1f,0x28c6c06298d514db089934071355e5743bf21d60,9042.407806061783,,,,ATA,erc20,"{'value': '0x01ea309de6e223d9bfa3', 'address': '0xa2120b9e674d3fc3875f415a7df52e382f141225', 'decimal': '0x12'}",{'blockTimestamp': '2023-01-14T09:00:11.000Z'}
419,0xfa4d80,0x839a04bba75554402a4445104c6d29722582a0d117887786fbd8114ff10a4251:log:162,0x839a04bba75554402a4445104c6d29722582a0d117887786fbd8114ff10a4251,0x1bad1270426b8059a783704308cec80753de0b38,0x649ae85d11017ac43f0cbab561982e0c9ceeda1f,9042.407806061783,,,,ATA,erc20,"{'value': '0x01ea309de6e223d9bfa3', 'address': '0xa2120b9e674d3fc3875f415a7df52e382f141225', 'decimal': '0x12'}",{'blockTimestamp': '2023-01-14T08:26:23.000Z'}
420,0xfa4d79,0x450e815d08e0428bf75ccc54bca02c597d4214ad7c2f3b0a81863d2ae6db2f73:log:44,0x450e815d08e0428bf75ccc54bca02c597d4214ad7c2f3b0a81863d2ae6db2f73,0x40ec5b33f54e0e8a33a975908c5ba1c14e5bbbdf,0x1bad1270426b8059a783704308cec80753de0b38,9042.407806061783,,,,ATA,erc20,"{'value': '0x01ea309de6e223d9bfa3', 'address': '0xa2120b9e674d3fc3875f415a7df52e382f141225', 'decimal': '0x12'}",{'blockTimestamp': '2023-01-14T08:24:59.000Z'}
421,0xfa4d1d,0xc530a2ceff9f814f925d2170a3975084eab880d06af302aab2c2f3cc9927d888:log:135,0xc530a2ceff9f814f925d2170a3975084eab880d06af302aab2c2f3cc9927d888,0x28c6c06298d514db089934071355e5743bf21d60,0xee88da63fbf7e94f3787ba59932edc8ecc4eed83,930394.0,,,,ATA,erc20,"{'value': '0xc504c282795261280000', 'address': '0xa2120b9e674d3fc3875f415a7df52e382f141225', 'decimal': '0x12'}",{'blockTimestamp': '2023-01-14T08:06:35.000Z'}
422,0xfa4bd1,0xf0bc04fb044e86cd4efcd02bc6dd4b36a3f7ffcc1442574a4584e25cd3fd32d0:log:676,0xf0bc04fb044e86cd4efcd02bc6dd4b36a3f7ffcc1442574a4584e25cd3fd32d0,0xf980f06e01d1c5c507ab57f48755005fa3fd10f2,0xa9d1e08c7793af67e9d92fe308d5697fb81d3e43,1070361.7,,,,ATA,erc20,"{'value': '0xe2a86c8cdaaa1b8a0000', 'address': '0xa2120b9e674d3fc3875f415a7df52e382f141225', 'decimal': '0x12'}",{'blockTimestamp': '2023-01-14T07:00:11.000Z'}
423,0xfa4bd1,0xc19c1447f5eae81f5b7be2047cab9a20a8af9fb47b0470f18101137982eac711:log:570,0xc19c1447f5eae81f5b7be2047cab9a20a8af9fb47b0470f18101137982eac711,0xf05e2a70346560d3228c7002194bb7c5dc8fe100,0x28c6c06298d514db089934071355e5743bf21d60,124090.0,,,,ATA,erc20,"{'value': '0x1a46eeb06700aea80000', 'address': '0xa2120b9e674d3fc3875f415a7df52e382f141225', 'decimal': '0x12'}",{'blockTimestamp': '2023-01-14T07:00:11.000Z'}
424,0xfa4bb3,0xc2c7791b0de5626db8edd1ad1cbe16c6a480f8daea71b41d3022c0fd01364474:log:104,0xc2c7791b0de5626db8edd1ad1cbe16c6a480f8daea71b41d3022c0fd01364474,0xdfd5293d8e347dfe59e90efd55b2956a1343963d,0xa850b2ade716017814d5cd8b9345eb4b33fece31,101631.2794,,,,ATA,erc20,"{'value': '0x1585715484b442da8000', 'address': '0xa2120b9e674d3fc3875f415a7df52e382f141225', 'decimal': '0x12'}",{'blockTimestamp': '2023-01-14T06:53:59.000Z'}
425,0xfa4ba8,0x192f9a2d9215a5c9b1b0a2393960485f969a083fb7c5f1d8e681bd1cf9e0f80a:log:178,0x192f9a2d9215a5c9b1b0a2393960485f969a083fb7c5f1d8e681bd1cf9e0f80a,0xf584f8728b874a6a5c7a8d4d387c9aae9172d621,0xf05e2a70346560d3228c7002194bb7c5dc8fe100,56923.0,,,,ATA,erc20,"{'value': '0x0c0dcd50bd05388c0000', 'address': '0xa2120b9e674d3fc3875f415a7df52e382f141225', 'decimal': '0x12'}",{'blockTimestamp': '2023-01-14T06:51:47.000Z'}
426,0xfa4b22,0xfca5397cb75baf55707e5929e944bad501f5781457c341d6c5bfab7af5a2cf10:log:529,0xfca5397cb75baf55707e5929e944bad501f5781457c341d6c5bfab7af5a2cf10,0xf584f8728b874a6a5c7a8d4d387c9aae9172d621,0xf05e2a70346560d3228c7002194bb7c5dc8fe100,67167.0,,,,ATA,erc20,"{'value': '0x0e39215fa9fb761c0000', 'address': '0xa2120b9e674d3fc3875f415a7df52e382f141225', 'decimal': '0x12'}",{'blockTimestamp': '2023-01-14T06:24:59.000Z'}
427,0xfa4726,0x267ce8a928eb7cc0c3577661beac9007da5f9e8a1538c39fe997e959d45d67cf:log:365,0x267ce8a928eb7cc0c3577661beac9007da5f9e8a1538c39fe997e959d45d67cf,0x649ae85d11017ac43f0cbab561982e0c9ceeda1f,0x28c6c06298d514db089934071355e5743bf21d60,9644.914662496774,,,,ATA,erc20,"{'value': '0x020ada144097c4c01a22', 'address': '0xa2120b9e674d3fc3875f415a7df52e382f141225', 'decimal': '0x12'}",{'blockTimestamp': '2023-01-14T03:00:23.000Z'}
428,0xfa4726,0x1ee48e5883cb3e39ed417b518354c45d1ddaf847751f926149809d4c7c25afc6:log:353,0x1ee48e5883cb3e39ed417b518354c45d1ddaf847751f926149809d4c7c25afc6,0xf05e2a70346560d3228c7002194bb7c5dc8fe100,0x28c6c06298d514db089934071355e5743bf21d60,97109.0,,,,ATA,erc20,"{'value': '0x14904a18a277a0340000', 'address': '0xa2120b9e674d3fc3875f415a7df52e382f141225', 'decimal': '0x12'}",{'blockTimestamp': '2023-01-14T03:00:23.000Z'}
429,0xfa4691,0x8283bd107e8549372863e8971496f98501c665b64a9557a169271fff19453025:log:202,0x8283bd107e8549372863e8971496f98501c665b64a9557a169271fff19453025,0x1bad1270426b8059a783704308cec80753de0b38,0x649ae85d11017ac43f0cbab561982e0c9ceeda1f,9644.914662496774,,,,ATA,erc20,"{'value': '0x020ada144097c4c01a22', 'address': '0xa2120b9e674d3fc3875f415a7df52e382f141225', 'decimal': '0x12'}",{'blockTimestamp': '2023-01-14T02:30:35.000Z'}
430,0xfa468b,0xa83c84c7dbcc63d7b8105a19d4a5516145b6a56a51a32aa3e05a0e9b574cd602:log:54,0xa83c84c7dbcc63d7b8105a19d4a5516145b6a56a51a32aa3e05a0e9b574cd602,0x40ec5b33f54e0e8a33a975908c5ba1c14e5bbbdf,0x1bad1270426b8059a783704308cec80753de0b38,9644.914662496774,,,,ATA,erc20,"{'value': '0x020ada144097c4c01a22', 'address': '0xa2120b9e674d3fc3875f415a7df52e382f141225', 'decimal': '0x12'}",{'blockTimestamp': '2023-01-14T02:29:23.000Z'}
431,0xfa4664,0x321ad27a10524623d9098a7eba7f91b7f24e8a416511b3a01a5346e515790d66:log:381,0x321ad27a10524623d9098a7eba7f91b7f24e8a416511b3a01a5346e515790d66,0xf584f8728b874a6a5c7a8d4d387c9aae9172d621,0xf05e2a70346560d3228c7002194bb7c5dc8fe100,97109.0,,,,ATA,erc20,"{'value': '0x14904a18a277a0340000', 'address': '0xa2120b9e674d3fc3875f415a7df52e382f141225', 'decimal': '0x12'}",{'blockTimestamp': '2023-01-14T02:21:35.000Z'}
432,0xfa443c,0xc6065396679ab0f91b7ebc5b97bd490b1850da7e4bef86a8dc9df52ebbd42d26:log:534,0xc6065396679ab0f91b7ebc5b97bd490b1850da7e4bef86a8dc9df52ebbd42d26,0xf05e2a70346560d3228c7002194bb7c5dc8fe100,0x28c6c06298d514db089934071355e5743bf21d60,135882.0,,,,ATA,erc20,"{'value': '0x1cc62d901a4f1ce80000', 'address': '0xa2120b9e674d3fc3875f415a7df52e382f141225', 'decimal': '0x12'}",{'blockTimestamp': '2023-01-14T00:30:23.000Z'}
433,0xfa43e4,0xcfdd45355a70ece2a0ff9970324ca4915fa876e0dd1da421f7ea1fa0fa0f588d:log:322,0xcfdd45355a70ece2a0ff9970324ca4915fa876e0dd1da421f7ea1fa0fa0f588d,0x733c5570597e609c796399333f0a176e444386ee,0xf16e9b0d03470827a95cdfd0cb8a8a3b46969b91,26897.000000000004,,,,ATA,erc20,"{'value': '0x05b216dbd19621a40000', 'address': '0xa2120b9e674d3fc3875f415a7df52e382f141225', 'decimal': '0x12'}",{'blockTimestamp': '2023-01-14T00:12:35.000Z'}
434,0xfa4375,0xf7053422f957892db88830c80d5cd26701ecfacec198bd372296d9d2b4d378c4:log:313,0xf7053422f957892db88830c80d5cd26701ecfacec198bd372296d9d2b4d378c4,0xf584f8728b874a6a5c7a8d4d387c9aae9172d621,0xf05e2a70346560d3228c7002194bb7c5dc8fe100,135882.0,,,,ATA,erc20,"{'value': '0x1cc62d901a4f1ce80000', 'address': '0xa2120b9e674d3fc3875f415a7df52e382f141225', 'decimal': '0x12'}",{'blockTimestamp': '2023-01-13T23:50:23.000Z'}
435,0xfa430e,0x4312cb0fa1799cc8de60924df0401571080cc5b7d5252dcf3de14200cc1f1598:log:57,0x4312cb0fa1799cc8de60924df0401571080cc5b7d5252dcf3de14200cc1f1598,0x21a31ee1afc51d94c2efccaa2092ad1028285549,0x733c5570597e609c796399333f0a176e444386ee,26897.000000000004,,,,ATA,erc20,"{'value': '0x05b216dbd19621a40000', 'address': '0xa2120b9e674d3fc3875f415a7df52e382f141225', 'decimal': '0x12'}",{'blockTimestamp': '2023-01-13T23:29:47.000Z'}
436,0xfa3d21,0x38c988db61ca54c71cf09c1c330c3162ef700ec0841e48d92948b4db8cbecdb4:log:84,0x38c988db61ca54c71cf09c1c330c3162ef700ec0841e48d92948b4db8cbecdb4,0x28c6c06298d514db089934071355e5743bf21d60,0xf584f8728b874a6a5c7a8d4d387c9aae9172d621,41033.0,,,,ATA,erc20,"{'value': '0x08b0674461d93b840000', 'address': '0xa2120b9e674d3fc3875f415a7df52e382f141225', 'decimal': '0x12'}",{'blockTimestamp': '2023-01-13T18:25:47.000Z'}
437,0xfa381f,0xbf48216ef6016081b4bbb9f477526178ab2b43d148e2f7884a86ecc96e4d9e53:log:57,0xbf48216ef6016081b4bbb9f477526178ab2b43d148e2f7884a86ecc96e4d9e53,0xdfd5293d8e347dfe59e90efd55b2956a1343963d,0x27e1df218ac88fb886281068e6f22cc12cc628e7,236.0,,,,ATA,erc20,"{'value': '0x0ccb286d9e50300000', 'address': '0xa2120b9e674d3fc3875f415a7df52e382f141225', 'decimal': '0x12'}",{'blockTimestamp': '2023-01-13T14:08:23.000Z'}
438,0xfa37c4,0x88b4ec70d01f3158b6e5976799ea23dc1b6613f6f6be866c2c32c3d15c8335bf:log:258,0x88b4ec70d01f3158b6e5976799ea23dc1b6613f6f6be866c2c32c3d15c8335bf,0xa2120b9e674d3fc3875f415a7df52e382f141225,0x789ab8fc2b2bdcbff891d64d919c66fd79ad30e1,399999.99999999994,,,,ATA,erc20,"{'value': '0x54b40b1f852bda000000', 'address': '0xa2120b9e674d3fc3875f415a7df52e382f141225', 'decimal': '0x12'}",{'blockTimestamp': '2023-01-13T13:50:11.000Z'}
439,0xfa32ff,0x6cbab9fa11e0ff3f7659ec05d5ed1316a38e86ed1b1d99b66436eb244638e8ca:log:65,0x6cbab9fa11e0ff3f7659ec05d5ed1316a38e86ed1b1d99b66436eb244638e8ca,0x21a31ee1afc51d94c2efccaa2092ad1028285549,0xd96c8c5804d4fa909e40713c9bc2e98cd0457b78,2695.4069999999997,,,,ATA,erc20,"{'value': '0x921e49519f25518000', 'address': '0xa2120b9e674d3fc3875f415a7df52e382f141225', 'decimal': '0x12'}",{'blockTimestamp': '2023-01-13T09:43:35.000Z'}
440,0xfa2e77,0xafbfd4951e9385c45cf04623c4665920444d58356aef373dd505f5f3674cc22f:log:82,0xafbfd4951e9385c45cf04623c4665920444d58356aef373dd505f5f3674cc22f,0xf977814e90da44bfa03b6295a0616a897441acec,0x28c6c06298d514db089934071355e5743bf21d60,2853304.588,,,,ATA,erc20,"{'value': '0x025c35f39f92634bce0000', 'address': '0xa2120b9e674d3fc3875f415a7df52e382f141225', 'decimal': '0x12'}",{'blockTimestamp': '2023-01-13T05:50:23.000Z'}
441,0xfa2c79,0x8e88107773d8b6ee143402c029cfc08c5bd2485bdc7d0ad9c926ebace0e71595:log:57,0x8e88107773d8b6ee143402c029cfc08c5bd2485bdc7d0ad9c926ebace0e71595,0x28c6c06298d514db089934071355e5743bf21d60,0xd29409715477a283832b27ec66abe53efd3a06c7,32.0,,,,ATA,erc20,"{'value': '0x01bc16d674ec800000', 'address': '0xa2120b9e674d3fc3875f415a7df52e382f141225', 'decimal': '0x12'}",{'blockTimestamp': '2023-01-13T04:07:47.000Z'}
442,0xfa2c54,0x7861e57f142e906f30e91308034b01c4da6af78e2d193df3e2ca139ce6bd225a:log:306,0x7861e57f142e906f30e91308034b01c4da6af78e2d193df3e2ca139ce6bd225a,0xf05e2a70346560d3228c7002194bb7c5dc8fe100,0x28c6c06298d514db089934071355e5743bf21d60,55927.0,,,,ATA,erc20,"{'value': '0x0bd7cf09ea0df77c0000', 'address': '0xa2120b9e674d3fc3875f415a7df52e382f141225', 'decimal': '0x12'}",{'blockTimestamp': '2023-01-13T04:00:11.000Z'}
443,0xfa2c33,0x3285c2311139bcb9d4540c55b8f9f36eaaef4450a485d49e04ce4f670fde5def:log:40,0x3285c2311139bcb9d4540c55b8f9f36eaaef4450a485d49e04ce4f670fde5def,0xf16e9b0d03470827a95cdfd0cb8a8a3b46969b91,0xf05e2a70346560d3228c7002194bb7c5dc8fe100,55927.0,,,,ATA,erc20,"{'value': '0x0bd7cf09ea0df77c0000', 'address': '0xa2120b9e674d3fc3875f415a7df52e382f141225', 'decimal': '0x12'}",{'blockTimestamp': '2023-01-13T03:53:35.000Z'}
444,0xfa28f6,0x0045e3bd19b24116863a808d34a476ee421dd364e66581794172ee3c2f412f09:log:237,0x0045e3bd19b24116863a808d34a476ee421dd364e66581794172ee3c2f412f09,0x733c5570597e609c796399333f0a176e444386ee,0xf16e9b0d03470827a95cdfd0cb8a8a3b46969b91,85435.99999999999,,,,ATA,erc20,"{'value': '0x12177eaddcac01700000', 'address': '0xa2120b9e674d3fc3875f415a7df52e382f141225', 'decimal': '0x12'}",{'blockTimestamp': '2023-01-13T01:06:35.000Z'}
445,0xfa2840,0xadcae6e47b92cba70e47a9d52e3df0101e4de407d12b56233e9c38e8cfa66647:log:457,0xadcae6e47b92cba70e47a9d52e3df0101e4de407d12b56233e9c38e8cfa66647,0xf05e2a70346560d3228c7002194bb7c5dc8fe100,0x28c6c06298d514db089934071355e5743bf21d60,174639.0,,,,ATA,erc20,"{'value': '0x24fb32fc26ec235c0000', 'address': '0xa2120b9e674d3fc3875f415a7df52e382f141225', 'decimal': '0x12'}",{'blockTimestamp': '2023-01-13T00:30:11.000Z'}
446,0xfa2819,0xc5049e7e12509fadf436a4543dbc359edc7c1616875c28d1c998c61dd640c368:log:84,0xc5049e7e12509fadf436a4543dbc359edc7c1616875c28d1c998c61dd640c368,0xdfd5293d8e347dfe59e90efd55b2956a1343963d,0x733c5570597e609c796399333f0a176e444386ee,85435.99999999999,,,,ATA,erc20,"{'value': '0x12177eaddcac01700000', 'address': '0xa2120b9e674d3fc3875f415a7df52e382f141225', 'decimal': '0x12'}",{'blockTimestamp': '2023-01-13T00:22:23.000Z'}
447,0xfa27c4,0x9c4e020d84422bd45380a0ef0c9909c82523c4cfc5f01953c082f92ed6713b4c:log:356,0x9c4e020d84422bd45380a0ef0c9909c82523c4cfc5f01953c082f92ed6713b4c,0xf584f8728b874a6a5c7a8d4d387c9aae9172d621,0xf05e2a70346560d3228c7002194bb7c5dc8fe100,83791.0,,,,ATA,erc20,"{'value': '0x11be51b7dc4163dc0000', 'address': '0xa2120b9e674d3fc3875f415a7df52e382f141225', 'decimal': '0x12'}",{'blockTimestamp': '2023-01-13T00:05:11.000Z'}
448,0xfa2777,0x0231abbcf63761dae77589cc5792336c3718020f1daea51100abf48d52c295ee:log:380,0x0231abbcf63761dae77589cc5792336c3718020f1daea51100abf48d52c295ee,0xf584f8728b874a6a5c7a8d4d387c9aae9172d621,0xf05e2a70346560d3228c7002194bb7c5dc8fe100,90848.00000000001,,,,ATA,erc20,"{'value': '0x133ce1444aaabf800000', 'address': '0xa2120b9e674d3fc3875f415a7df52e382f141225', 'decimal': '0x12'}",{'blockTimestamp': '2023-01-12T23:49:23.000Z'}
449,0xfa25ae,0x4382447662bd6a1c3dbbeb7f49e24037a4b5f601951077c6092fb6f2ff0b6e03:log:530,0x4382447662bd6a1c3dbbeb7f49e24037a4b5f601951077c6092fb6f2ff0b6e03,0x733c5570597e609c796399333f0a176e444386ee,0xf16e9b0d03470827a95cdfd0cb8a8a3b46969b91,29342.999999999996,,,,ATA,erc20,"{'value': '0x0636afed7a1f7f1c0000', 'address': '0xa2120b9e674d3fc3875f415a7df52e382f141225', 'decimal': '0x12'}",{'blockTimestamp': '2023-01-12T22:17:35.000Z'}
450,0xfa24a2,0x655866a95df612fc54ccce32476aa0e54176537d8e1b5f4cb11bd5833632d64e:log:158,0x655866a95df612fc54ccce32476aa0e54176537d8e1b5f4cb11bd5833632d64e,0x21a31ee1afc51d94c2efccaa2092ad1028285549,0x733c5570597e609c796399333f0a176e444386ee,29342.999999999996,,,,ATA,erc20,"{'value': '0x0636afed7a1f7f1c0000', 'address': '0xa2120b9e674d3fc3875f415a7df52e382f141225', 'decimal': '0x12'}",{'blockTimestamp': '2023-01-12T21:23:47.000Z'}
451,0xfa2316,0x8566c58b887dc38200facf6ce7f1d0a703559bc7bbcf8548b0a33cd0ceb58389:log:224,0x8566c58b887dc38200facf6ce7f1d0a703559bc7bbcf8548b0a33cd0ceb58389,0x28c6c06298d514db089934071355e5743bf21d60,0xbe7a925501041c8732ce8c0c2cf77c54207f4068,841.928,,,,ATA,erc20,"{'value': '0x2da4191f4637140000', 'address': '0xa2120b9e674d3fc3875f415a7df52e382f141225', 'decimal': '0x12'}",{'blockTimestamp': '2023-01-12T20:03:59.000Z'}
452,0xfa2304,0xe21da6a7439990aa6f06ebf2f88400cfd146f8ea9176b6c8cd52f142950acc19:log:411,0xe21da6a7439990aa6f06ebf2f88400cfd146f8ea9176b6c8cd52f142950acc19,0xf05e2a70346560d3228c7002194bb7c5dc8fe100,0x28c6c06298d514db089934071355e5743bf21d60,55299.0,,,,ATA,erc20,"{'value': '0x0bb5c3c9b957562c0000', 'address': '0xa2120b9e674d3fc3875f415a7df52e382f141225', 'decimal': '0x12'}",{'blockTimestamp': '2023-01-12T20:00:23.000Z'}
453,0xfa2298,0x1e2fa83c695176d4952e074aca0cfa372bdb3c902358a96e21845b3776b849ae:log:239,0x1e2fa83c695176d4952e074aca0cfa372bdb3c902358a96e21845b3776b849ae,0xf584f8728b874a6a5c7a8d4d387c9aae9172d621,0xf05e2a70346560d3228c7002194bb7c5dc8fe100,55299.0,,,,ATA,erc20,"{'value': '0x0bb5c3c9b957562c0000', 'address': '0xa2120b9e674d3fc3875f415a7df52e382f141225', 'decimal': '0x12'}",{'blockTimestamp': '2023-01-12T19:38:35.000Z'}
454,0xfa1467,0xed0c794e447481f858881156eee20f8ad48443201882e227bb3a0e2b08118036:log:69,0xed0c794e447481f858881156eee20f8ad48443201882e227bb3a0e2b08118036,0x28c6c06298d514db089934071355e5743bf21d60,0xa8edd871b45296187f92cd96db4004e771b3d721,834495.0,,,,ATA,erc20,"{'value': '0xb0b6108963ffef9c0000', 'address': '0xa2120b9e674d3fc3875f415a7df52e382f141225', 'decimal': '0x12'}",{'blockTimestamp': '2023-01-12T07:26:35.000Z'}
455,0xfa13b9,0x243d021b810cf1298a4a8e313fbed567e4fce933505ac8ade73ca75dcaa27f57:log:419,0x243d021b810cf1298a4a8e313fbed567e4fce933505ac8ade73ca75dcaa27f57,0x1670212deac98bc769933e228f3bf3c9b529eb88,0x0ef4b88e23bd5072f371757e3f6e9136e224a911,117.37869969,,,,ATA,erc20,"{'value': '0x065cf4e97813b42400', 'address': '0xa2120b9e674d3fc3875f415a7df52e382f141225', 'decimal': '0x12'}",{'blockTimestamp': '2023-01-12T06:51:47.000Z'}
456,0xfa12bb,0xda6c4c8ca6dd252d14633ce8c5979820bd4097b496a37df3e3c99b92b4fb0d22:log:228,0xda6c4c8ca6dd252d14633ce8c5979820bd4097b496a37df3e3c99b92b4fb0d22,0x28c6c06298d514db089934071355e5743bf21d60,0x21a31ee1afc51d94c2efccaa2092ad1028285549,262483.161,,,,ATA,erc20,"{'value': '0x37953d9c8a1c4a428000', 'address': '0xa2120b9e674d3fc3875f415a7df52e382f141225', 'decimal': '0x12'}",{'blockTimestamp': '2023-01-12T06:00:35.000Z'}
457,0xfa12bb,0xaf110a7e9e0b8841f8e5d58fc097596ca733470776a463c7b529d507a9ba82e2:log:221,0xaf110a7e9e0b8841f8e5d58fc097596ca733470776a463c7b529d507a9ba82e2,0x28c6c06298d514db089934071355e5743bf21d60,0xdfd5293d8e347dfe59e90efd55b2956a1343963d,258333.0,,,,ATA,erc20,"{'value': '0x36b4428ec91b1a540000', 'address': '0xa2120b9e674d3fc3875f415a7df52e382f141225', 'decimal': '0x12'}",{'blockTimestamp': '2023-01-12T06:00:35.000Z'}
458,0xfa12ae,0xa2610ddabedc8e4f1158cd533c38cbfc0566ca6ff1c37eff7a04e6e7fa3a8db2:log:3,0xa2610ddabedc8e4f1158cd533c38cbfc0566ca6ff1c37eff7a04e6e7fa3a8db2,0x5a52e96bacdabb82fd05763e25335261b270efcb,0x28c6c06298d514db089934071355e5743bf21d60,1355585.0,,,,ATA,erc20,"{'value': '0x011f0e68fc46dadc640000', 'address': '0xa2120b9e674d3fc3875f415a7df52e382f141225', 'decimal': '0x12'}",{'blockTimestamp': '2023-01-12T05:57:59.000Z'}
459,0xfa11a3,0x076361b3c0d810c2e58e1803964758d5a3b82c3dbe31e67df681d98a690b7a30:log:329,0x076361b3c0d810c2e58e1803964758d5a3b82c3dbe31e67df681d98a690b7a30,0x0f2cf7539d66a118784cec226361e0f3b28cf657,0x5654d65578cda52791879751141f2f3d7dc27fe4,1438.5269999999998,,,,ATA,erc20,"{'value': '0x4dfb928cdb78598000', 'address': '0xa2120b9e674d3fc3875f415a7df52e382f141225', 'decimal': '0x12'}",{'blockTimestamp': '2023-01-12T05:04:35.000Z'}
460,0xfa1199,0x026be6d8ab1305abea5b16b52c7930e456d6168f45ef4b978c83970a61a91a59:log:35,0x026be6d8ab1305abea5b16b52c7930e456d6168f45ef4b978c83970a61a91a59,0x21a31ee1afc51d94c2efccaa2092ad1028285549,0x0f2cf7539d66a118784cec226361e0f3b28cf657,1438.5269999999998,,,,ATA,erc20,"{'value': '0x4dfb928cdb78598000', 'address': '0xa2120b9e674d3fc3875f415a7df52e382f141225', 'decimal': '0x12'}",{'blockTimestamp': '2023-01-12T05:02:35.000Z'}
461,0xfa0eb9,0x65665a949ba6c9756d2696c900cdfcc3c494c56e7130fc0c1d254d4b75255a87:log:85,0x65665a949ba6c9756d2696c900cdfcc3c494c56e7130fc0c1d254d4b75255a87,0x28c6c06298d514db089934071355e5743bf21d60,0xf584f8728b874a6a5c7a8d4d387c9aae9172d621,58493.99999999999,,,,ATA,erc20,"{'value': '0x0c62f751ed8173380000', 'address': '0xa2120b9e674d3fc3875f415a7df52e382f141225', 'decimal': '0x12'}",{'blockTimestamp': '2023-01-12T02:34:47.000Z'}
462,0xfa0d78,0x7727465996aeec5ffa388744027d99dd237516507667daadc97cbbde4edb7614:log:356,0x7727465996aeec5ffa388744027d99dd237516507667daadc97cbbde4edb7614,0xd184f8c260533d29ae99ba00224a7ac07f096f40,0x28c6c06298d514db089934071355e5743bf21d60,105356.825,,,,ATA,erc20,"{'value': '0x164f67a9551e1a628000', 'address': '0xa2120b9e674d3fc3875f415a7df52e382f141225', 'decimal': '0x12'}",{'blockTimestamp': '2023-01-12T01:30:11.000Z'}
463,0xfa0d1f,0x1eade91a2df9aa8a8d9eba2d9d6a5f95c31b49c21ae00dc0972eb03504d86d4b:log:29,0x1eade91a2df9aa8a8d9eba2d9d6a5f95c31b49c21ae00dc0972eb03504d86d4b,0x6b09a2aeda9dbb977f2b9dff0a294d4818862bc3,0xd184f8c260533d29ae99ba00224a7ac07f096f40,105356.825,,,,ATA,erc20,"{'value': '0x164f67a9551e1a628000', 'address': '0xa2120b9e674d3fc3875f415a7df52e382f141225', 'decimal': '0x12'}",{'blockTimestamp': '2023-01-12T01:12:11.000Z'}
464,0xfa0ce3,0xabcba22b354d390163f9a0fc7803f30d26c4095a2750a967d710ec565c5e7a5f:log:307,0xabcba22b354d390163f9a0fc7803f30d26c4095a2750a967d710ec565c5e7a5f,0xf05e2a70346560d3228c7002194bb7c5dc8fe100,0x28c6c06298d514db089934071355e5743bf21d60,61745.0,,,,ATA,erc20,"{'value': '0x0d13340218f82e240000', 'address': '0xa2120b9e674d3fc3875f415a7df52e382f141225', 'decimal': '0x12'}",{'blockTimestamp': '2023-01-12T01:00:11.000Z'}
465,0xfa0cbc,0x418b3293ad0f06b9756016fe86b29d1d1a020120bca2ab0d8aaca018aa407b83:log:373,0x418b3293ad0f06b9756016fe86b29d1d1a020120bca2ab0d8aaca018aa407b83,0xf584f8728b874a6a5c7a8d4d387c9aae9172d621,0xf05e2a70346560d3228c7002194bb7c5dc8fe100,61745.0,,,,ATA,erc20,"{'value': '0x0d13340218f82e240000', 'address': '0xa2120b9e674d3fc3875f415a7df52e382f141225', 'decimal': '0x12'}",{'blockTimestamp': '2023-01-12T00:52:23.000Z'}
466,0xfa0c4d,0xea3319ba3129ba42fdee6483f413779254c67623ec5db4592e93135c89bb97e9:log:300,0xea3319ba3129ba42fdee6483f413779254c67623ec5db4592e93135c89bb97e9,0xf05e2a70346560d3228c7002194bb7c5dc8fe100,0x28c6c06298d514db089934071355e5743bf21d60,49126.0,,,,ATA,erc20,"{'value': '0x0a6720342f4bffd80000', 'address': '0xa2120b9e674d3fc3875f415a7df52e382f141225', 'decimal': '0x12'}",{'blockTimestamp': '2023-01-12T00:30:11.000Z'}
467,0xfa0bfa,0xabac310150908485d215182cc9b544e660fa7a02d84bcaab42e123b01d6fc499:log:194,0xabac310150908485d215182cc9b544e660fa7a02d84bcaab42e123b01d6fc499,0xf584f8728b874a6a5c7a8d4d387c9aae9172d621,0xf05e2a70346560d3228c7002194bb7c5dc8fe100,49126.0,,,,ATA,erc20,"{'value': '0x0a6720342f4bffd80000', 'address': '0xa2120b9e674d3fc3875f415a7df52e382f141225', 'decimal': '0x12'}",{'blockTimestamp': '2023-01-12T00:13:35.000Z'}
468,0xfa0b11,0x39517805b3fd800e0dec54ef1f500e0f6318f986ce2102b220d7aa364e2e6520:log:254,0x39517805b3fd800e0dec54ef1f500e0f6318f986ce2102b220d7aa364e2e6520,0xdfd5293d8e347dfe59e90efd55b2956a1343963d,0xf584f8728b874a6a5c7a8d4d387c9aae9172d621,48799.0,,,,ATA,erc20,"{'value': '0x0a55662acfd12f1c0000', 'address': '0xa2120b9e674d3fc3875f415a7df52e382f141225', 'decimal': '0x12'}",{'blockTimestamp': '2023-01-11T23:26:47.000Z'}
469,0xfa08d0,0x6b1877cb0537177131358f2f46949eb014e7cccf6483ae247f79df81706afdc9:log:386,0x6b1877cb0537177131358f2f46949eb014e7cccf6483ae247f79df81706afdc9,0xf05e2a70346560d3228c7002194bb7c5dc8fe100,0x28c6c06298d514db089934071355e5743bf21d60,28624.0,,,,ATA,erc20,"{'value': '0x060fb5cc578c5d400000', 'address': '0xa2120b9e674d3fc3875f415a7df52e382f141225', 'decimal': '0x12'}",{'blockTimestamp': '2023-01-11T21:30:11.000Z'}
470,0xfa0775,0x44ce459b572403b68b69f993f02f6a4b20d29e47051fcb992a4e1a5655577892:log:327,0x44ce459b572403b68b69f993f02f6a4b20d29e47051fcb992a4e1a5655577892,0xf584f8728b874a6a5c7a8d4d387c9aae9172d621,0xf05e2a70346560d3228c7002194bb7c5dc8fe100,28624.0,,,,ATA,erc20,"{'value': '0x060fb5cc578c5d400000', 'address': '0xa2120b9e674d3fc3875f415a7df52e382f141225', 'decimal': '0x12'}",{'blockTimestamp': '2023-01-11T20:20:23.000Z'}
471,0xfa067c,0x6fe10b749a4e951362191d7a051558933d2034c4050d061a436af4a58846d51d:log:327,0x6fe10b749a4e951362191d7a051558933d2034c4050d061a436af4a58846d51d,0xf05e2a70346560d3228c7002194bb7c5dc8fe100,0x28c6c06298d514db089934071355e5743bf21d60,28620.0,,,,ATA,erc20,"{'value': '0x060f7e497cbdbfb00000', 'address': '0xa2120b9e674d3fc3875f415a7df52e382f141225', 'decimal': '0x12'}",{'blockTimestamp': '2023-01-11T19:30:23.000Z'}
472,0xfa064d,0xe6ffd92ad8766230c0fd61a33889aee9a154c1876fa07666683d5cfbdd73ae73:log:353,0xe6ffd92ad8766230c0fd61a33889aee9a154c1876fa07666683d5cfbdd73ae73,0xf584f8728b874a6a5c7a8d4d387c9aae9172d621,0xf05e2a70346560d3228c7002194bb7c5dc8fe100,28620.0,,,,ATA,erc20,"{'value': '0x060f7e497cbdbfb00000', 'address': '0xa2120b9e674d3fc3875f415a7df52e382f141225', 'decimal': '0x12'}",{'blockTimestamp': '2023-01-11T19:20:59.000Z'}
473,0xfa059d,0x6eec86cd9edea04cf5e1ddfe04a045e06081ddb4133613f34f448c848c540f26:log:164,0x6eec86cd9edea04cf5e1ddfe04a045e06081ddb4133613f34f448c848c540f26,0x21a31ee1afc51d94c2efccaa2092ad1028285549,0xf584f8728b874a6a5c7a8d4d387c9aae9172d621,45873.0,,,,ATA,erc20,"{'value': '0x09b6c7c2966df6240000', 'address': '0xa2120b9e674d3fc3875f415a7df52e382f141225', 'decimal': '0x12'}",{'blockTimestamp': '2023-01-11T18:45:23.000Z'}
474,0xfa0474,0x819a545eb6daa8b7e566f283ad1529f27c8e60d4a4608466a2d47528a096b5ff:log:111,0x819a545eb6daa8b7e566f283ad1529f27c8e60d4a4608466a2d47528a096b5ff,0x28c6c06298d514db089934071355e5743bf21d60,0xf1ccf19f71d820db4cd1263516a958d3e6272021,10306.893699999999,,,,ATA,erc20,"{'value': '0x022ebce23be3038c4000', 'address': '0xa2120b9e674d3fc3875f415a7df52e382f141225', 'decimal': '0x12'}",{'blockTimestamp': '2023-01-11T17:45:23.000Z'}
475,0xfa037e,0xa4cccdba9f9f448f28e1d900640fd794fee5d3e535499453dfcb943a43206ee3:log:137,0xa4cccdba9f9f448f28e1d900640fd794fee5d3e535499453dfcb943a43206ee3,0x28c6c06298d514db089934071355e5743bf21d60,0x7d796b85a1b038918c046d202d29bfc3167a6d7e,658343.0,,,,ATA,erc20,"{'value': '0x8b68d875714b7e3c0000', 'address': '0xa2120b9e674d3fc3875f415a7df52e382f141225', 'decimal': '0x12'}",{'blockTimestamp': '2023-01-11T16:54:11.000Z'}
476,0xfa02cc,0x4765481499c022b1d498583c95c9b28a35a3cab01a9817be91f8b6a258e7d4f5:log:221,0x4765481499c022b1d498583c95c9b28a35a3cab01a9817be91f8b6a258e7d4f5,0xf05e2a70346560d3228c7002194bb7c5dc8fe100,0x28c6c06298d514db089934071355e5743bf21d60,28797.0,,,,ATA,erc20,"{'value': '0x061916a7cef47bd40000', 'address': '0xa2120b9e674d3fc3875f415a7df52e382f141225', 'decimal': '0x12'}",{'blockTimestamp': '2023-01-11T16:18:35.000Z'}
477,0xfa0248,0x808df2ef76b1953990b0d9dac3e6b098d08ea5dc6a6c321f5d695ea1324ec032:log:249,0x808df2ef76b1953990b0d9dac3e6b098d08ea5dc6a6c321f5d695ea1324ec032,0xf584f8728b874a6a5c7a8d4d387c9aae9172d621,0xf05e2a70346560d3228c7002194bb7c5dc8fe100,28797.0,,,,ATA,erc20,"{'value': '0x061916a7cef47bd40000', 'address': '0xa2120b9e674d3fc3875f415a7df52e382f141225', 'decimal': '0x12'}",{'blockTimestamp': '2023-01-11T15:51:47.000Z'}
478,0xf9fc8a,0xc213d7d75b931a39843f328f60355095c69832b88be8d8b0da22e42c12cef1eb:log:422,0xc213d7d75b931a39843f328f60355095c69832b88be8d8b0da22e42c12cef1eb,0x3c449b5761d410e77e8f79b246399262dfc7313d,0xd277c909848d6e6d3c43ae6f19aa2139d94f69cd,0.217,,,,ATA,erc20,"{'value': '0x0302f059ac428000', 'address': '0xa2120b9e674d3fc3875f415a7df52e382f141225', 'decimal': '0x12'}",{'blockTimestamp': '2023-01-11T10:56:23.000Z'}
479,0xf9f9b1,0xb3d2f4bbbf96fc0c213ac1de495cb3f5e50da01d08202e5c01debb4c19186578:log:319,0xb3d2f4bbbf96fc0c213ac1de495cb3f5e50da01d08202e5c01debb4c19186578,0x10f90dd36517c9de5b8a1586220013a21002fa2e,0x28c6c06298d514db089934071355e5743bf21d60,41665.0,,,,ATA,erc20,"{'value': '0x08d2aa076d5e7a640000', 'address': '0xa2120b9e674d3fc3875f415a7df52e382f141225', 'decimal': '0x12'}",{'blockTimestamp': '2023-01-11T08:30:11.000Z'}
480,0xf9f92e,0xf20d5a55727a06b196b13299568eb7341b6f7cad15f7350a8820fc2f844e1e71:log:203,0xf20d5a55727a06b196b13299568eb7341b6f7cad15f7350a8820fc2f844e1e71,0x70031213c95deecfa44a6c438bca25134a292eef,0x10f90dd36517c9de5b8a1586220013a21002fa2e,41665.0,,,,ATA,erc20,"{'value': '0x08d2aa076d5e7a640000', 'address': '0xa2120b9e674d3fc3875f415a7df52e382f141225', 'decimal': '0x12'}",{'blockTimestamp': '2023-01-11T08:03:59.000Z'}
481,0xf9f6c6,0xb6cda0f6314a3150b4182eb7e9112ab9b267521294148353e9866064a8e8b4bd:log:273,0xb6cda0f6314a3150b4182eb7e9112ab9b267521294148353e9866064a8e8b4bd,0xc2d026eb0e2b348bcd623b8362cf2caca829975d,0x28c6c06298d514db089934071355e5743bf21d60,44641.07142857143,,,,ATA,erc20,"{'value': '0x0973ff5119c0a7b44924', 'address': '0xa2120b9e674d3fc3875f415a7df52e382f141225', 'decimal': '0x12'}",{'blockTimestamp': '2023-01-11T06:00:11.000Z'}
482,0xf9f681,0x47748af1b682e94b1e7ea8b10e374bc0c1a041271f3b5e1943e2f02a5c6f06b7:log:201,0x47748af1b682e94b1e7ea8b10e374bc0c1a041271f3b5e1943e2f02a5c6f06b7,0xa548cb6546ce34766e7721370ba1d49bc640409d,0xc2d026eb0e2b348bcd623b8362cf2caca829975d,44641.07142857143,,,,ATA,erc20,"{'value': '0x0973ff5119c0a7b44924', 'address': '0xa2120b9e674d3fc3875f415a7df52e382f141225', 'decimal': '0x12'}",{'blockTimestamp': '2023-01-11T05:46:23.000Z'}
483,0xf9f636,0x94acb8dd4ed6140462db8bfdc9b636b60cd67b008f9e1392c3547a376fa2cb6b:log:72,0x94acb8dd4ed6140462db8bfdc9b636b60cd67b008f9e1392c3547a376fa2cb6b,0xa2120b9e674d3fc3875f415a7df52e382f141225,0xa548cb6546ce34766e7721370ba1d49bc640409d,44641.07142857143,,,,ATA,erc20,"{'value': '0x0973ff5119c0a7b44924', 'address': '0xa2120b9e674d3fc3875f415a7df52e382f141225', 'decimal': '0x12'}",{'blockTimestamp': '2023-01-11T05:31:23.000Z'}
484,0xf9efd3,0x55f5433163fc0707585b9cde61870187f337a4c2e912db000c0a6020129dc56c:log:108,0x55f5433163fc0707585b9cde61870187f337a4c2e912db000c0a6020129dc56c,0xa2120b9e674d3fc3875f415a7df52e382f141225,0x8cd7e61d9c3d24de29e2c003c110c7cf25b8786d,750000.0,,,,ATA,erc20,"{'value': '0x9ed194db19b238c00000', 'address': '0xa2120b9e674d3fc3875f415a7df52e382f141225', 'decimal': '0x12'}",{'blockTimestamp': '2023-01-11T00:02:59.000Z'}
485,0xf9eadb,0xf16f248f46fa1e2dbb357a40cddb17b82ea7f72308733ba61e79bfb5b3612f03:log:160,0xf16f248f46fa1e2dbb357a40cddb17b82ea7f72308733ba61e79bfb5b3612f03,0x21a31ee1afc51d94c2efccaa2092ad1028285549,0xdcee3334d1d3e1368f0972f4a7a56fe862e10c6b,3999.3340000000003,,,,ATA,erc20,"{'value': '0xd8cde89b9ece170000', 'address': '0xa2120b9e674d3fc3875f415a7df52e382f141225', 'decimal': '0x12'}",{'blockTimestamp': '2023-01-10T19:45:59.000Z'}
486,0xf9e8ce,0xcd2375372556fbefde59095a8977c6baa3876c1cacfc1b4df94fb10f8c4d6f09:log:227,0xcd2375372556fbefde59095a8977c6baa3876c1cacfc1b4df94fb10f8c4d6f09,0x28c6c06298d514db089934071355e5743bf21d60,0xdfd5293d8e347dfe59e90efd55b2956a1343963d,279981.528,,,,ATA,erc20,"{'value': '0x3b49d43c5649ebfc0000', 'address': '0xa2120b9e674d3fc3875f415a7df52e382f141225', 'decimal': '0x12'}",{'blockTimestamp': '2023-01-10T18:00:35.000Z'}
487,0xf9e8bb,0x4ddf3cd8d3d1bebf4edfd10b93c85d95b0e7f3d967500777b2dfaf29f2c18b04:log:167,0x4ddf3cd8d3d1bebf4edfd10b93c85d95b0e7f3d967500777b2dfaf29f2c18b04,0x28c6c06298d514db089934071355e5743bf21d60,0x4a6c47048f5905e217bd17d111ec94252ef6b36d,999968.9999999999,,,,ATA,erc20,"{'value': '0xd3c06d98ad2c5be40000', 'address': '0xa2120b9e674d3fc3875f415a7df52e382f141225', 'decimal': '0x12'}",{'blockTimestamp': '2023-01-10T17:56:47.000Z'}
488,0xf9e891,0xc7c086deb6b2cc73bbaa2ec3d9116168ad922b329890f8f552d204420597f351:log:33,0xc7c086deb6b2cc73bbaa2ec3d9116168ad922b329890f8f552d204420597f351,0xdfd5293d8e347dfe59e90efd55b2956a1343963d,0x4a6c47048f5905e217bd17d111ec94252ef6b36d,199969.0,,,,ATA,erc20,"{'value': '0x2a585759a2d4a7e40000', 'address': '0xa2120b9e674d3fc3875f415a7df52e382f141225', 'decimal': '0x12'}",{'blockTimestamp': '2023-01-10T17:48:11.000Z'}
489,0xf9d3c7,0xd4b1908a8b6efeebf0c9d76b56db54fe0374cd42c970d5b164198d15a3fcff7b:log:224,0xd4b1908a8b6efeebf0c9d76b56db54fe0374cd42c970d5b164198d15a3fcff7b,0xf05e2a70346560d3228c7002194bb7c5dc8fe100,0x28c6c06298d514db089934071355e5743bf21d60,62278.99999999999,,,,ATA,erc20,"{'value': '0x0d3026bf33b758bc0000', 'address': '0xa2120b9e674d3fc3875f415a7df52e382f141225', 'decimal': '0x12'}",{'blockTimestamp': '2023-01-10T00:00:11.000Z'}
490,0xf9d330,0x207f37a5f747d6317d638ae5263ec81d1617ebc27f34e39f9d5a40205282729f:log:434,0x207f37a5f747d6317d638ae5263ec81d1617ebc27f34e39f9d5a40205282729f,0xf584f8728b874a6a5c7a8d4d387c9aae9172d621,0xf05e2a70346560d3228c7002194bb7c5dc8fe100,62278.99999999999,,,,ATA,erc20,"{'value': '0x0d3026bf33b758bc0000', 'address': '0xa2120b9e674d3fc3875f415a7df52e382f141225', 'decimal': '0x12'}",{'blockTimestamp': '2023-01-09T23:29:59.000Z'}
491,0xf9c8bc,0xa1b5b15c378d5bf915113a7334ad2ad0dac38011bcbeb124f3c668b5301017ca:log:331,0xa1b5b15c378d5bf915113a7334ad2ad0dac38011bcbeb124f3c668b5301017ca,0xf05e2a70346560d3228c7002194bb7c5dc8fe100,0x28c6c06298d514db089934071355e5743bf21d60,13457.0,,,,ATA,erc20,"{'value': '0x02d98163f9c21fa40000', 'address': '0xa2120b9e674d3fc3875f415a7df52e382f141225', 'decimal': '0x12'}",{'blockTimestamp': '2023-01-09T14:30:11.000Z'}
492,0xf9c827,0xa7b9ca0e3edd6050b1ac4acd367f02d9027de932af4a7d5bfb6911355e0bfc37:log:362,0xa7b9ca0e3edd6050b1ac4acd367f02d9027de932af4a7d5bfb6911355e0bfc37,0x9f5950bf188a95103013d02d419fece8f8688a22,0x28c6c06298d514db089934071355e5743bf21d60,59522.28571428571,,,,ATA,erc20,"{'value': '0x0c9ab5a6a68eac092492', 'address': '0xa2120b9e674d3fc3875f415a7df52e382f141225', 'decimal': '0x12'}",{'blockTimestamp': '2023-01-09T14:00:11.000Z'}
493,0xf9c827,0x0a1c13ce080d81ff7d6f9fdcaf707e9fe2edd1cddf63343aa4e1b00ea28ed6a6:log:361,0x0a1c13ce080d81ff7d6f9fdcaf707e9fe2edd1cddf63343aa4e1b00ea28ed6a6,0xc62a44a5cdf585c7c72e7df13daccef7f0adfd21,0x28c6c06298d514db089934071355e5743bf21d60,59521.0,,,,ATA,erc20,"{'value': '0x0c9aa3cee039f9640000', 'address': '0xa2120b9e674d3fc3875f415a7df52e382f141225', 'decimal': '0x12'}",{'blockTimestamp': '2023-01-09T14:00:11.000Z'}
494,0xf9c827,0x76ad6e57ddd431d0e237f743d68a35920d7a6c4ce639f86838e88afc4db3545b:log:360,0x76ad6e57ddd431d0e237f743d68a35920d7a6c4ce639f86838e88afc4db3545b,0x2f90e61efd17978a6475ee08cd9c7072c9ed2838,0x28c6c06298d514db089934071355e5743bf21d60,59521.0,,,,ATA,erc20,"{'value': '0x0c9aa3cee039f9640000', 'address': '0xa2120b9e674d3fc3875f415a7df52e382f141225', 'decimal': '0x12'}",{'blockTimestamp': '2023-01-09T14:00:11.000Z'}
495,0xf9c7dd,0x7e4fad9d978425be5c025d7daae61afe645cefb226602d115ef055dc167dfc85:log:165,0x7e4fad9d978425be5c025d7daae61afe645cefb226602d115ef055dc167dfc85,0x273ba31c706b9d9fdae1fd999183bfa865895be9,0x9f5950bf188a95103013d02d419fece8f8688a22,59522.28571428571,,,,ATA,erc20,"{'value': '0x0c9ab5a6a68eac092492', 'address': '0xa2120b9e674d3fc3875f415a7df52e382f141225', 'decimal': '0x12'}",{'blockTimestamp': '2023-01-09T13:45:23.000Z'}
496,0xf9c7b6,0xdfec4418a32ab3ed59aefe4ee1300d7d3d31cbfbe31c6d76f9b572fd9d188823:log:783,0xdfec4418a32ab3ed59aefe4ee1300d7d3d31cbfbe31c6d76f9b572fd9d188823,0x273ba31c706b9d9fdae1fd999183bfa865895be9,0x2f90e61efd17978a6475ee08cd9c7072c9ed2838,59521.0,,,,ATA,erc20,"{'value': '0x0c9aa3cee039f9640000', 'address': '0xa2120b9e674d3fc3875f415a7df52e382f141225', 'decimal': '0x12'}",{'blockTimestamp': '2023-01-09T13:37:35.000Z'}
497,0xf9c7b2,0xe71578e3a33707cb39501cb1925eb20ef380ccdfb1c52d80cc8f71e18c756703:log:286,0xe71578e3a33707cb39501cb1925eb20ef380ccdfb1c52d80cc8f71e18c756703,0x273ba31c706b9d9fdae1fd999183bfa865895be9,0xc62a44a5cdf585c7c72e7df13daccef7f0adfd21,59521.0,,,,ATA,erc20,"{'value': '0x0c9aa3cee039f9640000', 'address': '0xa2120b9e674d3fc3875f415a7df52e382f141225', 'decimal': '0x12'}",{'blockTimestamp': '2023-01-09T13:36:47.000Z'}
498,0xf9c7a1,0x87eaabcd7ccbe6c4267e36c673c434f2489e7f115539fd061866ada448ae5288:log:297,0x87eaabcd7ccbe6c4267e36c673c434f2489e7f115539fd061866ada448ae5288,0xf584f8728b874a6a5c7a8d4d387c9aae9172d621,0xf05e2a70346560d3228c7002194bb7c5dc8fe100,13457.0,,,,ATA,erc20,"{'value': '0x02d98163f9c21fa40000', 'address': '0xa2120b9e674d3fc3875f415a7df52e382f141225', 'decimal': '0x12'}",{'blockTimestamp': '2023-01-09T13:33:23.000Z'}
499,0xf9c78c,0xe85b69fdc36b97001410b2d7a473bbc4b83e8936617adc422feef02e06b0b335:log:42,0xe85b69fdc36b97001410b2d7a473bbc4b83e8936617adc422feef02e06b0b335,0xa2120b9e674d3fc3875f415a7df52e382f141225,0x273ba31c706b9d9fdae1fd999183bfa865895be9,178564.2857142857,,,,ATA,erc20,"{'value': '0x25cffd4467029ed12492', 'address': '0xa2120b9e674d3fc3875f415a7df52e382f141225', 'decimal': '0x12'}",{'blockTimestamp': '2023-01-09T13:29:11.000Z'}
500,0xf9c5d1,0xa04c7889d69d67746fd710caf329c1402ebe2ec1a20204774091d9c6e1389f10:log:448,0xa04c7889d69d67746fd710caf329c1402ebe2ec1a20204774091d9c6e1389f10,0xf05e2a70346560d3228c7002194bb7c5dc8fe100,0x28c6c06298d514db089934071355e5743bf21d60,64377.00000000001,,,,ATA,erc20,"{'value': '0x0da1e25880092a440000', 'address': '0xa2120b9e674d3fc3875f415a7df52e382f141225', 'decimal': '0x12'}",{'blockTimestamp': '2023-01-09T12:00:11.000Z'}
501,0xf9c545,0xc504da17aa94c7c6557f245b31661d9301801dfa5618aae3fa9db118a03884a8:log:270,0xc504da17aa94c7c6557f245b31661d9301801dfa5618aae3fa9db118a03884a8,0xf584f8728b874a6a5c7a8d4d387c9aae9172d621,0xf05e2a70346560d3228c7002194bb7c5dc8fe100,64377.00000000001,,,,ATA,erc20,"{'value': '0x0da1e25880092a440000', 'address': '0xa2120b9e674d3fc3875f415a7df52e382f141225', 'decimal': '0x12'}",{'blockTimestamp': '2023-01-09T11:32:11.000Z'}
502,0xf9c53b,0x6ed324bcdae0cb9d116b827b1402193190575ae1b736853940b726f6a979ce93:log:361,0x6ed324bcdae0cb9d116b827b1402193190575ae1b736853940b726f6a979ce93,0xf05e2a70346560d3228c7002194bb7c5dc8fe100,0x28c6c06298d514db089934071355e5743bf21d60,95738.0,,,,ATA,erc20,"{'value': '0x1445f7a62e562ba80000', 'address': '0xa2120b9e674d3fc3875f415a7df52e382f141225', 'decimal': '0x12'}",{'blockTimestamp': '2023-01-09T11:30:11.000Z'}
503,0xf9c53b,0xe84af5371be2bbe30109e74776043ea9e642a8cba861ad32ef774000df80777e:log:358,0xe84af5371be2bbe30109e74776043ea9e642a8cba861ad32ef774000df80777e,0x649ae85d11017ac43f0cbab561982e0c9ceeda1f,0x28c6c06298d514db089934071355e5743bf21d60,10256.551098510576,,,,ATA,erc20,"{'value': '0x022c023d628f056926ab', 'address': '0xa2120b9e674d3fc3875f415a7df52e382f141225', 'decimal': '0x12'}",{'blockTimestamp': '2023-01-09T11:30:11.000Z'}
504,0xf9c4de,0xc81fb8d0f8bb0347ba09f8354eb46d2ecbe9ad16fb6e2d22b48f67aba972c8cf:log:164,0xc81fb8d0f8bb0347ba09f8354eb46d2ecbe9ad16fb6e2d22b48f67aba972c8cf,0x1bad1270426b8059a783704308cec80753de0b38,0x649ae85d11017ac43f0cbab561982e0c9ceeda1f,10256.551098510576,,,,ATA,erc20,"{'value': '0x022c023d628f056926ab', 'address': '0xa2120b9e674d3fc3875f415a7df52e382f141225', 'decimal': '0x12'}",{'blockTimestamp': '2023-01-09T11:11:35.000Z'}
505,0xf9c4da,0x0cc038b398563eea0b7c96a20ec955a02d55999086849ffe85cea06290f950f4:log:60,0x0cc038b398563eea0b7c96a20ec955a02d55999086849ffe85cea06290f950f4,0x40ec5b33f54e0e8a33a975908c5ba1c14e5bbbdf,0x1bad1270426b8059a783704308cec80753de0b38,10256.551098510576,,,,ATA,erc20,"{'value': '0x022c023d628f056926ab', 'address': '0xa2120b9e674d3fc3875f415a7df52e382f141225', 'decimal': '0x12'}",{'blockTimestamp': '2023-01-09T11:10:47.000Z'}
506,0xf9c4b7,0x5f10f35eb0479b12e9dea49a25e27e54baedf19340604f5bc2de6cf4fb616dcd:log:36,0x5f10f35eb0479b12e9dea49a25e27e54baedf19340604f5bc2de6cf4fb616dcd,0xf16e9b0d03470827a95cdfd0cb8a8a3b46969b91,0xf05e2a70346560d3228c7002194bb7c5dc8fe100,38276.0,,,,ATA,erc20,"{'value': '0x081af234c50f83900000', 'address': '0xa2120b9e674d3fc3875f415a7df52e382f141225', 'decimal': '0x12'}",{'blockTimestamp': '2023-01-09T11:03:47.000Z'}
507,0xf9c4b2,0x0e75bccbaa15f26df7e55f17798510a99731fec48c2b4d611a2c1888bb5523f6:log:248,0x0e75bccbaa15f26df7e55f17798510a99731fec48c2b4d611a2c1888bb5523f6,0xf584f8728b874a6a5c7a8d4d387c9aae9172d621,0xf05e2a70346560d3228c7002194bb7c5dc8fe100,57462.0,,,,ATA,erc20,"{'value': '0x0c2b05716946a8180000', 'address': '0xa2120b9e674d3fc3875f415a7df52e382f141225', 'decimal': '0x12'}",{'blockTimestamp': '2023-01-09T11:02:47.000Z'}
508,0xf9c4a5,0xb9d86ff04da3ef51b6250ceb118a2780c5ff7b47b3e026b40e94fa3d003f57fa:log:576,0xb9d86ff04da3ef51b6250ceb118a2780c5ff7b47b3e026b40e94fa3d003f57fa,0xf05e2a70346560d3228c7002194bb7c5dc8fe100,0x28c6c06298d514db089934071355e5743bf21d60,153908.0,,,,ATA,erc20,"{'value': '0x20975e90e077c4500000', 'address': '0xa2120b9e674d3fc3875f415a7df52e382f141225', 'decimal': '0x12'}",{'blockTimestamp': '2023-01-09T11:00:11.000Z'}
509,0xf9c3f3,0x5d7f580dd50a9d9c4974de8533b922a9976c163d2562cd70f6af92dcdb33fdc0:log:264,0x5d7f580dd50a9d9c4974de8533b922a9976c163d2562cd70f6af92dcdb33fdc0,0xf584f8728b874a6a5c7a8d4d387c9aae9172d621,0xf05e2a70346560d3228c7002194bb7c5dc8fe100,153908.0,,,,ATA,erc20,"{'value': '0x20975e90e077c4500000', 'address': '0xa2120b9e674d3fc3875f415a7df52e382f141225', 'decimal': '0x12'}",{'blockTimestamp': '2023-01-09T10:24:35.000Z'}
510,0xf9c123,0x8899782bf39283c31d2bff1bdcbf9b47333c1f2a76b1473c95d74adf9c0b9368:log:221,0x8899782bf39283c31d2bff1bdcbf9b47333c1f2a76b1473c95d74adf9c0b9368,0xd8259173fb6ae1fb2462213bc1fe951c41a35a59,0x28c6c06298d514db089934071355e5743bf21d60,11381.0,,,,ATA,erc20,"{'value': '0x0268f71a60e0b0b40000', 'address': '0xa2120b9e674d3fc3875f415a7df52e382f141225', 'decimal': '0x12'}",{'blockTimestamp': '2023-01-09T08:00:11.000Z'}
511,0xf9c0ca,0x684fd4fa1de49b89507213cdeddfad77e32ad878bc712db3d563924e4e969db7:log:126,0x684fd4fa1de49b89507213cdeddfad77e32ad878bc712db3d563924e4e969db7,0x3c02290922a3618a4646e3bbca65853ea45fe7c6,0xd8259173fb6ae1fb2462213bc1fe951c41a35a59,11381.0,,,,ATA,erc20,"{'value': '0x0268f71a60e0b0b40000', 'address': '0xa2120b9e674d3fc3875f415a7df52e382f141225', 'decimal': '0x12'}",{'blockTimestamp': '2023-01-09T07:42:23.000Z'}
512,0xf9ba2e,0x289bf23c936a8bc619e9224749467ad1239d59a434274d43e2f17e864e4d109f:log:135,0x289bf23c936a8bc619e9224749467ad1239d59a434274d43e2f17e864e4d109f,0x21a31ee1afc51d94c2efccaa2092ad1028285549,0x60805f545c035cc02164b60124240fa400f00c03,476.3,,,,ATA,erc20,"{'value': '0x19d1fd8674568e0000', 'address': '0xa2120b9e674d3fc3875f415a7df52e382f141225', 'decimal': '0x12'}",{'blockTimestamp': '2023-01-09T02:02:59.000Z'}
513,0xf9b9af,0xd0fd6afb4d8305a822b0af5b1db74c813813493f41fc6dcffe7177b137cbd1b3:log:94,0xd0fd6afb4d8305a822b0af5b1db74c813813493f41fc6dcffe7177b137cbd1b3,0x28c6c06298d514db089934071355e5743bf21d60,0x6b09a2aeda9dbb977f2b9dff0a294d4818862bc3,30645.293,,,,ATA,erc20,"{'value': '0x067d48dfa1c76ce48000', 'address': '0xa2120b9e674d3fc3875f415a7df52e382f141225', 'decimal': '0x12'}",{'blockTimestamp': '2023-01-09T01:37:35.000Z'}
514,0xf9b487,0xaff95a5b3b2483f3630d7ab8f74d69d3af21d2e55decc97095eeecf7eb08e59b:log:200,0xaff95a5b3b2483f3630d7ab8f74d69d3af21d2e55decc97095eeecf7eb08e59b,0x74de5d4fcbf63e00296fd95d33236b9794016631,0xa836d5eaf57f2713135a4b6ba0713a5f73a198af,881.8796276707835,,,,ATA,erc20,"{'value': '0x2fce89d0f7d2cb967e', 'address': '0xa2120b9e674d3fc3875f415a7df52e382f141225', 'decimal': '0x12'}",{'blockTimestamp': '2023-01-08T21:12:35.000Z'}
515,0xf9b487,0xaff95a5b3b2483f3630d7ab8f74d69d3af21d2e55decc97095eeecf7eb08e59b:log:196,0xaff95a5b3b2483f3630d7ab8f74d69d3af21d2e55decc97095eeecf7eb08e59b,0x5654d65578cda52791879751141f2f3d7dc27fe4,0x74de5d4fcbf63e00296fd95d33236b9794016631,881.8796276707835,,,,ATA,erc20,"{'value': '0x2fce89d0f7d2cb967e', 'address': '0xa2120b9e674d3fc3875f415a7df52e382f141225', 'decimal': '0x12'}",{'blockTimestamp': '2023-01-08T21:12:35.000Z'}
516,0xf9b150,0x4c3b030e941eeee67239e606ce782afdebc0da8c468b3304b4cf013e99eef696:log:42,0x4c3b030e941eeee67239e606ce782afdebc0da8c468b3304b4cf013e99eef696,0xf16e9b0d03470827a95cdfd0cb8a8a3b46969b91,0xc6a0d12c02540d9072ab87f5d699bad4f2315310,679.7815,,,,ATA,erc20,"{'value': '0x24d9dd089cfe33c000', 'address': '0xa2120b9e674d3fc3875f415a7df52e382f141225', 'decimal': '0x12'}",{'blockTimestamp': '2023-01-08T18:27:35.000Z'}
517,0xf980fb,0xb874cbbab9b60b128743baa35110457d0b970cacfaa5f32aef5fbdfde6730a15:log:333,0xb874cbbab9b60b128743baa35110457d0b970cacfaa5f32aef5fbdfde6730a15,0xf05e2a70346560d3228c7002194bb7c5dc8fe100,0x28c6c06298d514db089934071355e5743bf21d60,36439.0,,,,ATA,erc20,"{'value': '0x07b75cb5bde75afc0000', 'address': '0xa2120b9e674d3fc3875f415a7df52e382f141225', 'decimal': '0x12'}",{'blockTimestamp': '2023-01-07T01:00:11.000Z'}
518,0xf97fac,0xb183ce68599924dc06a8a23e20c750d1707c1243b440541d1524dac88e9e06e9:log:383,0xb183ce68599924dc06a8a23e20c750d1707c1243b440541d1524dac88e9e06e9,0xf584f8728b874a6a5c7a8d4d387c9aae9172d621,0xf05e2a70346560d3228c7002194bb7c5dc8fe100,36439.0,,,,ATA,erc20,"{'value': '0x07b75cb5bde75afc0000', 'address': '0xa2120b9e674d3fc3875f415a7df52e382f141225', 'decimal': '0x12'}",{'blockTimestamp': '2023-01-06T23:52:59.000Z'}
519,0xf9673a,0x367c51dbab71370c32db17405f690cfbf258e9a95607af4e924c8d2cefbfb52b:log:40,0x367c51dbab71370c32db17405f690cfbf258e9a95607af4e924c8d2cefbfb52b,0xdfd5293d8e347dfe59e90efd55b2956a1343963d,0x6b09a2aeda9dbb977f2b9dff0a294d4818862bc3,74711.532,,,,ATA,erc20,"{'value': '0x0fd21ec9b356ad7e0000', 'address': '0xa2120b9e674d3fc3875f415a7df52e382f141225', 'decimal': '0x12'}",{'blockTimestamp': '2023-01-06T02:54:23.000Z'}
520,0xf963e2,0x1d5b094c9cc8144ede396d90694a5c9dd60b0ef444f23d88d83b830f56f6cf43:log:502,0x1d5b094c9cc8144ede396d90694a5c9dd60b0ef444f23d88d83b830f56f6cf43,0xf05e2a70346560d3228c7002194bb7c5dc8fe100,0x28c6c06298d514db089934071355e5743bf21d60,130955.0,,,,ATA,erc20,"{'value': '0x1bbb15b3ceac7f4c0000', 'address': '0xa2120b9e674d3fc3875f415a7df52e382f141225', 'decimal': '0x12'}",{'blockTimestamp': '2023-01-06T00:02:11.000Z'}
521,0xf9638f,0xe375993fc0ad9ef295b360eec70f2c368237f6f829bedd4e88687f68b6e5a785:log:300,0xe375993fc0ad9ef295b360eec70f2c368237f6f829bedd4e88687f68b6e5a785,0xf584f8728b874a6a5c7a8d4d387c9aae9172d621,0xf05e2a70346560d3228c7002194bb7c5dc8fe100,130955.0,,,,ATA,erc20,"{'value': '0x1bbb15b3ceac7f4c0000', 'address': '0xa2120b9e674d3fc3875f415a7df52e382f141225', 'decimal': '0x12'}",{'blockTimestamp': '2023-01-05T23:45:35.000Z'}
522,0xf96108,0x934cacff5ac5e96c89b2e1b60baf7e04a3a81fd3a64570279a22e85b710bb85b:log:287,0x934cacff5ac5e96c89b2e1b60baf7e04a3a81fd3a64570279a22e85b710bb85b,0x21a31ee1afc51d94c2efccaa2092ad1028285549,0xf584f8728b874a6a5c7a8d4d387c9aae9172d621,1162.0,,,,ATA,erc20,"{'value': '0x3efdfd4b75cbe80000', 'address': '0xa2120b9e674d3fc3875f415a7df52e382f141225', 'decimal': '0x12'}",{'blockTimestamp': '2023-01-05T21:34:59.000Z'}
523,0xf95ffb,0x60d5204ac5762f6eec8159cf3e413843c289cfeecdae5a278ed68a6198721ebd:log:134,0x60d5204ac5762f6eec8159cf3e413843c289cfeecdae5a278ed68a6198721ebd,0x28c6c06298d514db089934071355e5743bf21d60,0xf584f8728b874a6a5c7a8d4d387c9aae9172d621,312.0,,,,ATA,erc20,"{'value': '0x10e9deaaf401e00000', 'address': '0xa2120b9e674d3fc3875f415a7df52e382f141225', 'decimal': '0x12'}",{'blockTimestamp': '2023-01-05T20:41:11.000Z'}
524,0xf95fce,0x6812a7ceb956bc4f9aae55c7d73bdb7b566e1beb8c627d3f5bc2772d0082a98e:log:383,0x6812a7ceb956bc4f9aae55c7d73bdb7b566e1beb8c627d3f5bc2772d0082a98e,0xe85572b90d564f2f1c430ce22285c0de82df0972,0x28c6c06298d514db089934071355e5743bf21d60,178557.568,,,,ATA,erc20,"{'value': '0x25cfa00a497598400000', 'address': '0xa2120b9e674d3fc3875f415a7df52e382f141225', 'decimal': '0x12'}",{'blockTimestamp': '2023-01-05T20:31:47.000Z'}
525,0xf95f63,0x0ca3f5c392d77043f9d0832349965b8b61444d8a2add4c11347acee6871b9054:log:168,0x0ca3f5c392d77043f9d0832349965b8b61444d8a2add4c11347acee6871b9054,0x83fc86c5e4e846d1a3526b47801130679bc00e6a,0xe85572b90d564f2f1c430ce22285c0de82df0972,178557.568,,,,ATA,erc20,"{'value': '0x25cfa00a497598400000', 'address': '0xa2120b9e674d3fc3875f415a7df52e382f141225', 'decimal': '0x12'}",{'blockTimestamp': '2023-01-05T20:10:23.000Z'}
526,0xf95ed3,0x8d95b21d3466db81e53ea58fd68f41e05b6e8b4e925bde148401e6f3a44aba2e:log:124,0x8d95b21d3466db81e53ea58fd68f41e05b6e8b4e925bde148401e6f3a44aba2e,0x28c6c06298d514db089934071355e5743bf21d60,0x21a31ee1afc51d94c2efccaa2092ad1028285549,146173.64482376,,,,ATA,erc20,"{'value': '0x1ef416d3720c2b5c2000', 'address': '0xa2120b9e674d3fc3875f415a7df52e382f141225', 'decimal': '0x12'}",{'blockTimestamp': '2023-01-05T19:40:35.000Z'}
527,0xf95e85,0x8c1f30f86eafc8c5791a267580c32f5a7f609e328d4deb940722a174564670e4:log:115,0x8c1f30f86eafc8c5791a267580c32f5a7f609e328d4deb940722a174564670e4,0xdfd5293d8e347dfe59e90efd55b2956a1343963d,0xdcee3334d1d3e1368f0972f4a7a56fe862e10c6b,1763.996,,,,ATA,erc20,"{'value': '0x5fa05cb7f2d9f60000', 'address': '0xa2120b9e674d3fc3875f415a7df52e382f141225', 'decimal': '0x12'}",{'blockTimestamp': '2023-01-05T19:24:59.000Z'}
528,0xf95e7c,0x8b3ae525373b280f87ce9df4c38ae30c4332e202a8d2b09b210eff8b380547b4:log:154,0x8b3ae525373b280f87ce9df4c38ae30c4332e202a8d2b09b210eff8b380547b4,0x21a31ee1afc51d94c2efccaa2092ad1028285549,0xf584f8728b874a6a5c7a8d4d387c9aae9172d621,5216.0,,,,ATA,erc20,"{'value': '0x011ac28a8c7295800000', 'address': '0xa2120b9e674d3fc3875f415a7df52e382f141225', 'decimal': '0x12'}",{'blockTimestamp': '2023-01-05T19:23:11.000Z'}
529,0xf95df7,0xa2a7020a59889653d326533c133dd3b0d389ab3392a7b9e49ceaec37ca543d36:log:224,0xa2a7020a59889653d326533c133dd3b0d389ab3392a7b9e49ceaec37ca543d36,0x28c6c06298d514db089934071355e5743bf21d60,0xf584f8728b874a6a5c7a8d4d387c9aae9172d621,2558.0,,,,ATA,erc20,"{'value': '0x8aab61972299380000', 'address': '0xa2120b9e674d3fc3875f415a7df52e382f141225', 'decimal': '0x12'}",{'blockTimestamp': '2023-01-05T18:56:23.000Z'}
530,0xf95ccd,0x33621defb6cbb9976ab5bb3326d6c06bbed98481d5f5682d75e4e97883774ccd:log:59,0x33621defb6cbb9976ab5bb3326d6c06bbed98481d5f5682d75e4e97883774ccd,0xdfd5293d8e347dfe59e90efd55b2956a1343963d,0xf584f8728b874a6a5c7a8d4d387c9aae9172d621,1714.0,,,,ATA,erc20,"{'value': '0x5cea873ed6bb880000', 'address': '0xa2120b9e674d3fc3875f415a7df52e382f141225', 'decimal': '0x12'}",{'blockTimestamp': '2023-01-05T17:56:35.000Z'}
531,0xf95897,0xc2b49a928a03fc35d73a5680ac886ab58807dc55af8a6790537e9940000d83b6:log:106,0xc2b49a928a03fc35d73a5680ac886ab58807dc55af8a6790537e9940000d83b6,0x21a31ee1afc51d94c2efccaa2092ad1028285549,0xf584f8728b874a6a5c7a8d4d387c9aae9172d621,32890.0,,,,ATA,erc20,"{'value': '0x06f6f870e54fc5a80000', 'address': '0xa2120b9e674d3fc3875f415a7df52e382f141225', 'decimal': '0x12'}",{'blockTimestamp': '2023-01-05T14:19:47.000Z'}
532,0xf95633,0xb59738356f04f331e747aa3fec3fd1314514bc4d82d08b7a1a5d9e3f41877224:log:15,0xb59738356f04f331e747aa3fec3fd1314514bc4d82d08b7a1a5d9e3f41877224,0xa9d1e08c7793af67e9d92fe308d5697fb81d3e43,0x9623ad576c502abf99f722ec855a57783dee7ec7,185.68835418999998,,,,ATA,erc20,"{'value': '0x0a10f18e5115de0c00', 'address': '0xa2120b9e674d3fc3875f415a7df52e382f141225', 'decimal': '0x12'}",{'blockTimestamp': '2023-01-05T12:16:11.000Z'}
533,0xf95130,0x1e3989fb16b61c28df5a9d89e921e014d8ba19d10676645706d99294e21fc480:log:67,0x1e3989fb16b61c28df5a9d89e921e014d8ba19d10676645706d99294e21fc480,0x28c6c06298d514db089934071355e5743bf21d60,0xf584f8728b874a6a5c7a8d4d387c9aae9172d621,11965.0,,,,ATA,erc20,"{'value': '0x02889fbb2ab68cd40000', 'address': '0xa2120b9e674d3fc3875f415a7df52e382f141225', 'decimal': '0x12'}",{'blockTimestamp': '2023-01-05T07:58:11.000Z'}
534,0xf9500f,0xd313af5d55ca4839b9b361145cf6ea73096976c90ac468f16bde428110e1c611:log:351,0xd313af5d55ca4839b9b361145cf6ea73096976c90ac468f16bde428110e1c611,0xf05e2a70346560d3228c7002194bb7c5dc8fe100,0x28c6c06298d514db089934071355e5743bf21d60,47420.0,,,,ATA,erc20,"{'value': '0x0a0aa4b2a6127f700000', 'address': '0xa2120b9e674d3fc3875f415a7df52e382f141225', 'decimal': '0x12'}",{'blockTimestamp': '2023-01-05T07:00:11.000Z'}
535,0xf94f49,0x7b748d61d1dac011f1378e7afbc008b1454665fe3908be38592e8c1be645ca14:log:74,0x7b748d61d1dac011f1378e7afbc008b1454665fe3908be38592e8c1be645ca14,0x28c6c06298d514db089934071355e5743bf21d60,0xdfd5293d8e347dfe59e90efd55b2956a1343963d,196498.22136651,,,,ATA,erc20,"{'value': '0x299c309ee8a514bfcc00', 'address': '0xa2120b9e674d3fc3875f415a7df52e382f141225', 'decimal': '0x12'}",{'blockTimestamp': '2023-01-05T06:20:35.000Z'}
536,0xf94f46,0x621d518eab7228bf25dff1735b19c60a80b4ac396cd544b662eefb2aa87ffab7:log:50,0x621d518eab7228bf25dff1735b19c60a80b4ac396cd544b662eefb2aa87ffab7,0xdfd5293d8e347dfe59e90efd55b2956a1343963d,0xf584f8728b874a6a5c7a8d4d387c9aae9172d621,57745.0,,,,ATA,erc20,"{'value': '0x0c3a5cdb61e0b3a40000', 'address': '0xa2120b9e674d3fc3875f415a7df52e382f141225', 'decimal': '0x12'}",{'blockTimestamp': '2023-01-05T06:19:59.000Z'}
537,0xf94ecc,0x84185813c9b240df77fc4988d7144702acca268de636a60a527af60d0f33ac9e:log:111,0x84185813c9b240df77fc4988d7144702acca268de636a60a527af60d0f33ac9e,0xf16e9b0d03470827a95cdfd0cb8a8a3b46969b91,0xf05e2a70346560d3228c7002194bb7c5dc8fe100,47420.0,,,,ATA,erc20,"{'value': '0x0a0aa4b2a6127f700000', 'address': '0xa2120b9e674d3fc3875f415a7df52e382f141225', 'decimal': '0x12'}",{'blockTimestamp': '2023-01-05T05:55:35.000Z'}
538,0xf94ec9,0x52d2e9024abe18d4f63f783474326682258cf7a7e21d57babe2ad91e7dda8f42:log:209,0x52d2e9024abe18d4f63f783474326682258cf7a7e21d57babe2ad91e7dda8f42,0x21a31ee1afc51d94c2efccaa2092ad1028285549,0xf584f8728b874a6a5c7a8d4d387c9aae9172d621,7897.0,,,,ATA,erc20,"{'value': '0x01ac18e3ebe69bc40000', 'address': '0xa2120b9e674d3fc3875f415a7df52e382f141225', 'decimal': '0x12'}",{'blockTimestamp': '2023-01-05T05:54:59.000Z'}
539,0xf94e1d,0x8b571b24b783a83628e4375789f379288d49e39153172f617b11c5b451aef8ff:log:172,0x8b571b24b783a83628e4375789f379288d49e39153172f617b11c5b451aef8ff,0x28c6c06298d514db089934071355e5743bf21d60,0xf584f8728b874a6a5c7a8d4d387c9aae9172d621,3147.0000000000005,,,,ATA,erc20,"{'value': '0xaa9965f27aba4c0000', 'address': '0xa2120b9e674d3fc3875f415a7df52e382f141225', 'decimal': '0x12'}",{'blockTimestamp': '2023-01-05T05:20:35.000Z'}
540,0xf94dd0,0xe485ca045a0366f963c5697e561fffb49422c267ad8b5b6e7772b8141f356c0d:log:127,0xe485ca045a0366f963c5697e561fffb49422c267ad8b5b6e7772b8141f356c0d,0xdfd5293d8e347dfe59e90efd55b2956a1343963d,0xf584f8728b874a6a5c7a8d4d387c9aae9172d621,7601.0,,,,ATA,erc20,"{'value': '0x019c0d10ac2d10240000', 'address': '0xa2120b9e674d3fc3875f415a7df52e382f141225', 'decimal': '0x12'}",{'blockTimestamp': '2023-01-05T05:05:11.000Z'}
541,0xf94d6e,0xcaf75d0a33725d668c9d2858d88e22d4e98467e1dcb8267c229f91f4669076ab:log:96,0xcaf75d0a33725d668c9d2858d88e22d4e98467e1dcb8267c229f91f4669076ab,0x21a31ee1afc51d94c2efccaa2092ad1028285549,0xf584f8728b874a6a5c7a8d4d387c9aae9172d621,26102.0,,,,ATA,erc20,"{'value': '0x0586fe0471ad4e180000', 'address': '0xa2120b9e674d3fc3875f415a7df52e382f141225', 'decimal': '0x12'}",{'blockTimestamp': '2023-01-05T04:45:35.000Z'}
542,0xf94cc3,0x713231fe0694ee689c5a9ced10b44dfa54d6312e5127207aa287033aa714a0d2:log:164,0x713231fe0694ee689c5a9ced10b44dfa54d6312e5127207aa287033aa714a0d2,0x733c5570597e609c796399333f0a176e444386ee,0x738cf6903e6c4e699d1c2dd9ab8b67fcdb3121ea,38657.0,,,,ATA,erc20,"{'value': '0x082f99a4ae6fa3640000', 'address': '0xa2120b9e674d3fc3875f415a7df52e382f141225', 'decimal': '0x12'}",{'blockTimestamp': '2023-01-05T04:10:59.000Z'}
543,0xf94bf8,0xa6eb90022f031743c59168c069264a96fc3ee8e181857d91bff8703bdc8c5575:log:308,0xa6eb90022f031743c59168c069264a96fc3ee8e181857d91bff8703bdc8c5575,0xf05e2a70346560d3228c7002194bb7c5dc8fe100,0x28c6c06298d514db089934071355e5743bf21d60,58327.0,,,,ATA,erc20,"{'value': '0x0c59e9babe4f40fc0000', 'address': '0xa2120b9e674d3fc3875f415a7df52e382f141225', 'decimal': '0x12'}",{'blockTimestamp': '2023-01-05T03:30:11.000Z'}
544,0xf94be6,0xd114f000ab8b9008f9771caffcaa69775b955b48840220f83b12438c83c8ae22:log:35,0xd114f000ab8b9008f9771caffcaa69775b955b48840220f83b12438c83c8ae22,0x28c6c06298d514db089934071355e5743bf21d60,0x733c5570597e609c796399333f0a176e444386ee,38657.0,,,,ATA,erc20,"{'value': '0x082f99a4ae6fa3640000', 'address': '0xa2120b9e674d3fc3875f415a7df52e382f141225', 'decimal': '0x12'}",{'blockTimestamp': '2023-01-05T03:26:35.000Z'}
545,0xf94be6,0x6aa74961801b3a4630410db01acd6aadbf7aa5e7002ee8693c0749ca7616eeda:log:34,0x6aa74961801b3a4630410db01acd6aadbf7aa5e7002ee8693c0749ca7616eeda,0x21a31ee1afc51d94c2efccaa2092ad1028285549,0xf584f8728b874a6a5c7a8d4d387c9aae9172d621,53337.00000000001,,,,ATA,erc20,"{'value': '0x0b4b67917c7671c40000', 'address': '0xa2120b9e674d3fc3875f415a7df52e382f141225', 'decimal': '0x12'}",{'blockTimestamp': '2023-01-05T03:26:35.000Z'}
546,0xf94ba1,0xcd27355c8e358112aff56afb9090566a0b76169e3f15d8f1633753c870070454:log:274,0xcd27355c8e358112aff56afb9090566a0b76169e3f15d8f1633753c870070454,0xf584f8728b874a6a5c7a8d4d387c9aae9172d621,0xf05e2a70346560d3228c7002194bb7c5dc8fe100,58327.0,,,,ATA,erc20,"{'value': '0x0c59e9babe4f40fc0000', 'address': '0xa2120b9e674d3fc3875f415a7df52e382f141225', 'decimal': '0x12'}",{'blockTimestamp': '2023-01-05T03:12:47.000Z'}
547,0xf9481b,0x70af36b0391498b853885425f92139a138b7204d8ce30b11db55983a164bea44:log:314,0x70af36b0391498b853885425f92139a138b7204d8ce30b11db55983a164bea44,0x733c5570597e609c796399333f0a176e444386ee,0xf16e9b0d03470827a95cdfd0cb8a8a3b46969b91,9699.999999999998,,,,ATA,erc20,"{'value': '0x020dd68aaf3289100000', 'address': '0xa2120b9e674d3fc3875f415a7df52e382f141225', 'decimal': '0x12'}",{'blockTimestamp': '2023-01-05T00:10:59.000Z'}
548,0xf94764,0xba5741e606f9eb7034ee052172aef7802d09701bbfa0e5f980b063325d543f3d:log:156,0xba5741e606f9eb7034ee052172aef7802d09701bbfa0e5f980b063325d543f3d,0xdfd5293d8e347dfe59e90efd55b2956a1343963d,0xf584f8728b874a6a5c7a8d4d387c9aae9172d621,59457.0,,,,ATA,erc20,"{'value': '0x0c972ba1335020640000', 'address': '0xa2120b9e674d3fc3875f415a7df52e382f141225', 'decimal': '0x12'}",{'blockTimestamp': '2023-01-04T23:33:59.000Z'}
549,0xf94764,0xecc9f49fb0c6874dfa1011e7404456f7418bbc32d18f31d215f6d78542c1e899:log:155,0xecc9f49fb0c6874dfa1011e7404456f7418bbc32d18f31d215f6d78542c1e899,0x28c6c06298d514db089934071355e5743bf21d60,0x733c5570597e609c796399333f0a176e444386ee,9699.999999999998,,,,ATA,erc20,"{'value': '0x020dd68aaf3289100000', 'address': '0xa2120b9e674d3fc3875f415a7df52e382f141225', 'decimal': '0x12'}",{'blockTimestamp': '2023-01-04T23:33:59.000Z'}
550,0xf9439b,0xd9878b0bd0d21a2f976c5829fb87c69413b6ab0682acc46a96b853cd8f0a0511:log:158,0xd9878b0bd0d21a2f976c5829fb87c69413b6ab0682acc46a96b853cd8f0a0511,0x21a31ee1afc51d94c2efccaa2092ad1028285549,0x931d03333b150a19994541b633fab0706eb5ef4a,18692.5764,,,,ATA,erc20,"{'value': '0x03f5539bde4922190000', 'address': '0xa2120b9e674d3fc3875f415a7df52e382f141225', 'decimal': '0x12'}",{'blockTimestamp': '2023-01-04T20:19:23.000Z'}
551,0xf94022,0x2b078161b562912cd9be7195f8f309899c248df0272dbb25d3d2629fb32ebbe8:log:90,0x2b078161b562912cd9be7195f8f309899c248df0272dbb25d3d2629fb32ebbe8,0x28c6c06298d514db089934071355e5743bf21d60,0xf584f8728b874a6a5c7a8d4d387c9aae9172d621,72155.0,,,,ATA,erc20,"{'value': '0x0f4787c77e6cf68c0000', 'address': '0xa2120b9e674d3fc3875f415a7df52e382f141225', 'decimal': '0x12'}",{'blockTimestamp': '2023-01-04T17:21:23.000Z'}
552,0xf93fb9,0xab2fc2b60a2dfe0500c5e528163c67b3aa5d01910c43b9a4d1ac6e3f8b9db84f:log:460,0xab2fc2b60a2dfe0500c5e528163c67b3aa5d01910c43b9a4d1ac6e3f8b9db84f,0xf05e2a70346560d3228c7002194bb7c5dc8fe100,0x28c6c06298d514db089934071355e5743bf21d60,35789.0,,,,ATA,erc20,"{'value': '0x07942025d9c057140000', 'address': '0xa2120b9e674d3fc3875f415a7df52e382f141225', 'decimal': '0x12'}",{'blockTimestamp': '2023-01-04T17:00:11.000Z'}
553,0xf93f83,0x2f419c99c88b660be95e1ba0f9c3290c9f9029ca1786505ec2313a7e14aca4a5:log:143,0x2f419c99c88b660be95e1ba0f9c3290c9f9029ca1786505ec2313a7e14aca4a5,0xf584f8728b874a6a5c7a8d4d387c9aae9172d621,0xf05e2a70346560d3228c7002194bb7c5dc8fe100,35789.0,,,,ATA,erc20,"{'value': '0x07942025d9c057140000', 'address': '0xa2120b9e674d3fc3875f415a7df52e382f141225', 'decimal': '0x12'}",{'blockTimestamp': '2023-01-04T16:49:23.000Z'}
554,0xf93df9,0x003e9e605d5e24410f314e6f140ac84fa820f71ecd56d745ad694eecad1e8950:log:447,0x003e9e605d5e24410f314e6f140ac84fa820f71ecd56d745ad694eecad1e8950,0xf05e2a70346560d3228c7002194bb7c5dc8fe100,0x28c6c06298d514db089934071355e5743bf21d60,37953.0,,,,ATA,erc20,"{'value': '0x08096fae406350640000', 'address': '0xa2120b9e674d3fc3875f415a7df52e382f141225', 'decimal': '0x12'}",{'blockTimestamp': '2023-01-04T15:30:11.000Z'}
555,0xf93db8,0xc5558d0dbaceeb646cf3693ac549b92ab3109e87c19c89fb1aca9872bddb4638:log:626,0xc5558d0dbaceeb646cf3693ac549b92ab3109e87c19c89fb1aca9872bddb4638,0xf584f8728b874a6a5c7a8d4d387c9aae9172d621,0xf05e2a70346560d3228c7002194bb7c5dc8fe100,37953.0,,,,ATA,erc20,"{'value': '0x08096fae406350640000', 'address': '0xa2120b9e674d3fc3875f415a7df52e382f141225', 'decimal': '0x12'}",{'blockTimestamp': '2023-01-04T15:17:11.000Z'}
556,0xf93c9e,0x487a0fb37907c8974c533072ab27aa815799a14be5754d41172c495809b6e239:log:155,0x487a0fb37907c8974c533072ab27aa815799a14be5754d41172c495809b6e239,0xdfd5293d8e347dfe59e90efd55b2956a1343963d,0xf584f8728b874a6a5c7a8d4d387c9aae9172d621,71602.0,,,,ATA,erc20,"{'value': '0x0f298d5cd4585f880000', 'address': '0xa2120b9e674d3fc3875f415a7df52e382f141225', 'decimal': '0x12'}",{'blockTimestamp': '2023-01-04T14:20:23.000Z'}
557,0xf93b10,0x2790991796270bd90f0223d578d76e79d40e04e760a7fc1c1b83363679b3a027:log:261,0x2790991796270bd90f0223d578d76e79d40e04e760a7fc1c1b83363679b3a027,0xf05e2a70346560d3228c7002194bb7c5dc8fe100,0x28c6c06298d514db089934071355e5743bf21d60,35507.0,,,,ATA,erc20,"{'value': '0x0784d69c97d9f2ec0000', 'address': '0xa2120b9e674d3fc3875f415a7df52e382f141225', 'decimal': '0x12'}",{'blockTimestamp': '2023-01-04T13:00:11.000Z'}
558,0xf93a96,0x3330580d45cd599c0b605943021e3bb941059a2a5a8126b2d4801f29697a95d8:log:265,0x3330580d45cd599c0b605943021e3bb941059a2a5a8126b2d4801f29697a95d8,0xf584f8728b874a6a5c7a8d4d387c9aae9172d621,0xf05e2a70346560d3228c7002194bb7c5dc8fe100,35507.0,,,,ATA,erc20,"{'value': '0x0784d69c97d9f2ec0000', 'address': '0xa2120b9e674d3fc3875f415a7df52e382f141225', 'decimal': '0x12'}",{'blockTimestamp': '2023-01-04T12:35:35.000Z'}
559,0xf93955,0xf6447a52ed9b70aedfe14cd3141eec9c0d513af57e2acc98c828b35eb5bbddc9:log:253,0xf6447a52ed9b70aedfe14cd3141eec9c0d513af57e2acc98c828b35eb5bbddc9,0xf05e2a70346560d3228c7002194bb7c5dc8fe100,0x28c6c06298d514db089934071355e5743bf21d60,73173.0,,,,ATA,erc20,"{'value': '0x0f7eb75e04d49a340000', 'address': '0xa2120b9e674d3fc3875f415a7df52e382f141225', 'decimal': '0x12'}",{'blockTimestamp': '2023-01-04T11:31:23.000Z'}
560,0xf9394d,0x9cf5a5d412129833bc01b602011b601fad4807b3fce29d59df060a6272e7149c:log:208,0x9cf5a5d412129833bc01b602011b601fad4807b3fce29d59df060a6272e7149c,0xf45e9a521460c1ec27dc049c640e035e35372ca1,0x28c6c06298d514db089934071355e5743bf21d60,1131.161,,,,ATA,erc20,"{'value': '0x3d5203285a27a28000', 'address': '0xa2120b9e674d3fc3875f415a7df52e382f141225', 'decimal': '0x12'}",{'blockTimestamp': '2023-01-04T11:29:47.000Z'}
561,0xf9386e,0x6ee4638c0920025667258886c6220fb07006cf2a6e5e8d668e73a370eb5cb400:log:182,0x6ee4638c0920025667258886c6220fb07006cf2a6e5e8d668e73a370eb5cb400,0xf584f8728b874a6a5c7a8d4d387c9aae9172d621,0xf05e2a70346560d3228c7002194bb7c5dc8fe100,36586.0,,,,ATA,erc20,"{'value': '0x07bf54bea71079680000', 'address': '0xa2120b9e674d3fc3875f415a7df52e382f141225', 'decimal': '0x12'}",{'blockTimestamp': '2023-01-04T10:44:59.000Z'}
562,0xf93698,0xfe1e696e602e951242659ed628cce0018022859979cfe1a9e867f084bb4f4982:log:73,0xfe1e696e602e951242659ed628cce0018022859979cfe1a9e867f084bb4f4982,0x21a31ee1afc51d94c2efccaa2092ad1028285549,0x7d6267a7a750cd61cbda353ae2edc760668545cf,122.847,,,,ATA,erc20,"{'value': '0x06a8d837a0f2698000', 'address': '0xa2120b9e674d3fc3875f415a7df52e382f141225', 'decimal': '0x12'}",{'blockTimestamp': '2023-01-04T09:10:23.000Z'}
563,0xf9366e,0x49a501560c422424e33c65c0f958238af75306222b313a8c1e5c8bf360938356:log:333,0x49a501560c422424e33c65c0f958238af75306222b313a8c1e5c8bf360938356,0xf584f8728b874a6a5c7a8d4d387c9aae9172d621,0xf05e2a70346560d3228c7002194bb7c5dc8fe100,36587.0,,,,ATA,erc20,"{'value': '0x07bf629f5dc420cc0000', 'address': '0xa2120b9e674d3fc3875f415a7df52e382f141225', 'decimal': '0x12'}",{'blockTimestamp': '2023-01-04T09:01:59.000Z'}
564,0xf92974,0x07fb0bbae8992a7b3d7b4d31f4c3e6c5514f39f1b5586c0c251390f0fd6c810f:log:61,0x07fb0bbae8992a7b3d7b4d31f4c3e6c5514f39f1b5586c0c251390f0fd6c810f,0x28c6c06298d514db089934071355e5743bf21d60,0x3b15ccc3a7309821854c546f7f0f2351fbb9186a,267.0,,,,ATA,erc20,"{'value': '0x0e795e8d5f954c0000', 'address': '0xa2120b9e674d3fc3875f415a7df52e382f141225', 'decimal': '0x12'}",{'blockTimestamp': '2023-01-03T21:54:47.000Z'}
565,0xf917d7,0xd79d263db4ab2a01c7d3b365009528d433a57e63fcb7ba86bf5c0dd20e826999:log:12,0xd79d263db4ab2a01c7d3b365009528d433a57e63fcb7ba86bf5c0dd20e826999,0x351bbd3dc3e51d3c2f0597f6b304955b7f0ded6f,0xf45e9a521460c1ec27dc049c640e035e35372ca1,1131.161,,,,ATA,erc20,"{'value': '0x3d5203285a27a28000', 'address': '0xa2120b9e674d3fc3875f415a7df52e382f141225', 'decimal': '0x12'}",{'blockTimestamp': '2023-01-03T06:48:59.000Z'}
566,0xf90253,0x0f575ef51404ad1c4c2552ae80d947bb79f5b9852b49ae2d32f4ca6f96ad7d73:log:114,0x0f575ef51404ad1c4c2552ae80d947bb79f5b9852b49ae2d32f4ca6f96ad7d73,0x28c6c06298d514db089934071355e5743bf21d60,0xf977814e90da44bfa03b6295a0616a897441acec,8823970.707,,,,ATA,erc20,"{'value': '0x074c8c691818050d7b8000', 'address': '0xa2120b9e674d3fc3875f415a7df52e382f141225', 'decimal': '0x12'}",{'blockTimestamp': '2023-01-02T12:22:23.000Z'}
567,0xf90253,0xea15dce9798693de462b6bbd0f36180a207c2acca6e6e3ff74ac5fdda09e60a2:log:113,0xea15dce9798693de462b6bbd0f36180a207c2acca6e6e3ff74ac5fdda09e60a2,0xdfd5293d8e347dfe59e90efd55b2956a1343963d,0xf977814e90da44bfa03b6295a0616a897441acec,3781340.7449999996,,,,ATA,erc20,"{'value': '0x0320bae47cf798e79a8000', 'address': '0xa2120b9e674d3fc3875f415a7df52e382f141225', 'decimal': '0x12'}",{'blockTimestamp': '2023-01-02T12:22:23.000Z'}
568,0xf90253,0x9dcc2b6f149fff747ec71dbcd162cb1d0398844f2e6f8c97314d9a4b12f89633:log:108,0x9dcc2b6f149fff747ec71dbcd162cb1d0398844f2e6f8c97314d9a4b12f89633,0x21a31ee1afc51d94c2efccaa2092ad1028285549,0xf977814e90da44bfa03b6295a0616a897441acec,3247993.136,,,,ATA,erc20,"{'value': '0x02afca0f8aead683b80000', 'address': '0xa2120b9e674d3fc3875f415a7df52e382f141225', 'decimal': '0x12'}",{'blockTimestamp': '2023-01-02T12:22:23.000Z'}
569,0xf8fa30,0xaae759ce9d5bc4594a8503c1a15c77b335db2fab54ba3a39e6d83b20e8006b5c:log:35,0xaae759ce9d5bc4594a8503c1a15c77b335db2fab54ba3a39e6d83b20e8006b5c,0xdfd5293d8e347dfe59e90efd55b2956a1343963d,0x273384f40a3f4906112846f98ea931d62617d473,2173.793,,,,ATA,erc20,"{'value': '0x75d770204046b68000', 'address': '0xa2120b9e674d3fc3875f415a7df52e382f141225', 'decimal': '0x12'}",{'blockTimestamp': '2023-01-02T05:23:47.000Z'}
570,0xf8eb93,0x4713109bb80bad40a7e75c34cc0f8aafcd1b7bd36af7ca7bdf8e716f0ef0ae68:log:124,0x4713109bb80bad40a7e75c34cc0f8aafcd1b7bd36af7ca7bdf8e716f0ef0ae68,0x21a31ee1afc51d94c2efccaa2092ad1028285549,0xf584f8728b874a6a5c7a8d4d387c9aae9172d621,52506.0,,,,ATA,erc20,"{'value': '0x0b1e5b206b4a14280000', 'address': '0xa2120b9e674d3fc3875f415a7df52e382f141225', 'decimal': '0x12'}",{'blockTimestamp': '2023-01-01T16:53:35.000Z'}
571,0xf8d874,0x8bbb69f030c39a6d9b9f14ea3d83d694c7d8693ee5116a283f88fe86280a1034:log:405,0x8bbb69f030c39a6d9b9f14ea3d83d694c7d8693ee5116a283f88fe86280a1034,0xf05e2a70346560d3228c7002194bb7c5dc8fe100,0x28c6c06298d514db089934071355e5743bf21d60,47218.0,,,,ATA,erc20,"{'value': '0x09ffb1627c506a880000', 'address': '0xa2120b9e674d3fc3875f415a7df52e382f141225', 'decimal': '0x12'}",{'blockTimestamp': '2023-01-01T00:30:23.000Z'}
572,0xf8d809,0x4bfd563396edc0cf07f2080335b1d7fc786e0ef1d875a7729b3beeb45faa8ba7:log:208,0x4bfd563396edc0cf07f2080335b1d7fc786e0ef1d875a7729b3beeb45faa8ba7,0xf584f8728b874a6a5c7a8d4d387c9aae9172d621,0xf05e2a70346560d3228c7002194bb7c5dc8fe100,47218.0,,,,ATA,erc20,"{'value': '0x09ffb1627c506a880000', 'address': '0xa2120b9e674d3fc3875f415a7df52e382f141225', 'decimal': '0x12'}",{'blockTimestamp': '2023-01-01T00:08:47.000Z'}
573,0xf8d45d,0x93b9c12338aa040a99eb2cccc4e95899bdd4cf871e38d8b24b1bbe3591163e92:log:526,0x93b9c12338aa040a99eb2cccc4e95899bdd4cf871e38d8b24b1bbe3591163e92,0x6fe73c2d6be76ce4a912ee2f5ef1fb705da6b834,0x28c6c06298d514db089934071355e5743bf21d60,1165.807,,,,ATA,erc20,"{'value': '0x3f32d279ca2fd18000', 'address': '0xa2120b9e674d3fc3875f415a7df52e382f141225', 'decimal': '0x12'}",{'blockTimestamp': '2022-12-31T21:00:11.000Z'}
574,0xf8d3e5,0x20a2e0a9c5e8b742bd4a6acff7785b003b5791f34dfa4399a69ebf6013ecb9ee:log:136,0x20a2e0a9c5e8b742bd4a6acff7785b003b5791f34dfa4399a69ebf6013ecb9ee,0x521ac400f4c7861997d9c7c96140c7a60c2d9e33,0x6fe73c2d6be76ce4a912ee2f5ef1fb705da6b834,1165.807,,,,ATA,erc20,"{'value': '0x3f32d279ca2fd18000', 'address': '0xa2120b9e674d3fc3875f415a7df52e382f141225', 'decimal': '0x12'}",{'blockTimestamp': '2022-12-31T20:36:11.000Z'}
575,0xf8d3ca,0x5da301309a02258bc474b3f9257e38d653126ce2959baaad35f75c51ef9c59cd:log:252,0x5da301309a02258bc474b3f9257e38d653126ce2959baaad35f75c51ef9c59cd,0x28c6c06298d514db089934071355e5743bf21d60,0x4256025650734167f15687c6ffb4a038ece27318,31.0,,,,ATA,erc20,"{'value': '0x01ae361fc1451c0000', 'address': '0xa2120b9e674d3fc3875f415a7df52e382f141225', 'decimal': '0x12'}",{'blockTimestamp': '2022-12-31T20:30:47.000Z'}
576,0xf8cf9e,0x75f98652394c33749955602f22cfef144b1b240428f93e37fc2e878b0969d1fb:log:74,0x75f98652394c33749955602f22cfef144b1b240428f93e37fc2e878b0969d1fb,0xdfd5293d8e347dfe59e90efd55b2956a1343963d,0x34573e9f6278d2ca9bd3655da32c402e4eeebb83,2830.018,,,,ATA,erc20,"{'value': '0x996a63a8ec096d0000', 'address': '0xa2120b9e674d3fc3875f415a7df52e382f141225', 'decimal': '0x12'}",{'blockTimestamp': '2022-12-31T16:56:35.000Z'}
577,0xf8c938,0x584e93223bb729e406ceb8a65ffd9ea9c42e82c2c010255c7e629bcbe4ac4d0a:log:214,0x584e93223bb729e406ceb8a65ffd9ea9c42e82c2c010255c7e629bcbe4ac4d0a,0x134d289d72c0971be5254af8c227535c591363b0,0x23ba9c3e5207785e6de7ef73e2c235f4f4313db1,240.728,,,,ATA,erc20,"{'value': '0x0d0cc5a891823c0000', 'address': '0xa2120b9e674d3fc3875f415a7df52e382f141225', 'decimal': '0x12'}",{'blockTimestamp': '2022-12-31T11:26:47.000Z'}
578,0xf8c7f6,0x04882082ca3d029450ca8f1f4aa030f852ce34bd933c2e1b1fc102a724a08c90:log:77,0x04882082ca3d029450ca8f1f4aa030f852ce34bd933c2e1b1fc102a724a08c90,0x3c02290922a3618a4646e3bbca65853ea45fe7c6,0x95e3e979f9642eaf0bca988757025c2f6dcb8594,698.0,,,,ATA,erc20,"{'value': '0x25d6b225d666a80000', 'address': '0xa2120b9e674d3fc3875f415a7df52e382f141225', 'decimal': '0x12'}",{'blockTimestamp': '2022-12-31T10:22:11.000Z'}
579,0xf8c7a4,0x50368870991479181b839906f69ba47fab5b12d7c7aaa20038651e90dc8f403c:log:65,0x50368870991479181b839906f69ba47fab5b12d7c7aaa20038651e90dc8f403c,0x21a31ee1afc51d94c2efccaa2092ad1028285549,0x9bf051da269cbf5356bcb1ed831969fac6ea7b38,4969.0,,,,ATA,erc20,"{'value': '0x010d5eba451c14040000', 'address': '0xa2120b9e674d3fc3875f415a7df52e382f141225', 'decimal': '0x12'}",{'blockTimestamp': '2022-12-31T10:05:47.000Z'}
580,0xf8c74b,0xd3ea87c379deb20d92e3e965244c811df50461107542e9bb866085f70f6ab3ea:log:117,0xd3ea87c379deb20d92e3e965244c811df50461107542e9bb866085f70f6ab3ea,0x28c6c06298d514db089934071355e5743bf21d60,0x9bf051da269cbf5356bcb1ed831969fac6ea7b38,569.0,,,,ATA,erc20,"{'value': '0x1ed876154f0d440000', 'address': '0xa2120b9e674d3fc3875f415a7df52e382f141225', 'decimal': '0x12'}",{'blockTimestamp': '2022-12-31T09:47:47.000Z'}
581,0xf8c43d,0xfd30252b74ee8e3497e88a06200dc5546b3e59a70862920c8b1e9259fc7ae296:log:345,0xfd30252b74ee8e3497e88a06200dc5546b3e59a70862920c8b1e9259fc7ae296,0x04dc703bc7ac82f5995318c50caf929f08c52296,0xf16e9b0d03470827a95cdfd0cb8a8a3b46969b91,74401.78571428571,,,,ATA,erc20,"{'value': '0x0fc15431d5966cd72492', 'address': '0xa2120b9e674d3fc3875f415a7df52e382f141225', 'decimal': '0x12'}",{'blockTimestamp': '2022-12-31T07:10:47.000Z'}
582,0xf8c39b,0xfbbb44d232fd4f8a4882cdfa12585e29b2fbca49ae077d8e021073a539c22be1:log:189,0xfbbb44d232fd4f8a4882cdfa12585e29b2fbca49ae077d8e021073a539c22be1,0x41e3fe77de1eca115902eb058b1fb57395358d62,0x04dc703bc7ac82f5995318c50caf929f08c52296,74401.78571428571,,,,ATA,erc20,"{'value': '0x0fc15431d5966cd72492', 'address': '0xa2120b9e674d3fc3875f415a7df52e382f141225', 'decimal': '0x12'}",{'blockTimestamp': '2022-12-31T06:38:11.000Z'}
583,0xf8c396,0xc5dae8144d01d3657df5a6d5a1429ae43eb696839cae54099c1c5b53e98b24ee:log:101,0xc5dae8144d01d3657df5a6d5a1429ae43eb696839cae54099c1c5b53e98b24ee,0xa2120b9e674d3fc3875f415a7df52e382f141225,0x41e3fe77de1eca115902eb058b1fb57395358d62,74401.78571428571,,,,ATA,erc20,"{'value': '0x0fc15431d5966cd72492', 'address': '0xa2120b9e674d3fc3875f415a7df52e382f141225', 'decimal': '0x12'}",{'blockTimestamp': '2022-12-31T06:37:11.000Z'}
584,0xf8bd2c,0x8b4c8ae06c4c619e84f221916e9bc17a1b82097b3f39000fefa334bafb7ddb74:log:195,0x8b4c8ae06c4c619e84f221916e9bc17a1b82097b3f39000fefa334bafb7ddb74,0x733c5570597e609c796399333f0a176e444386ee,0xf16e9b0d03470827a95cdfd0cb8a8a3b46969b91,37580.0,,,,ATA,erc20,"{'value': '0x07f537440ca06bb00000', 'address': '0xa2120b9e674d3fc3875f415a7df52e382f141225', 'decimal': '0x12'}",{'blockTimestamp': '2022-12-31T01:06:35.000Z'}
585,0xf8bc4a,0x1bb9c32871690a009be0c24ba471c63c79e2d8ee903dd3da6f2974486a458958:log:92,0x1bb9c32871690a009be0c24ba471c63c79e2d8ee903dd3da6f2974486a458958,0xdfd5293d8e347dfe59e90efd55b2956a1343963d,0x733c5570597e609c796399333f0a176e444386ee,37580.0,,,,ATA,erc20,"{'value': '0x07f537440ca06bb00000', 'address': '0xa2120b9e674d3fc3875f415a7df52e382f141225', 'decimal': '0x12'}",{'blockTimestamp': '2022-12-31T00:21:23.000Z'}
586,0xf8bbe0,0x85df16b8d106df6abaa789ee450b6ed33d0a3c9fae2842322274442ab6530ed3:log:310,0x85df16b8d106df6abaa789ee450b6ed33d0a3c9fae2842322274442ab6530ed3,0xf05e2a70346560d3228c7002194bb7c5dc8fe100,0x28c6c06298d514db089934071355e5743bf21d60,29492.0,,,,ATA,erc20,"{'value': '0x063ec3b7d0afec500000', 'address': '0xa2120b9e674d3fc3875f415a7df52e382f141225', 'decimal': '0x12'}",{'blockTimestamp': '2022-12-31T00:00:11.000Z'}
587,0xf8baf4,0x7a39b3e31b767757c01794c62051566eeb9c57221023754ce5cae147fc67b116:log:249,0x7a39b3e31b767757c01794c62051566eeb9c57221023754ce5cae147fc67b116,0xf584f8728b874a6a5c7a8d4d387c9aae9172d621,0xf05e2a70346560d3228c7002194bb7c5dc8fe100,29492.0,,,,ATA,erc20,"{'value': '0x063ec3b7d0afec500000', 'address': '0xa2120b9e674d3fc3875f415a7df52e382f141225', 'decimal': '0x12'}",{'blockTimestamp': '2022-12-30T23:12:59.000Z'}
588,0xf8b988,0xeb7a3429103416e811c978cf02cb12d508a44286f68d046a9b405e8d89761132:log:577,0xeb7a3429103416e811c978cf02cb12d508a44286f68d046a9b405e8d89761132,0xf05e2a70346560d3228c7002194bb7c5dc8fe100,0x28c6c06298d514db089934071355e5743bf21d60,28992.0,,,,ATA,erc20,"{'value': '0x0623a8d2f9ccfd000000', 'address': '0xa2120b9e674d3fc3875f415a7df52e382f141225', 'decimal': '0x12'}",{'blockTimestamp': '2022-12-30T22:00:11.000Z'}
589,0xf8b8fb,0x6d0492ff9b31db9637030768d136a976cff23ef8dd1beea926dc5dcb5311e6fc:log:273,0x6d0492ff9b31db9637030768d136a976cff23ef8dd1beea926dc5dcb5311e6fc,0xf584f8728b874a6a5c7a8d4d387c9aae9172d621,0xf05e2a70346560d3228c7002194bb7c5dc8fe100,28992.0,,,,ATA,erc20,"{'value': '0x0623a8d2f9ccfd000000', 'address': '0xa2120b9e674d3fc3875f415a7df52e382f141225', 'decimal': '0x12'}",{'blockTimestamp': '2022-12-30T21:31:59.000Z'}
590,0xf8b827,0x070b9b0f380a1e87038516760bc302e77f8ff7fd2c438871a73ef35332880a4c:log:165,0x070b9b0f380a1e87038516760bc302e77f8ff7fd2c438871a73ef35332880a4c,0x21a31ee1afc51d94c2efccaa2092ad1028285549,0xf584f8728b874a6a5c7a8d4d387c9aae9172d621,37014.0,,,,ATA,erc20,"{'value': '0x07d688701b6c54980000', 'address': '0xa2120b9e674d3fc3875f415a7df52e382f141225', 'decimal': '0x12'}",{'blockTimestamp': '2022-12-30T20:48:59.000Z'}
591,0xf8b7b2,0x3b8baa2d6c6afac176b30fe47f6bb2edc353eec0965743af56c0e652ca40b763:log:54,0x3b8baa2d6c6afac176b30fe47f6bb2edc353eec0965743af56c0e652ca40b763,0x28c6c06298d514db089934071355e5743bf21d60,0xf584f8728b874a6a5c7a8d4d387c9aae9172d621,35511.0,,,,ATA,erc20,"{'value': '0x07850e1f72a8907c0000', 'address': '0xa2120b9e674d3fc3875f415a7df52e382f141225', 'decimal': '0x12'}",{'blockTimestamp': '2022-12-30T20:25:35.000Z'}
592,0xf8b735,0x6af1f974e97d2f896d96d6bba0e1554f040790abebc72ba195c81f83c22fac71:log:315,0x6af1f974e97d2f896d96d6bba0e1554f040790abebc72ba195c81f83c22fac71,0xf05e2a70346560d3228c7002194bb7c5dc8fe100,0x28c6c06298d514db089934071355e5743bf21d60,29433.0,,,,ATA,erc20,"{'value': '0x063b90edb54858440000', 'address': '0xa2120b9e674d3fc3875f415a7df52e382f141225', 'decimal': '0x12'}",{'blockTimestamp': '2022-12-30T20:00:11.000Z'}
593,0xf8b6c9,0x60ad4b6b1e8153cc0c787b09651a7e48645be8230402627016e0593cf7b2d12a:log:277,0x60ad4b6b1e8153cc0c787b09651a7e48645be8230402627016e0593cf7b2d12a,0xf584f8728b874a6a5c7a8d4d387c9aae9172d621,0xf05e2a70346560d3228c7002194bb7c5dc8fe100,29433.0,,,,ATA,erc20,"{'value': '0x063b90edb54858440000', 'address': '0xa2120b9e674d3fc3875f415a7df52e382f141225', 'decimal': '0x12'}",{'blockTimestamp': '2022-12-30T19:38:35.000Z'}
594,0xf8b626,0x0673cae31c1494b335612d1f4150c316461f952a10d546414705f32aa2862e51:log:248,0x0673cae31c1494b335612d1f4150c316461f952a10d546414705f32aa2862e51,0xf05e2a70346560d3228c7002194bb7c5dc8fe100,0x28c6c06298d514db089934071355e5743bf21d60,29433.0,,,,ATA,erc20,"{'value': '0x063b90edb54858440000', 'address': '0xa2120b9e674d3fc3875f415a7df52e382f141225', 'decimal': '0x12'}",{'blockTimestamp': '2022-12-30T19:05:47.000Z'}
595,0xf8b5d1,0x1a48582cbf793d374d804642add0125f7202859a706ca1710d9255f2ad79d1f4:log:162,0x1a48582cbf793d374d804642add0125f7202859a706ca1710d9255f2ad79d1f4,0xf584f8728b874a6a5c7a8d4d387c9aae9172d621,0xf05e2a70346560d3228c7002194bb7c5dc8fe100,29433.0,,,,ATA,erc20,"{'value': '0x063b90edb54858440000', 'address': '0xa2120b9e674d3fc3875f415a7df52e382f141225', 'decimal': '0x12'}",{'blockTimestamp': '2022-12-30T18:48:35.000Z'}
596,0xf8b542,0x77b850c5371a308be21cc0f4288e4ef9b04b2cb29c3f71d6dc5240055448e66d:log:123,0x77b850c5371a308be21cc0f4288e4ef9b04b2cb29c3f71d6dc5240055448e66d,0xdfd5293d8e347dfe59e90efd55b2956a1343963d,0xf584f8728b874a6a5c7a8d4d387c9aae9172d621,51311.0,,,,ATA,erc20,"{'value': '0x0add932b92abb45c0000', 'address': '0xa2120b9e674d3fc3875f415a7df52e382f141225', 'decimal': '0x12'}",{'blockTimestamp': '2022-12-30T18:18:59.000Z'}
597,0xf8b4e5,0xc55f51bcaa1e8d60dee45c4ebcd5811807eaa51a05a7886883031d418235c790:log:663,0xc55f51bcaa1e8d60dee45c4ebcd5811807eaa51a05a7886883031d418235c790,0xf05e2a70346560d3228c7002194bb7c5dc8fe100,0x28c6c06298d514db089934071355e5743bf21d60,29436.0,,,,ATA,erc20,"{'value': '0x063bba8fd9634e700000', 'address': '0xa2120b9e674d3fc3875f415a7df52e382f141225', 'decimal': '0x12'}",{'blockTimestamp': '2022-12-30T18:00:23.000Z'}
598,0xf8b4b1,0xd5ec608fcd7aeb2c5666c2a2e47c21fadef4c08221fea0dce29b814d4df7a2ba:log:213,0xd5ec608fcd7aeb2c5666c2a2e47c21fadef4c08221fea0dce29b814d4df7a2ba,0xf584f8728b874a6a5c7a8d4d387c9aae9172d621,0xf05e2a70346560d3228c7002194bb7c5dc8fe100,29436.0,,,,ATA,erc20,"{'value': '0x063bba8fd9634e700000', 'address': '0xa2120b9e674d3fc3875f415a7df52e382f141225', 'decimal': '0x12'}",{'blockTimestamp': '2022-12-30T17:49:59.000Z'}
599,0xf8b44f,0x67649c3be940e48595ea1aabe0c940fc37f33ebfe934944d00f63cb30d76f924:log:387,0x67649c3be940e48595ea1aabe0c940fc37f33ebfe934944d00f63cb30d76f924,0xf05e2a70346560d3228c7002194bb7c5dc8fe100,0x28c6c06298d514db089934071355e5743bf21d60,29437.0,,,,ATA,erc20,"{'value': '0x063bc8709016f5d40000', 'address': '0xa2120b9e674d3fc3875f415a7df52e382f141225', 'decimal': '0x12'}",{'blockTimestamp': '2022-12-30T17:30:11.000Z'}
600,0xf8b424,0x1e43e4d392aead89b3346b8ab3ae76153d564bcfd7a2376e1d9182481287d815:log:363,0x1e43e4d392aead89b3346b8ab3ae76153d564bcfd7a2376e1d9182481287d815,0xf584f8728b874a6a5c7a8d4d387c9aae9172d621,0xf05e2a70346560d3228c7002194bb7c5dc8fe100,29437.0,,,,ATA,erc20,"{'value': '0x063bc8709016f5d40000', 'address': '0xa2120b9e674d3fc3875f415a7df52e382f141225', 'decimal': '0x12'}",{'blockTimestamp': '2022-12-30T17:21:35.000Z'}
601,0xf8b3ba,0x0f663a7647c0ce333363f72053633ecba5b8540d324e3c6292a0b1c137fedd42:log:453,0x0f663a7647c0ce333363f72053633ecba5b8540d324e3c6292a0b1c137fedd42,0xf05e2a70346560d3228c7002194bb7c5dc8fe100,0x28c6c06298d514db089934071355e5743bf21d60,29435.0,,,,ATA,erc20,"{'value': '0x063bacaf22afa70c0000', 'address': '0xa2120b9e674d3fc3875f415a7df52e382f141225', 'decimal': '0x12'}",{'blockTimestamp': '2022-12-30T17:00:11.000Z'}
602,0xf8b399,0x7e9c0fbe697bd15ce7dab7f31818a2ebb7daa3ffc35bf1222dccc7f6c2d0660a:log:91,0x7e9c0fbe697bd15ce7dab7f31818a2ebb7daa3ffc35bf1222dccc7f6c2d0660a,0x21a31ee1afc51d94c2efccaa2092ad1028285549,0xf584f8728b874a6a5c7a8d4d387c9aae9172d621,90257.0,,,,ATA,erc20,"{'value': '0x131cd77e81eb4fa40000', 'address': '0xa2120b9e674d3fc3875f415a7df52e382f141225', 'decimal': '0x12'}",{'blockTimestamp': '2022-12-30T16:53:35.000Z'}
603,0xf8b353,0xe462294b6ee4168aaf4786adaa11c78e7281934931418cd9c977b419ed5a04fd:log:293,0xe462294b6ee4168aaf4786adaa11c78e7281934931418cd9c977b419ed5a04fd,0xf584f8728b874a6a5c7a8d4d387c9aae9172d621,0xf05e2a70346560d3228c7002194bb7c5dc8fe100,29435.0,,,,ATA,erc20,"{'value': '0x063bacaf22afa70c0000', 'address': '0xa2120b9e674d3fc3875f415a7df52e382f141225', 'decimal': '0x12'}",{'blockTimestamp': '2022-12-30T16:39:35.000Z'}
604,0xf8b21e,0x0e8234bbff161d903f20169d8434cdf72e45019a0359eb2db25c60ddb258bb0b:log:299,0x0e8234bbff161d903f20169d8434cdf72e45019a0359eb2db25c60ddb258bb0b,0xf05e2a70346560d3228c7002194bb7c5dc8fe100,0x28c6c06298d514db089934071355e5743bf21d60,29027.0,,,,ATA,erc20,"{'value': '0x06258e8bf45cdfac0000', 'address': '0xa2120b9e674d3fc3875f415a7df52e382f141225', 'decimal': '0x12'}",{'blockTimestamp': '2022-12-30T15:37:35.000Z'}
605,0xf8b213,0x72efecdee09109c03442b5f17931e4969dfb218d353d091e0d8514c0f107b548:log:263,0x72efecdee09109c03442b5f17931e4969dfb218d353d091e0d8514c0f107b548,0xf584f8728b874a6a5c7a8d4d387c9aae9172d621,0xf05e2a70346560d3228c7002194bb7c5dc8fe100,29027.0,,,,ATA,erc20,"{'value': '0x06258e8bf45cdfac0000', 'address': '0xa2120b9e674d3fc3875f415a7df52e382f141225', 'decimal': '0x12'}",{'blockTimestamp': '2022-12-30T15:35:23.000Z'}
606,0xf8b163,0x23675ae9ffba2c477f44e6c4c663d3ff5275e69f988624fe3a3a1005f6ee4e6c:log:324,0x23675ae9ffba2c477f44e6c4c663d3ff5275e69f988624fe3a3a1005f6ee4e6c,0xf05e2a70346560d3228c7002194bb7c5dc8fe100,0x28c6c06298d514db089934071355e5743bf21d60,22969.0,,,,ATA,erc20,"{'value': '0x04dd26e87d05bb440000', 'address': '0xa2120b9e674d3fc3875f415a7df52e382f141225', 'decimal': '0x12'}",{'blockTimestamp': '2022-12-30T15:00:11.000Z'}
607,0xf8b135,0x0c576c78b343688e3452649c7a053c2757dbbcc8ac156536811557e363fc2ab3:log:84,0x0c576c78b343688e3452649c7a053c2757dbbcc8ac156536811557e363fc2ab3,0x28c6c06298d514db089934071355e5743bf21d60,0xf584f8728b874a6a5c7a8d4d387c9aae9172d621,39977.0,,,,ATA,erc20,"{'value': '0x08772852bcc6bf040000', 'address': '0xa2120b9e674d3fc3875f415a7df52e382f141225', 'decimal': '0x12'}",{'blockTimestamp': '2022-12-30T14:50:59.000Z'}
608,0xf8b092,0x0482c669cba52945aacba27677ac9888b083a6c93f72572a96dc519c1ab8126e:log:219,0x0482c669cba52945aacba27677ac9888b083a6c93f72572a96dc519c1ab8126e,0xf584f8728b874a6a5c7a8d4d387c9aae9172d621,0xf05e2a70346560d3228c7002194bb7c5dc8fe100,22969.0,,,,ATA,erc20,"{'value': '0x04dd26e87d05bb440000', 'address': '0xa2120b9e674d3fc3875f415a7df52e382f141225', 'decimal': '0x12'}",{'blockTimestamp': '2022-12-30T14:18:23.000Z'}
609,0xf8af3b,0x63fe841ff6ce89fd199fba703fa25ebee51533ceb39b911964460237d2ff74d1:log:94,0x63fe841ff6ce89fd199fba703fa25ebee51533ceb39b911964460237d2ff74d1,0xdfd5293d8e347dfe59e90efd55b2956a1343963d,0x252b032329c707c18ea2a9a9bb9b99e4a6c8f663,68105.0,,,,ATA,erc20,"{'value': '0x0e6bfabd183eca840000', 'address': '0xa2120b9e674d3fc3875f415a7df52e382f141225', 'decimal': '0x12'}",{'blockTimestamp': '2022-12-30T13:09:23.000Z'}
610,0xf8acb3,0xd641331354cfddbe3adfb87e562a6d2dd0a25274d2394c206cdf600878d6be58:log:65,0xd641331354cfddbe3adfb87e562a6d2dd0a25274d2394c206cdf600878d6be58,0x2e07c266f652095e2ce988c759afe9cc2fd9af8c,0x750db94360cf90f1023d12d699d03b871f27b2d0,42.2092032507543,,,,ATA,erc20,"{'value': '0x0249c536b8fd791e02', 'address': '0xa2120b9e674d3fc3875f415a7df52e382f141225', 'decimal': '0x12'}",{'blockTimestamp': '2022-12-30T10:58:23.000Z'}
611,0xf8acb3,0xd641331354cfddbe3adfb87e562a6d2dd0a25274d2394c206cdf600878d6be58:log:64,0xd641331354cfddbe3adfb87e562a6d2dd0a25274d2394c206cdf600878d6be58,0x2e07c266f652095e2ce988c759afe9cc2fd9af8c,0x462edbe0c6d505b96556b63fe3b593078f90e0fc,0.12700863565924062,,,,ATA,erc20,"{'value': '0x01c339ae63e044a5', 'address': '0xa2120b9e674d3fc3875f415a7df52e382f141225', 'decimal': '0x12'}",{'blockTimestamp': '2022-12-30T10:58:23.000Z'}
612,0xf8acb3,0xd641331354cfddbe3adfb87e562a6d2dd0a25274d2394c206cdf600878d6be58:log:60,0xd641331354cfddbe3adfb87e562a6d2dd0a25274d2394c206cdf600878d6be58,0x5654d65578cda52791879751141f2f3d7dc27fe4,0x2e07c266f652095e2ce988c759afe9cc2fd9af8c,42.33621188641354,,,,ATA,erc20,"{'value': '0x024b887067615962a7', 'address': '0xa2120b9e674d3fc3875f415a7df52e382f141225', 'decimal': '0x12'}",{'blockTimestamp': '2022-12-30T10:58:23.000Z'}
613,0xf8a813,0xbf4717cdb18f579d9226db27e5f4f3da8758e88c011d317a9059e1fb539e68e5:log:350,0xbf4717cdb18f579d9226db27e5f4f3da8758e88c011d317a9059e1fb539e68e5,0x26dc4a7131567de332d1bbf6a8f895f7c67db62f,0x28c6c06298d514db089934071355e5743bf21d60,2392.9999999999995,,,,ATA,erc20,"{'value': '0x81b98bd557b5c40000', 'address': '0xa2120b9e674d3fc3875f415a7df52e382f141225', 'decimal': '0x12'}",{'blockTimestamp': '2022-12-30T07:00:11.000Z'}
614,0xf8a7bd,0xd8cf5c1547b0dc85bf4bfa834fab199a71403914fe5ab2546d26133440c33b3c:log:95,0xd8cf5c1547b0dc85bf4bfa834fab199a71403914fe5ab2546d26133440c33b3c,0xbf786d2c25f1373858302efc18aa0a25c9f0bfd9,0x26dc4a7131567de332d1bbf6a8f895f7c67db62f,2392.9999999999995,,,,ATA,erc20,"{'value': '0x81b98bd557b5c40000', 'address': '0xa2120b9e674d3fc3875f415a7df52e382f141225', 'decimal': '0x12'}",{'blockTimestamp': '2022-12-30T06:42:59.000Z'}
615,0xf8a58c,0x5d77fef1612aafc7a32e456dee7fd06386bfb33097de1b855fa2997e949d9c87:log:91,0x5d77fef1612aafc7a32e456dee7fd06386bfb33097de1b855fa2997e949d9c87,0x21a31ee1afc51d94c2efccaa2092ad1028285549,0xf584f8728b874a6a5c7a8d4d387c9aae9172d621,40879.0,,,,ATA,erc20,"{'value': '0x08a80e1679c6895c0000', 'address': '0xa2120b9e674d3fc3875f415a7df52e382f141225', 'decimal': '0x12'}",{'blockTimestamp': '2022-12-30T04:50:23.000Z'}
616,0xf89e33,0x36a22a5683c5c87d153b8e78ac2a0b85e3f2fbfd5a5880423dcb6d7682564f16:log:50,0x36a22a5683c5c87d153b8e78ac2a0b85e3f2fbfd5a5880423dcb6d7682564f16,0x28c6c06298d514db089934071355e5743bf21d60,0x134d289d72c0971be5254af8c227535c591363b0,240.728,,,,ATA,erc20,"{'value': '0x0d0cc5a891823c0000', 'address': '0xa2120b9e674d3fc3875f415a7df52e382f141225', 'decimal': '0x12'}",{'blockTimestamp': '2022-12-29T22:33:59.000Z'}
617,0xf898a2,0x79cd44fa5292bb640b70181123d8327ed3d986091d2f884dc8899ed861219a44:log:113,0x79cd44fa5292bb640b70181123d8327ed3d986091d2f884dc8899ed861219a44,0xf16e9b0d03470827a95cdfd0cb8a8a3b46969b91,0x09852b987931bf9590e5fce67098ba68e6233f56,492.58943846,,,,ATA,erc20,"{'value': '0x1ab40d3c6dbd70d800', 'address': '0xa2120b9e674d3fc3875f415a7df52e382f141225', 'decimal': '0x12'}",{'blockTimestamp': '2022-12-29T17:47:35.000Z'}
618,0xf89666,0xbddfb9c666dd056b083b748b2ff54145ef8c1792a1b0b1edc8df640d236917b5:log:82,0xbddfb9c666dd056b083b748b2ff54145ef8c1792a1b0b1edc8df640d236917b5,0xdb45adf74fbd18a2f101950e6c33147b2f584fd9,0x28c6c06298d514db089934071355e5743bf21d60,13027.758,,,,ATA,erc20,"{'value': '0x02c23c760cfad96b0000', 'address': '0xa2120b9e674d3fc3875f415a7df52e382f141225', 'decimal': '0x12'}",{'blockTimestamp': '2022-12-29T15:52:47.000Z'}
619,0xf89637,0x49df06b1ae3457bddbb8aeaf2c00f9addd510aa767bcfd7a5076464c4c681a8a:log:125,0x49df06b1ae3457bddbb8aeaf2c00f9addd510aa767bcfd7a5076464c4c681a8a,0x027996d61b0fcc4e7b3fca36c85d77355a0b4952,0xdb45adf74fbd18a2f101950e6c33147b2f584fd9,13027.758,,,,ATA,erc20,"{'value': '0x02c23c760cfad96b0000', 'address': '0xa2120b9e674d3fc3875f415a7df52e382f141225', 'decimal': '0x12'}",{'blockTimestamp': '2022-12-29T15:43:11.000Z'}
620,0xf88ae7,0x028e2d0ad6f47f0f8d27426993bbaf6e353ffc004404f13528ec37ec84e0e60f:log:58,0x028e2d0ad6f47f0f8d27426993bbaf6e353ffc004404f13528ec37ec84e0e60f,0xdfd5293d8e347dfe59e90efd55b2956a1343963d,0x2c40cd7566841c93cb52eea2a48ea39d4af9422c,334.26899999999995,,,,ATA,erc20,"{'value': '0x121eea0c77890c8000', 'address': '0xa2120b9e674d3fc3875f415a7df52e382f141225', 'decimal': '0x12'}",{'blockTimestamp': '2022-12-29T06:00:23.000Z'}
621,0xf88999,0x2d174cd5158d81902dfb64388598280896e121baefdccf29e86be03df475f2a1:log:172,0x2d174cd5158d81902dfb64388598280896e121baefdccf29e86be03df475f2a1,0x66c319a322dd128fcd54e578a87bdacca142ecc0,0x28c6c06298d514db089934071355e5743bf21d60,511454.554,,,,ATA,erc20,"{'value': '0x6c4e01c614a2d2490000', 'address': '0xa2120b9e674d3fc3875f415a7df52e382f141225', 'decimal': '0x12'}",{'blockTimestamp': '2022-12-29T04:52:59.000Z'}
622,0xf88989,0x32415b97ed1f4ac6d47ca085f1bb59b1ae7e127a42687e331d04ce40f881357e:log:66,0x32415b97ed1f4ac6d47ca085f1bb59b1ae7e127a42687e331d04ce40f881357e,0x85247f053914cea7ddec95ea7dfab043d7992449,0x66c319a322dd128fcd54e578a87bdacca142ecc0,511454.554,,,,ATA,erc20,"{'value': '0x6c4e01c614a2d2490000', 'address': '0xa2120b9e674d3fc3875f415a7df52e382f141225', 'decimal': '0x12'}",{'blockTimestamp': '2022-12-29T04:49:47.000Z'}
623,0xf88400,0x18f8ba15aa83e50d4d8040462df6b38582dfa606c9b0214e969a5e57bc566a24:log:148,0x18f8ba15aa83e50d4d8040462df6b38582dfa606c9b0214e969a5e57bc566a24,0xf05e2a70346560d3228c7002194bb7c5dc8fe100,0x28c6c06298d514db089934071355e5743bf21d60,162493.0,,,,ATA,erc20,"{'value': '0x2268c35fcf303cd40000', 'address': '0xa2120b9e674d3fc3875f415a7df52e382f141225', 'decimal': '0x12'}",{'blockTimestamp': '2022-12-29T00:04:47.000Z'}
624,0xf883a8,0x86a5ae336ee9185f1e214f1b7affd0fcbb162aaba14825917e893f9ad74d1fc0:log:417,0x86a5ae336ee9185f1e214f1b7affd0fcbb162aaba14825917e893f9ad74d1fc0,0xf584f8728b874a6a5c7a8d4d387c9aae9172d621,0xf05e2a70346560d3228c7002194bb7c5dc8fe100,162493.0,,,,ATA,erc20,"{'value': '0x2268c35fcf303cd40000', 'address': '0xa2120b9e674d3fc3875f415a7df52e382f141225', 'decimal': '0x12'}",{'blockTimestamp': '2022-12-28T23:47:11.000Z'}
625,0xf882f6,0x40376d1113c177469731d85c523d1cf3d77a9eb4c3b48f223355cb0e9af57082:log:100,0x40376d1113c177469731d85c523d1cf3d77a9eb4c3b48f223355cb0e9af57082,0x21a31ee1afc51d94c2efccaa2092ad1028285549,0x83fc86c5e4e846d1a3526b47801130679bc00e6a,378557.56799999997,,,,ATA,erc20,"{'value': '0x5029a59a0c0b85400000', 'address': '0xa2120b9e674d3fc3875f415a7df52e382f141225', 'decimal': '0x12'}",{'blockTimestamp': '2022-12-28T23:11:35.000Z'}
626,0xf880fd,0xed377b299723093910206c799d24f1e5a182fd8fa60155af1b1a46bc0ff23753:log:132,0xed377b299723093910206c799d24f1e5a182fd8fa60155af1b1a46bc0ff23753,0x29984d1f9055cafb02dcdd53c54b727902e44975,0x28c6c06298d514db089934071355e5743bf21d60,394245.73000000004,,,,ATA,erc20,"{'value': '0x537c1a95c799b2fd0000', 'address': '0xa2120b9e674d3fc3875f415a7df52e382f141225', 'decimal': '0x12'}",{'blockTimestamp': '2022-12-28T21:30:11.000Z'}
627,0xf880ee,0x156f4172b4c37fc868646c19b4bb901a3133e699902d04af88cc5627a0b4cc00:log:275,0x156f4172b4c37fc868646c19b4bb901a3133e699902d04af88cc5627a0b4cc00,0x95b564f3b3bae3f206aa418667ba000afafacc8a,0x29984d1f9055cafb02dcdd53c54b727902e44975,394245.73000000004,,,,ATA,erc20,"{'value': '0x537c1a95c799b2fd0000', 'address': '0xa2120b9e674d3fc3875f415a7df52e382f141225', 'decimal': '0x12'}",{'blockTimestamp': '2022-12-28T21:27:11.000Z'}
628,0xf880c9,0xbff1b3638cb67c178497d9cdf1943b08d22fa7e0c59b1c8a367c70b42a1d4d09:log:63,0xbff1b3638cb67c178497d9cdf1943b08d22fa7e0c59b1c8a367c70b42a1d4d09,0x28c6c06298d514db089934071355e5743bf21d60,0xf584f8728b874a6a5c7a8d4d387c9aae9172d621,2209.0,,,,ATA,erc20,"{'value': '0x77c008843765e40000', 'address': '0xa2120b9e674d3fc3875f415a7df52e382f141225', 'decimal': '0x12'}",{'blockTimestamp': '2022-12-28T21:19:23.000Z'}
629,0xf88065,0xb01b2f06424e1876e61c2d2f352d26c0144b9e9b2be994bbaac67d42d28cc83d:log:45,0xb01b2f06424e1876e61c2d2f352d26c0144b9e9b2be994bbaac67d42d28cc83d,0xdfd5293d8e347dfe59e90efd55b2956a1343963d,0x95c745807a5a7be209a3f394eec9a1ccda4251f4,44611.071428560004,,,,ATA,erc20,"{'value': '0x09725efbb0b060ca2000', 'address': '0xa2120b9e674d3fc3875f415a7df52e382f141225', 'decimal': '0x12'}",{'blockTimestamp': '2022-12-28T20:59:23.000Z'}
630,0xf87dba,0xbf28c7291970c48fd55a851a060e14dd63d2517c391cea97f0a5dfcfb6a2600a:log:61,0xbf28c7291970c48fd55a851a060e14dd63d2517c391cea97f0a5dfcfb6a2600a,0x21a31ee1afc51d94c2efccaa2092ad1028285549,0xf51837babbcb04537a1cb837bbcbbacfc28574f2,1238.63678687,,,,ATA,erc20,"{'value': '0x432589db144d939c00', 'address': '0xa2120b9e674d3fc3875f415a7df52e382f141225', 'decimal': '0x12'}",{'blockTimestamp': '2022-12-28T18:42:23.000Z'}
631,0xf87d8c,0x5eb81e44abea69e9e100b2e63693cc2a16f2dcbb3d4df13d3edd4a3629ae619d:log:68,0x5eb81e44abea69e9e100b2e63693cc2a16f2dcbb3d4df13d3edd4a3629ae619d,0x28c6c06298d514db089934071355e5743bf21d60,0xb70a88503effe47cb65b56436ec2b7970eacaeb8,5846.1179999999995,,,,ATA,erc20,"{'value': '0x013ceb2f62f079170000', 'address': '0xa2120b9e674d3fc3875f415a7df52e382f141225', 'decimal': '0x12'}",{'blockTimestamp': '2022-12-28T18:33:11.000Z'}
632,0xf87cc4,0xa8fc9db341bcf8723c8e23b0e073c43683702360c43a78c801aa99b088e24bd7:log:84,0xa8fc9db341bcf8723c8e23b0e073c43683702360c43a78c801aa99b088e24bd7,0xdfd5293d8e347dfe59e90efd55b2956a1343963d,0xf584f8728b874a6a5c7a8d4d387c9aae9172d621,2275.0,,,,ATA,erc20,"{'value': '0x7b53f79e888dac0000', 'address': '0xa2120b9e674d3fc3875f415a7df52e382f141225', 'decimal': '0x12'}",{'blockTimestamp': '2022-12-28T17:52:47.000Z'}
633,0xf87c81,0x3ea24d95792812c24f96ec52565ddd1301a749222eef94bd13d976345ca5e81d:log:88,0x3ea24d95792812c24f96ec52565ddd1301a749222eef94bd13d976345ca5e81d,0x21a31ee1afc51d94c2efccaa2092ad1028285549,0x85247f053914cea7ddec95ea7dfab043d7992449,510037.0,,,,ATA,erc20,"{'value': '0x6c0129429828b4340000', 'address': '0xa2120b9e674d3fc3875f415a7df52e382f141225', 'decimal': '0x12'}",{'blockTimestamp': '2022-12-28T17:39:23.000Z'}
634,0xf87c72,0xe599b2aedc67110e1855f98b6b052b603f980cf78207d40863093b7eebb39848:log:85,0xe599b2aedc67110e1855f98b6b052b603f980cf78207d40863093b7eebb39848,0x28c6c06298d514db089934071355e5743bf21d60,0xf584f8728b874a6a5c7a8d4d387c9aae9172d621,3436.0,,,,ATA,erc20,"{'value': '0xba4414334ab2300000', 'address': '0xa2120b9e674d3fc3875f415a7df52e382f141225', 'decimal': '0x12'}",{'blockTimestamp': '2022-12-28T17:36:23.000Z'}
635,0xf87bf8,0xbf35bc38a424406adc9a93fb183ef6bc34aeb084d8547fef0d24565e288009d5:log:267,0xbf35bc38a424406adc9a93fb183ef6bc34aeb084d8547fef0d24565e288009d5,0x43f7f88ab72ac0e7f98018f6f4af436006585058,0xf16e9b0d03470827a95cdfd0cb8a8a3b46969b91,2068.4458247287043,,,,ATA,erc20,"{'value': '0x702173c67ebe52d9c3', 'address': '0xa2120b9e674d3fc3875f415a7df52e382f141225', 'decimal': '0x12'}",{'blockTimestamp': '2022-12-28T17:11:47.000Z'}
636,0xf87b78,0x8bfce9d4743885158a291907be438e63a78b33cbd4bb1c924df11dfafbf5e5bb:log:15,0x8bfce9d4743885158a291907be438e63a78b33cbd4bb1c924df11dfafbf5e5bb,0x5654d65578cda52791879751141f2f3d7dc27fe4,0x43f7f88ab72ac0e7f98018f6f4af436006585058,2068.4458247287043,,,,ATA,erc20,"{'value': '0x702173c67ebe52d9c3', 'address': '0xa2120b9e674d3fc3875f415a7df52e382f141225', 'decimal': '0x12'}",{'blockTimestamp': '2022-12-28T16:46:11.000Z'}
637,0xf87b78,0x88e093bcf1c9010650aafbcce405091a4e093b33b7f0c5223472dd0c698fda61:log:5,0x88e093bcf1c9010650aafbcce405091a4e093b33b7f0c5223472dd0c698fda61,0x22f9dcf4647084d6c31b2765f6910cd85c178c18,0x5654d65578cda52791879751141f2f3d7dc27fe4,2676.255,,,,ATA,erc20,"{'value': '0x91147fbf17e3098000', 'address': '0xa2120b9e674d3fc3875f415a7df52e382f141225', 'decimal': '0x12'}",{'blockTimestamp': '2022-12-28T16:46:11.000Z'}
638,0xf87b78,0x88e093bcf1c9010650aafbcce405091a4e093b33b7f0c5223472dd0c698fda61:log:3,0x88e093bcf1c9010650aafbcce405091a4e093b33b7f0c5223472dd0c698fda61,0xc6f0a33dc29f98a1399e5f6b0ddfe91697c02079,0x22f9dcf4647084d6c31b2765f6910cd85c178c18,2676.255,,,,ATA,erc20,"{'value': '0x91147fbf17e3098000', 'address': '0xa2120b9e674d3fc3875f415a7df52e382f141225', 'decimal': '0x12'}",{'blockTimestamp': '2022-12-28T16:46:11.000Z'}
639,0xf87b28,0x63d21a423d18899bfdb47d8a32404cd4877157bdc74179e5a2e84fcc5d0b4b94:log:41,0x63d21a423d18899bfdb47d8a32404cd4877157bdc74179e5a2e84fcc5d0b4b94,0xdb45adf74fbd18a2f101950e6c33147b2f584fd9,0x28c6c06298d514db089934071355e5743bf21d60,12000.0,,,,ATA,erc20,"{'value': '0x028a857425466f800000', 'address': '0xa2120b9e674d3fc3875f415a7df52e382f141225', 'decimal': '0x12'}",{'blockTimestamp': '2022-12-28T16:30:11.000Z'}
640,0xf87a97,0x90484439dbd70496f213d763ae8d72d02bc395428ad151df0fa6022d3f54c052:log:355,0x90484439dbd70496f213d763ae8d72d02bc395428ad151df0fa6022d3f54c052,0x027996d61b0fcc4e7b3fca36c85d77355a0b4952,0xdb45adf74fbd18a2f101950e6c33147b2f584fd9,12000.0,,,,ATA,erc20,"{'value': '0x028a857425466f800000', 'address': '0xa2120b9e674d3fc3875f415a7df52e382f141225', 'decimal': '0x12'}",{'blockTimestamp': '2022-12-28T16:00:59.000Z'}
641,0xf87a71,0x500fcf7b053d50202d1ba018ba420308b45621b9003637445439adaf8c132a51:log:34,0x500fcf7b053d50202d1ba018ba420308b45621b9003637445439adaf8c132a51,0xdfd5293d8e347dfe59e90efd55b2956a1343963d,0xf584f8728b874a6a5c7a8d4d387c9aae9172d621,7519.0,,,,ATA,erc20,"{'value': '0x01979b1626a1721c0000', 'address': '0xa2120b9e674d3fc3875f415a7df52e382f141225', 'decimal': '0x12'}",{'blockTimestamp': '2022-12-28T15:53:23.000Z'}
642,0xf87991,0x12473ed05ff308a7c7d9c116345d23bb22708cf020a2925dcbf80ad3314e2f54:log:69,0x12473ed05ff308a7c7d9c116345d23bb22708cf020a2925dcbf80ad3314e2f54,0x21a31ee1afc51d94c2efccaa2092ad1028285549,0xf584f8728b874a6a5c7a8d4d387c9aae9172d621,13599.0,,,,ATA,erc20,"{'value': '0x02e134095168f91c0000', 'address': '0xa2120b9e674d3fc3875f415a7df52e382f141225', 'decimal': '0x12'}",{'blockTimestamp': '2022-12-28T15:08:35.000Z'}
643,0xf878a3,0x079f8962714d5699f99386f03fd049dcd563b1fb676a4670daaa3092825827b5:log:52,0x079f8962714d5699f99386f03fd049dcd563b1fb676a4670daaa3092825827b5,0x28c6c06298d514db089934071355e5743bf21d60,0xf584f8728b874a6a5c7a8d4d387c9aae9172d621,1673.0,,,,ATA,erc20,"{'value': '0x5ab189fc10ec840000', 'address': '0xa2120b9e674d3fc3875f415a7df52e382f141225', 'decimal': '0x12'}",{'blockTimestamp': '2022-12-28T14:20:47.000Z'}
644,0xf877dd,0x7a92741e317c102603b973856f504bd0863d845de428d0d8f7bc25ed0cf49cc2:log:123,0x7a92741e317c102603b973856f504bd0863d845de428d0d8f7bc25ed0cf49cc2,0xdfd5293d8e347dfe59e90efd55b2956a1343963d,0x5d2fd43786b42329f5783f5a9a68ee63026514e9,473.0,,,,ATA,erc20,"{'value': '0x19a43191f047c40000', 'address': '0xa2120b9e674d3fc3875f415a7df52e382f141225', 'decimal': '0x12'}",{'blockTimestamp': '2022-12-28T13:41:11.000Z'}
645,0xf87743,0x532e00ebe1ad2860197d894886dda0bd1f531475a0401eb36fe46995f90ebe3a:log:41,0x532e00ebe1ad2860197d894886dda0bd1f531475a0401eb36fe46995f90ebe3a,0x21a31ee1afc51d94c2efccaa2092ad1028285549,0x8a73e125937512c0d7c6714a73238c2527ea4cb0,1980.2,,,,ATA,erc20,"{'value': '0x6b58cba07364840000', 'address': '0xa2120b9e674d3fc3875f415a7df52e382f141225', 'decimal': '0x12'}",{'blockTimestamp': '2022-12-28T13:10:23.000Z'}
646,0xf87734,0x7b4e344ffc43245c2c95352347dca97ac6e1aafddc92bc27139ed381f4f51049:log:81,0x7b4e344ffc43245c2c95352347dca97ac6e1aafddc92bc27139ed381f4f51049,0x28c6c06298d514db089934071355e5743bf21d60,0xf584f8728b874a6a5c7a8d4d387c9aae9172d621,50924.0,,,,ATA,erc20,"{'value': '0x0ac898776115a8300000', 'address': '0xa2120b9e674d3fc3875f415a7df52e382f141225', 'decimal': '0x12'}",{'blockTimestamp': '2022-12-28T13:07:23.000Z'}
647,0xf87606,0x9d7b57a4982d84e403815d38a8adffeade75f3f79a3d7a752c308ad7983bf147:log:81,0x9d7b57a4982d84e403815d38a8adffeade75f3f79a3d7a752c308ad7983bf147,0xdfd5293d8e347dfe59e90efd55b2956a1343963d,0x5403da4746d2a6a9990b50ff33cd64d710ffb2d0,2719.248,,,,ATA,erc20,"{'value': '0x93692590ce7f680000', 'address': '0xa2120b9e674d3fc3875f415a7df52e382f141225', 'decimal': '0x12'}",{'blockTimestamp': '2022-12-28T12:06:47.000Z'}
648,0xf8718e,0x2ad07ecf4ed7a1a4a8593c8aaf407d6de204452d212d301c128abfccb29ff4f9:log:64,0x2ad07ecf4ed7a1a4a8593c8aaf407d6de204452d212d301c128abfccb29ff4f9,0x1bad1270426b8059a783704308cec80753de0b38,0x40ec5b33f54e0e8a33a975908c5ba1c14e5bbbdf,10734.224999999999,,,,ATA,erc20,"{'value': '0x0245e74bfd23756e8000', 'address': '0xa2120b9e674d3fc3875f415a7df52e382f141225', 'decimal': '0x12'}",{'blockTimestamp': '2022-12-28T08:17:11.000Z'}
649,0xf87189,0x5200e7bf25da9c74f2b9402e7668c13e75c6643ef52804f5eef6d7a6e13cb391:log:32,0x5200e7bf25da9c74f2b9402e7668c13e75c6643ef52804f5eef6d7a6e13cb391,0x21a31ee1afc51d94c2efccaa2092ad1028285549,0x1bad1270426b8059a783704308cec80753de0b38,10734.224999999999,,,,ATA,erc20,"{'value': '0x0245e74bfd23756e8000', 'address': '0xa2120b9e674d3fc3875f415a7df52e382f141225', 'decimal': '0x12'}",{'blockTimestamp': '2022-12-28T08:16:11.000Z'}
650,0xf86a3c,0x7dd69d059778f73b9506619e89961cbad4be5e501ae43ba8aecc88c5a9fbec71:log:256,0x7dd69d059778f73b9506619e89961cbad4be5e501ae43ba8aecc88c5a9fbec71,0x42b9cccb53c167fac03de4a25320319acb2a3596,0x28c6c06298d514db089934071355e5743bf21d60,51086.49,,,,ATA,erc20,"{'value': '0x0ad16777d32cf9690000', 'address': '0xa2120b9e674d3fc3875f415a7df52e382f141225', 'decimal': '0x12'}",{'blockTimestamp': '2022-12-28T02:00:11.000Z'}
651,0xf86a31,0x30c90bae636ddfb607e632b1e25c340e1995691181cc8b3651e5b8d94eae62e0:log:329,0x30c90bae636ddfb607e632b1e25c340e1995691181cc8b3651e5b8d94eae62e0,0x075ee453fabee1f5cd4f2b8d83620c37cefed52d,0x42b9cccb53c167fac03de4a25320319acb2a3596,50986.490000000005,,,,ATA,erc20,"{'value': '0x0acbfbb074ff96590000', 'address': '0xa2120b9e674d3fc3875f415a7df52e382f141225', 'decimal': '0x12'}",{'blockTimestamp': '2022-12-28T01:57:59.000Z'}
652,0xf86a1a,0x858f7331395ef78bfa91468cb57b568888a63925fdc54e71efbfbe673d56a2c2:log:699,0x858f7331395ef78bfa91468cb57b568888a63925fdc54e71efbfbe673d56a2c2,0x075ee453fabee1f5cd4f2b8d83620c37cefed52d,0x42b9cccb53c167fac03de4a25320319acb2a3596,100.0,,,,ATA,erc20,"{'value': '0x056bc75e2d63100000', 'address': '0xa2120b9e674d3fc3875f415a7df52e382f141225', 'decimal': '0x12'}",{'blockTimestamp': '2022-12-28T01:53:23.000Z'}
653,0xf86981,0x2a65fbf1d97e388bcbcb85e6b9c6ce1ac058854940fbb42909f9231084874f02:log:133,0x2a65fbf1d97e388bcbcb85e6b9c6ce1ac058854940fbb42909f9231084874f02,0x516380d6f8809e238b90bc691618c1448e66894d,0x28c6c06298d514db089934071355e5743bf21d60,14962.778999999999,,,,ATA,erc20,"{'value': '0x032b2245a04c9a8f8000', 'address': '0xa2120b9e674d3fc3875f415a7df52e382f141225', 'decimal': '0x12'}",{'blockTimestamp': '2022-12-28T01:22:47.000Z'}
654,0xf8694f,0xf62c97d1e3de86e559ef21e00b3fdf2e25895a40e1277f87f78ea6903d44e6c8:log:271,0xf62c97d1e3de86e559ef21e00b3fdf2e25895a40e1277f87f78ea6903d44e6c8,0x60a305d0fcd8304279b1b98a79ddd3c7f7e2fa20,0x516380d6f8809e238b90bc691618c1448e66894d,14962.778999999999,,,,ATA,erc20,"{'value': '0x032b2245a04c9a8f8000', 'address': '0xa2120b9e674d3fc3875f415a7df52e382f141225', 'decimal': '0x12'}",{'blockTimestamp': '2022-12-28T01:12:47.000Z'}
655,0xf86559,0xd8a93663b5df0ad721780daee399a6bff74731ba3633663d361372926c04c243:log:63,0xd8a93663b5df0ad721780daee399a6bff74731ba3633663d361372926c04c243,0x28c6c06298d514db089934071355e5743bf21d60,0x93d0f096f3b6e56d2f9e4c31119d89b7d8444056,1722.5412280500002,,,,ATA,erc20,"{'value': '0x5d610fc87f35623400', 'address': '0xa2120b9e674d3fc3875f415a7df52e382f141225', 'decimal': '0x12'}",{'blockTimestamp': '2022-12-27T21:48:59.000Z'}
656,0xf8629f,0x4a70f0961db6cdda981e0887a9101d3015e9c3e7de283ea4b364b19ba0edd2dc:log:73,0x4a70f0961db6cdda981e0887a9101d3015e9c3e7de283ea4b364b19ba0edd2dc,0xdfd5293d8e347dfe59e90efd55b2956a1343963d,0xf584f8728b874a6a5c7a8d4d387c9aae9172d621,693.0,,,,ATA,erc20,"{'value': '0x25914e945421b40000', 'address': '0xa2120b9e674d3fc3875f415a7df52e382f141225', 'decimal': '0x12'}",{'blockTimestamp': '2022-12-27T19:28:47.000Z'}
657,0xf860d7,0x215d6e550bff3498e954767af934e5ea000669f4f7a36cd94b20b6d39cf6d2d3:log:66,0x215d6e550bff3498e954767af934e5ea000669f4f7a36cd94b20b6d39cf6d2d3,0x21a31ee1afc51d94c2efccaa2092ad1028285549,0xf584f8728b874a6a5c7a8d4d387c9aae9172d621,1654.0,,,,ATA,erc20,"{'value': '0x59a9dc6cbb80180000', 'address': '0xa2120b9e674d3fc3875f415a7df52e382f141225', 'decimal': '0x12'}",{'blockTimestamp': '2022-12-27T17:57:23.000Z'}
658,0xf85ef8,0xe3da2bec162b7b92b1c3df14e9394014d66526e7534d743da5dfefe0656ab15c:log:164,0xe3da2bec162b7b92b1c3df14e9394014d66526e7534d743da5dfefe0656ab15c,0x28c6c06298d514db089934071355e5743bf21d60,0xf584f8728b874a6a5c7a8d4d387c9aae9172d621,14346.0,,,,ATA,erc20,"{'value': '0x0309b2be6fa269e80000', 'address': '0xa2120b9e674d3fc3875f415a7df52e382f141225', 'decimal': '0x12'}",{'blockTimestamp': '2022-12-27T16:21:11.000Z'}
659,0xf85e20,0x41a647f36f24a982982a376a1cbc77827561b75c0945e6f3476bd4375c54efdc:log:71,0x41a647f36f24a982982a376a1cbc77827561b75c0945e6f3476bd4375c54efdc,0xdfd5293d8e347dfe59e90efd55b2956a1343963d,0xfb4db307ffcde9a694194402aa7155cc4b850730,363.73900000000003,,,,ATA,erc20,"{'value': '0x13b7e4855403cf8000', 'address': '0xa2120b9e674d3fc3875f415a7df52e382f141225', 'decimal': '0x12'}",{'blockTimestamp': '2022-12-27T15:37:47.000Z'}
660,0xf85dc7,0xd2fccdc9c9e574d6eda9f480094ef9b96c3ea5e3c1b03589a14dca4d62c63ba2:log:80,0xd2fccdc9c9e574d6eda9f480094ef9b96c3ea5e3c1b03589a14dca4d62c63ba2,0x21a31ee1afc51d94c2efccaa2092ad1028285549,0xf584f8728b874a6a5c7a8d4d387c9aae9172d621,29541.0,,,,ATA,erc20,"{'value': '0x06416bbac912f6740000', 'address': '0xa2120b9e674d3fc3875f415a7df52e382f141225', 'decimal': '0x12'}",{'blockTimestamp': '2022-12-27T15:19:47.000Z'}
661,0xf85ce2,0xeeda8c2641cc99152bb261017b76b00a07f98c2f2614a511fa44491173a2e255:log:74,0xeeda8c2641cc99152bb261017b76b00a07f98c2f2614a511fa44491173a2e255,0x28c6c06298d514db089934071355e5743bf21d60,0xf584f8728b874a6a5c7a8d4d387c9aae9172d621,833.0,,,,ATA,erc20,"{'value': '0x2d28327e93ac640000', 'address': '0xa2120b9e674d3fc3875f415a7df52e382f141225', 'decimal': '0x12'}",{'blockTimestamp': '2022-12-27T14:33:47.000Z'}
662,0xf85c67,0x624ec5933fd8cd199051bc1392dbcb0367c8b074095f6ad4cf515b1bf66111b5:log:118,0x624ec5933fd8cd199051bc1392dbcb0367c8b074095f6ad4cf515b1bf66111b5,0xdfd5293d8e347dfe59e90efd55b2956a1343963d,0xf584f8728b874a6a5c7a8d4d387c9aae9172d621,11570.0,,,,ATA,erc20,"{'value': '0x02733601438345880000', 'address': '0xa2120b9e674d3fc3875f415a7df52e382f141225', 'decimal': '0x12'}",{'blockTimestamp': '2022-12-27T14:08:59.000Z'}
663,0xf8553e,0x32cc1bd4a8d2550c6009debd87e626c2570703f14e58691daeb1750bb11e8b87:log:303,0x32cc1bd4a8d2550c6009debd87e626c2570703f14e58691daeb1750bb11e8b87,0xf05e2a70346560d3228c7002194bb7c5dc8fe100,0x28c6c06298d514db089934071355e5743bf21d60,37218.0,,,,ATA,erc20,"{'value': '0x07e19781b295b8480000', 'address': '0xa2120b9e674d3fc3875f415a7df52e382f141225', 'decimal': '0x12'}",{'blockTimestamp': '2022-12-27T08:00:11.000Z'}
664,0xf8545d,0xe15fc0b9ce78012086754990441fd66f46924972ad0b62d42cd78663cccf56ff:log:430,0xe15fc0b9ce78012086754990441fd66f46924972ad0b62d42cd78663cccf56ff,0x21a31ee1afc51d94c2efccaa2092ad1028285549,0x678de519c737bce555bc74a5a8754472bdb9331e,12000.0,,,,ATA,erc20,"{'value': '0x028a857425466f800000', 'address': '0xa2120b9e674d3fc3875f415a7df52e382f141225', 'decimal': '0x12'}",{'blockTimestamp': '2022-12-27T07:14:59.000Z'}
665,0xf85402,0x9ca44973a47229b92d2e35c5890fb8f914d45c738daebf5f6264e2b3255a0958:log:52,0x9ca44973a47229b92d2e35c5890fb8f914d45c738daebf5f6264e2b3255a0958,0xf16e9b0d03470827a95cdfd0cb8a8a3b46969b91,0xf05e2a70346560d3228c7002194bb7c5dc8fe100,37218.0,,,,ATA,erc20,"{'value': '0x07e19781b295b8480000', 'address': '0xa2120b9e674d3fc3875f415a7df52e382f141225', 'decimal': '0x12'}",{'blockTimestamp': '2022-12-27T06:56:47.000Z'}
666,0xf85306,0x878b5dac7dc8e8ffcef5b441e9d856191528c55293dec36211a6635881588b7b:log:249,0x878b5dac7dc8e8ffcef5b441e9d856191528c55293dec36211a6635881588b7b,0x733c5570597e609c796399333f0a176e444386ee,0xf16e9b0d03470827a95cdfd0cb8a8a3b46969b91,37307.0,,,,ATA,erc20,"{'value': '0x07e66aa1370aea0c0000', 'address': '0xa2120b9e674d3fc3875f415a7df52e382f141225', 'decimal': '0x12'}",{'blockTimestamp': '2022-12-27T06:05:59.000Z'}
667,0xf852ea,0xe5f0111cffe9b22bf90ee25dbb138a0a9dd4bbea45623fb37d0ce091e0824550:log:153,0xe5f0111cffe9b22bf90ee25dbb138a0a9dd4bbea45623fb37d0ce091e0824550,0x2ca1acc5474f284dc405f2c7166daef93cab11c1,0x28c6c06298d514db089934071355e5743bf21d60,312500.0,,,,ATA,erc20,"{'value': '0x422ca8b0a00a42500000', 'address': '0xa2120b9e674d3fc3875f415a7df52e382f141225', 'decimal': '0x12'}",{'blockTimestamp': '2022-12-27T06:00:23.000Z'}
668,0xf852d2,0x34700ad326a1decdc0a4fca7c44e0ec7c694bc2b842cf29217a36ee937d1cda9:log:64,0x34700ad326a1decdc0a4fca7c44e0ec7c694bc2b842cf29217a36ee937d1cda9,0x28c6c06298d514db089934071355e5743bf21d60,0x733c5570597e609c796399333f0a176e444386ee,37307.0,,,,ATA,erc20,"{'value': '0x07e66aa1370aea0c0000', 'address': '0xa2120b9e674d3fc3875f415a7df52e382f141225', 'decimal': '0x12'}",{'blockTimestamp': '2022-12-27T05:55:35.000Z'}
669,0xf85299,0x256a29a4371d5b9805f999a06fd4aa2745ed0db983ed1c0360d13487723bf99d:log:72,0x256a29a4371d5b9805f999a06fd4aa2745ed0db983ed1c0360d13487723bf99d,0xb09d8ccc60c2ad5711272475f8fff9d0ac0ca8bd,0x2ca1acc5474f284dc405f2c7166daef93cab11c1,312500.0,,,,ATA,erc20,"{'value': '0x422ca8b0a00a42500000', 'address': '0xa2120b9e674d3fc3875f415a7df52e382f141225', 'decimal': '0x12'}",{'blockTimestamp': '2022-12-27T05:43:59.000Z'}
670,0xf85291,0x44b47efeb3c0eb7571d3c9768615d1f10ba984c32876c9af2552bec8e9144165:log:51,0x44b47efeb3c0eb7571d3c9768615d1f10ba984c32876c9af2552bec8e9144165,0xa2120b9e674d3fc3875f415a7df52e382f141225,0xb09d8ccc60c2ad5711272475f8fff9d0ac0ca8bd,312500.0,,,,ATA,erc20,"{'value': '0x422ca8b0a00a42500000', 'address': '0xa2120b9e674d3fc3875f415a7df52e382f141225', 'decimal': '0x12'}",{'blockTimestamp': '2022-12-27T05:42:23.000Z'}
671,0xf85254,0x83753e965a8c61a2e563c4de18a36c4085bcd2f425f962c98c231c1aeaf916c0:log:157,0x83753e965a8c61a2e563c4de18a36c4085bcd2f425f962c98c231c1aeaf916c0,0xf05e2a70346560d3228c7002194bb7c5dc8fe100,0x28c6c06298d514db089934071355e5743bf21d60,65123.0,,,,ATA,erc20,"{'value': '0x0dca532ce78ef3ac0000', 'address': '0xa2120b9e674d3fc3875f415a7df52e382f141225', 'decimal': '0x12'}",{'blockTimestamp': '2022-12-27T05:30:11.000Z'}
672,0xf85230,0x76a2c5ccba47a70e045aaa2db56b535e373d952a0d674dc6ad3e072d2eb1c98c:log:242,0x76a2c5ccba47a70e045aaa2db56b535e373d952a0d674dc6ad3e072d2eb1c98c,0xdfd5293d8e347dfe59e90efd55b2956a1343963d,0xf584f8728b874a6a5c7a8d4d387c9aae9172d621,207844.00000000003,,,,ATA,erc20,"{'value': '0x2c033eeddb4ae1100000', 'address': '0xa2120b9e674d3fc3875f415a7df52e382f141225', 'decimal': '0x12'}",{'blockTimestamp': '2022-12-27T05:22:59.000Z'}
673,0xf85195,0xf10fbb7183aeaddc68a3175b737f4e751220c4ff19e961efb835f8486296553e:log:243,0xf10fbb7183aeaddc68a3175b737f4e751220c4ff19e961efb835f8486296553e,0xf584f8728b874a6a5c7a8d4d387c9aae9172d621,0xf05e2a70346560d3228c7002194bb7c5dc8fe100,65123.0,,,,ATA,erc20,"{'value': '0x0dca532ce78ef3ac0000', 'address': '0xa2120b9e674d3fc3875f415a7df52e382f141225', 'decimal': '0x12'}",{'blockTimestamp': '2022-12-27T04:51:35.000Z'}
674,0xf850fc,0x14dcf7128f8472c50a26eb7f71bfdfaa1da891c61d52651e02a41daf4740f2b4:log:50,0x14dcf7128f8472c50a26eb7f71bfdfaa1da891c61d52651e02a41daf4740f2b4,0x21a31ee1afc51d94c2efccaa2092ad1028285549,0xf584f8728b874a6a5c7a8d4d387c9aae9172d621,37633.0,,,,ATA,erc20,"{'value': '0x07f816c9dfd213640000', 'address': '0xa2120b9e674d3fc3875f415a7df52e382f141225', 'decimal': '0x12'}",{'blockTimestamp': '2022-12-27T04:20:59.000Z'}
675,0xf84dad,0x8938f2e7e12711764d0a93ba99f74e4ed857945791b1b8408c40b9da1920c0ed:log:171,0x8938f2e7e12711764d0a93ba99f74e4ed857945791b1b8408c40b9da1920c0ed,0xf05e2a70346560d3228c7002194bb7c5dc8fe100,0x28c6c06298d514db089934071355e5743bf21d60,135349.0,,,,ATA,erc20,"{'value': '0x1ca948b3b64399b40000', 'address': '0xa2120b9e674d3fc3875f415a7df52e382f141225', 'decimal': '0x12'}",{'blockTimestamp': '2022-12-27T01:30:11.000Z'}
676,0xf84bba,0x0327ae901616cc1d0b20b1c7982bfea6d0d67b2acaa4bc1e07e9c7a01902077d:log:329,0x0327ae901616cc1d0b20b1c7982bfea6d0d67b2acaa4bc1e07e9c7a01902077d,0xf584f8728b874a6a5c7a8d4d387c9aae9172d621,0xf05e2a70346560d3228c7002194bb7c5dc8fe100,135349.0,,,,ATA,erc20,"{'value': '0x1ca948b3b64399b40000', 'address': '0xa2120b9e674d3fc3875f415a7df52e382f141225', 'decimal': '0x12'}",{'blockTimestamp': '2022-12-26T23:49:23.000Z'}
677,0xf848d1,0xaf806d52105cf362364a9161254966ca63e1dab74ef13dfb64f015cd34e7fa73:log:46,0xaf806d52105cf362364a9161254966ca63e1dab74ef13dfb64f015cd34e7fa73,0xa9d1e08c7793af67e9d92fe308d5697fb81d3e43,0xb3cd8438a42b625fa3d1b66f033080b8699acdc1,316.61995198,,,,ATA,erc20,"{'value': '0x1129fc08cd29233800', 'address': '0xa2120b9e674d3fc3875f415a7df52e382f141225', 'decimal': '0x12'}",{'blockTimestamp': '2022-12-26T21:19:11.000Z'}
678,0xf84895,0x922aa3327382cdfd951e4725e105fd7cc1a006e8582f24444dc421e9c6f6261a:log:51,0x922aa3327382cdfd951e4725e105fd7cc1a006e8582f24444dc421e9c6f6261a,0xa9d1e08c7793af67e9d92fe308d5697fb81d3e43,0xb3cd8438a42b625fa3d1b66f033080b8699acdc1,143.82490881,,,,ATA,erc20,"{'value': '0x07cbf8b88bb0ffe400', 'address': '0xa2120b9e674d3fc3875f415a7df52e382f141225', 'decimal': '0x12'}",{'blockTimestamp': '2022-12-26T21:07:11.000Z'}
679,0xf84546,0x7adbe78375dc5a5cdd863a9694a115c9acfedf51ed011f8a301e7517f19851ae:log:71,0x7adbe78375dc5a5cdd863a9694a115c9acfedf51ed011f8a301e7517f19851ae,0xa9d1e08c7793af67e9d92fe308d5697fb81d3e43,0x0339db3624427c2f23d085a7718fd2ff957a7bc2,292.43780805,,,,ATA,erc20,"{'value': '0x0fda63cd05021e7400', 'address': '0xa2120b9e674d3fc3875f415a7df52e382f141225', 'decimal': '0x12'}",{'blockTimestamp': '2022-12-26T18:17:23.000Z'}
680,0xf83ee1,0x4ac32956c553ffda112555012fb7cb612ba14b3e269f1ec1221f7f25835e40b1:log:72,0x4ac32956c553ffda112555012fb7cb612ba14b3e269f1ec1221f7f25835e40b1,0xa2120b9e674d3fc3875f415a7df52e382f141225,0xa0ff757077b5d796259582b2b9db99c906277007,23808.571428571428,,,,ATA,erc20,"{'value': '0x050aaa4d63116a824924', 'address': '0xa2120b9e674d3fc3875f415a7df52e382f141225', 'decimal': '0x12'}",{'blockTimestamp': '2022-12-26T12:47:59.000Z'}
681,0xf83d9d,0x59f0a77eaa3bbc7349718c63fbb2538ec32d408d793cda2c85bc2c74f8c0ef38:log:52,0x59f0a77eaa3bbc7349718c63fbb2538ec32d408d793cda2c85bc2c74f8c0ef38,0x95b564f3b3bae3f206aa418667ba000afafacc8a,0x24a60d423d9137f7f03ceb22febf9677cc1ccc0e,1888.0,,,,ATA,erc20,"{'value': '0x6659436cf281800000', 'address': '0xa2120b9e674d3fc3875f415a7df52e382f141225', 'decimal': '0x12'}",{'blockTimestamp': '2022-12-26T11:42:23.000Z'}
682,0xf83534,0x0046662b8d0ee5ebf556094ae625355d9633e9c25b4cd9136745fe40ef84e59b:log:231,0x0046662b8d0ee5ebf556094ae625355d9633e9c25b4cd9136745fe40ef84e59b,0xf05e2a70346560d3228c7002194bb7c5dc8fe100,0x28c6c06298d514db089934071355e5743bf21d60,54008.0,,,,ATA,erc20,"{'value': '0x0b6fc7905d5a30e00000', 'address': '0xa2120b9e674d3fc3875f415a7df52e382f141225', 'decimal': '0x12'}",{'blockTimestamp': '2022-12-26T04:30:11.000Z'}
683,0xf834ba,0xb3df101fd33b711ab05bb25445eb2cd7caa8cacb06a0fe4a406c2ffb3eae1c9e:log:2,0xb3df101fd33b711ab05bb25445eb2cd7caa8cacb06a0fe4a406c2ffb3eae1c9e,0xf16e9b0d03470827a95cdfd0cb8a8a3b46969b91,0xf05e2a70346560d3228c7002194bb7c5dc8fe100,54008.0,,,,ATA,erc20,"{'value': '0x0b6fc7905d5a30e00000', 'address': '0xa2120b9e674d3fc3875f415a7df52e382f141225', 'decimal': '0x12'}",{'blockTimestamp': '2022-12-26T04:05:35.000Z'}
684,0xf81cf9,0x226db6b932c6c6d6a2fade0a298d640b266f3087ff693822b5708ee95542aae1:log:79,0x226db6b932c6c6d6a2fade0a298d640b266f3087ff693822b5708ee95542aae1,0x28c6c06298d514db089934071355e5743bf21d60,0xf980f06e01d1c5c507ab57f48755005fa3fd10f2,520387.7,,,,ATA,erc20,"{'value': '0x6e32461411cccff20000', 'address': '0xa2120b9e674d3fc3875f415a7df52e382f141225', 'decimal': '0x12'}",{'blockTimestamp': '2022-12-25T07:43:23.000Z'}
685,0xf818a4,0xa9e8965e2ba75c885762ccd22c19f4c7f7f0275a28e05c5cc11c39c332e2e4de:log:140,0xa9e8965e2ba75c885762ccd22c19f4c7f7f0275a28e05c5cc11c39c332e2e4de,0xf05e2a70346560d3228c7002194bb7c5dc8fe100,0x28c6c06298d514db089934071355e5743bf21d60,47237.0,,,,ATA,erc20,"{'value': '0x0a00b9100ba5d6f40000', 'address': '0xa2120b9e674d3fc3875f415a7df52e382f141225', 'decimal': '0x12'}",{'blockTimestamp': '2022-12-25T04:00:11.000Z'}
686,0xf817fc,0x16485f80570b27eec4811f8b046e2fb40ad3d18797324facc83e33e673b9aba1:log:11,0x16485f80570b27eec4811f8b046e2fb40ad3d18797324facc83e33e673b9aba1,0xf16e9b0d03470827a95cdfd0cb8a8a3b46969b91,0xf05e2a70346560d3228c7002194bb7c5dc8fe100,47237.0,,,,ATA,erc20,"{'value': '0x0a00b9100ba5d6f40000', 'address': '0xa2120b9e674d3fc3875f415a7df52e382f141225', 'decimal': '0x12'}",{'blockTimestamp': '2022-12-25T03:26:35.000Z'}
687,0xf8170c,0x9ad439fcdcdec72feabc830cf8da53e1b07666b181a6962530bb61d5d4e937d1:log:171,0x9ad439fcdcdec72feabc830cf8da53e1b07666b181a6962530bb61d5d4e937d1,0x733c5570597e609c796399333f0a176e444386ee,0xf16e9b0d03470827a95cdfd0cb8a8a3b46969b91,45320.0,,,,ATA,erc20,"{'value': '0x0998cd57ec595f200000', 'address': '0xa2120b9e674d3fc3875f415a7df52e382f141225', 'decimal': '0x12'}",{'blockTimestamp': '2022-12-25T02:38:35.000Z'}
688,0xf816e1,0x91be23dd3638e4b6619587dc3ac58ac818b1adfa836b8365a110e0af8a1717a3:log:35,0x91be23dd3638e4b6619587dc3ac58ac818b1adfa836b8365a110e0af8a1717a3,0xdfd5293d8e347dfe59e90efd55b2956a1343963d,0x733c5570597e609c796399333f0a176e444386ee,45320.0,,,,ATA,erc20,"{'value': '0x0998cd57ec595f200000', 'address': '0xa2120b9e674d3fc3875f415a7df52e382f141225', 'decimal': '0x12'}",{'blockTimestamp': '2022-12-25T02:29:59.000Z'}
689,0xf810df,0x1cc0077eef6511844c30a6ba8354f19ff70234698dd499cdd32ab06db6f4e186:log:100,0x1cc0077eef6511844c30a6ba8354f19ff70234698dd499cdd32ab06db6f4e186,0x95b564f3b3bae3f206aa418667ba000afafacc8a,0x275534c1de54713e81101974d86e5c21e9c20416,1032.13890926,,,,ATA,erc20,"{'value': '0x37f3ce0577356ff800', 'address': '0xa2120b9e674d3fc3875f415a7df52e382f141225', 'decimal': '0x12'}",{'blockTimestamp': '2022-12-24T21:21:35.000Z'}
690,0xf80a86,0x58015988f69fcc9596ffb34f590840a9164e8b49d6284a6cca5eb1f438873bab:log:63,0x58015988f69fcc9596ffb34f590840a9164e8b49d6284a6cca5eb1f438873bab,0x21a31ee1afc51d94c2efccaa2092ad1028285549,0xf10a02abecb9d8f0af36412117144ff24a59a742,101.26563689,,,,ATA,erc20,"{'value': '0x057d57d0391e248400', 'address': '0xa2120b9e674d3fc3875f415a7df52e382f141225', 'decimal': '0x12'}",{'blockTimestamp': '2022-12-24T15:54:59.000Z'}
691,0xf8045e,0x4da7325b5b2212e066120bf031c3dbe300efd21c21851e7d6f3be65ef09d7316:log:28,0x4da7325b5b2212e066120bf031c3dbe300efd21c21851e7d6f3be65ef09d7316,0x95b564f3b3bae3f206aa418667ba000afafacc8a,0x615337c576d0c2d9156e60ac875b255a4f9dcc18,2010.0,,,,ATA,erc20,"{'value': '0x6cf65a7e9047280000', 'address': '0xa2120b9e674d3fc3875f415a7df52e382f141225', 'decimal': '0x12'}",{'blockTimestamp': '2022-12-24T10:37:47.000Z'}
692,0xf801e1,0x75b75b6a8dc6a1ed78dd3d67e1da8a4e3c4989e649c88d7872aa47c58d298c6e:log:200,0x75b75b6a8dc6a1ed78dd3d67e1da8a4e3c4989e649c88d7872aa47c58d298c6e,0xe85572b90d564f2f1c430ce22285c0de82df0972,0x28c6c06298d514db089934071355e5743bf21d60,398918.0,,,,ATA,erc20,"{'value': '0x5479635b51da5d580000', 'address': '0xa2120b9e674d3fc3875f415a7df52e382f141225', 'decimal': '0x12'}",{'blockTimestamp': '2022-12-24T08:30:11.000Z'}
693,0xf801db,0x8df63f2059f95b04a8f6b962f1f0bed5a9d46071dbbf1fd3225b3ff8a222fa53:log:139,0x8df63f2059f95b04a8f6b962f1f0bed5a9d46071dbbf1fd3225b3ff8a222fa53,0x9b181da7042bdbedf0549aba06bb117edfdb3fcf,0xe85572b90d564f2f1c430ce22285c0de82df0972,197600.0,,,,ATA,erc20,"{'value': '0x29d7eadeee54a3800000', 'address': '0xa2120b9e674d3fc3875f415a7df52e382f141225', 'decimal': '0x12'}",{'blockTimestamp': '2022-12-24T08:28:59.000Z'}
694,0xf80172,0x4bf6965df22156e070616bf5aae65a1a602e6d7d1b5047c09ca8e1e7a0d8da8d:log:15,0x4bf6965df22156e070616bf5aae65a1a602e6d7d1b5047c09ca8e1e7a0d8da8d,0x83fc86c5e4e846d1a3526b47801130679bc00e6a,0xe85572b90d564f2f1c430ce22285c0de82df0972,201318.0,,,,ATA,erc20,"{'value': '0x2aa1787c6385b9d80000', 'address': '0xa2120b9e674d3fc3875f415a7df52e382f141225', 'decimal': '0x12'}",{'blockTimestamp': '2022-12-24T08:07:59.000Z'}
695,0xf7fc05,0x946e02d13ba70a4728ed741d04efc40dc0138ec35fcc262f3858c7bb023b3d8b:log:172,0x946e02d13ba70a4728ed741d04efc40dc0138ec35fcc262f3858c7bb023b3d8b,0x3c02290922a3618a4646e3bbca65853ea45fe7c6,0x310110d4ecedf9fbcfb75e0f2c8b12d41b79b524,622.46725349,,,,ATA,erc20,"{'value': '0x21be77ed13887af400', 'address': '0xa2120b9e674d3fc3875f415a7df52e382f141225', 'decimal': '0x12'}",{'blockTimestamp': '2022-12-24T03:28:11.000Z'}
696,0xf7f41b,0x3e06f9519e36a08ab43cb6d373dcbf53e24102a97d69cb3b8a618ac5a9ae4a4f:log:243,0x3e06f9519e36a08ab43cb6d373dcbf53e24102a97d69cb3b8a618ac5a9ae4a4f,0x68035a29045a0ad3e369d5d70f2e3d1b6d7e1a59,0xf16e9b0d03470827a95cdfd0cb8a8a3b46969b91,5188.511,,,,ATA,erc20,"{'value': '0x0119450e00972ec98000', 'address': '0xa2120b9e674d3fc3875f415a7df52e382f141225', 'decimal': '0x12'}",{'blockTimestamp': '2022-12-23T20:41:47.000Z'}
697,0xf7f367,0x91ed2b41d8fa850a5e28c10f7e71b50eabcced35c799449b26acfc8f75cee747:log:89,0x91ed2b41d8fa850a5e28c10f7e71b50eabcced35c799449b26acfc8f75cee747,0x28c6c06298d514db089934071355e5743bf21d60,0x68035a29045a0ad3e369d5d70f2e3d1b6d7e1a59,5188.511,,,,ATA,erc20,"{'value': '0x0119450e00972ec98000', 'address': '0xa2120b9e674d3fc3875f415a7df52e382f141225', 'decimal': '0x12'}",{'blockTimestamp': '2022-12-23T20:05:47.000Z'}
698,0xf7eaf6,0x251d0dcbbd17ce9f0db19051521b1e27a184f86d821ca335944a794ecad8abe6:log:254,0x251d0dcbbd17ce9f0db19051521b1e27a184f86d821ca335944a794ecad8abe6,0x95b564f3b3bae3f206aa418667ba000afafacc8a,0xb0e5f546336d1f6b1832e57e3faa7f475aa2845b,354.73562641,,,,ATA,erc20,"{'value': '0x133af21cbfffba2400', 'address': '0xa2120b9e674d3fc3875f415a7df52e382f141225', 'decimal': '0x12'}",{'blockTimestamp': '2022-12-23T12:52:35.000Z'}
699,0xf7eaac,0xdd14f48f5f6b5c5763ccde254684e0ac377d493ccd6c6654323c9aa0479fc674:log:70,0xdd14f48f5f6b5c5763ccde254684e0ac377d493ccd6c6654323c9aa0479fc674,0xdfd5293d8e347dfe59e90efd55b2956a1343963d,0x35a90b9d3042f3178a6b375ea2740d048144165e,265.19700956,,,,ATA,erc20,"{'value': '0x0e60590b1eefabf000', 'address': '0xa2120b9e674d3fc3875f415a7df52e382f141225', 'decimal': '0x12'}",{'blockTimestamp': '2022-12-23T12:37:47.000Z'}
700,0xf7e7fd,0xaa5689fc9a053a3e6b70fc3d18eb789bf052956f30581e16a1fd42b4eb73dd4a:log:66,0xaa5689fc9a053a3e6b70fc3d18eb789bf052956f30581e16a1fd42b4eb73dd4a,0x21a31ee1afc51d94c2efccaa2092ad1028285549,0xd9d30b37f75a044a8d4025324b5b82570139c034,1447.651,,,,ATA,erc20,"{'value': '0x4e7a3182842b038000', 'address': '0xa2120b9e674d3fc3875f415a7df52e382f141225', 'decimal': '0x12'}",{'blockTimestamp': '2022-12-23T10:19:59.000Z'}
701,0xf7e2b3,0xb37a581a117b3bb09741acd4af4f86d017ad359c5e68d9f3105f344a839e88dc:log:124,0xb37a581a117b3bb09741acd4af4f86d017ad359c5e68d9f3105f344a839e88dc,0x28c6c06298d514db089934071355e5743bf21d60,0xd9d30b37f75a044a8d4025324b5b82570139c034,14425.809,,,,ATA,erc20,"{'value': '0x030e0650f649c90e8000', 'address': '0xa2120b9e674d3fc3875f415a7df52e382f141225', 'decimal': '0x12'}",{'blockTimestamp': '2022-12-23T05:48:59.000Z'}
702,0xf7d3da,0x9abe69d7ba29095964656905f424b92556f488915b6bf3dcf084f958285f7c48:log:189,0x9abe69d7ba29095964656905f424b92556f488915b6bf3dcf084f958285f7c48,0xa9d1e08c7793af67e9d92fe308d5697fb81d3e43,0xc299aaa1a35e1d56101e3603de12494bb964e728,3476.2989280399997,,,,ATA,erc20,"{'value': '0xbc7356c0d4cf6a9000', 'address': '0xa2120b9e674d3fc3875f415a7df52e382f141225', 'decimal': '0x12'}",{'blockTimestamp': '2022-12-22T17:06:11.000Z'}
703,0xf7cd2e,0x46e2163b4c00132b29267c17ca06f2583209a77e8c19e6dcb18cfdfed928f745:log:111,0x46e2163b4c00132b29267c17ca06f2583209a77e8c19e6dcb18cfdfed928f745,0xdfd5293d8e347dfe59e90efd55b2956a1343963d,0x9b181da7042bdbedf0549aba06bb117edfdb3fcf,197600.0,,,,ATA,erc20,"{'value': '0x29d7eadeee54a3800000', 'address': '0xa2120b9e674d3fc3875f415a7df52e382f141225', 'decimal': '0x12'}",{'blockTimestamp': '2022-12-22T11:22:47.000Z'}
704,0xf7cd03,0xb62bb1702f95606822909ab31c3e6796be40eff072a0de1da290c164fef2c04f:log:119,0xb62bb1702f95606822909ab31c3e6796be40eff072a0de1da290c164fef2c04f,0x21a31ee1afc51d94c2efccaa2092ad1028285549,0x83fc86c5e4e846d1a3526b47801130679bc00e6a,201318.0,,,,ATA,erc20,"{'value': '0x2aa1787c6385b9d80000', 'address': '0xa2120b9e674d3fc3875f415a7df52e382f141225', 'decimal': '0x12'}",{'blockTimestamp': '2022-12-22T11:14:11.000Z'}
705,0xf7ca61,0x841cd2c90f45bfdf12be5183434f9d0044285f7e94ffe393a3a8e7d505ce41fb:log:55,0x841cd2c90f45bfdf12be5183434f9d0044285f7e94ffe393a3a8e7d505ce41fb,0xa2120b9e674d3fc3875f415a7df52e382f141225,0x70031213c95deecfa44a6c438bca25134a292eef,20832.5,,,,ATA,erc20,"{'value': '0x04695503b6af3d320000', 'address': '0xa2120b9e674d3fc3875f415a7df52e382f141225', 'decimal': '0x12'}",{'blockTimestamp': '2022-12-22T08:59:11.000Z'}
706,0xf7ca49,0x4795f2ec4f3ade9fe0d862d4a01f18a09225636ebf84f1329da712cb4cde2c98:log:143,0x4795f2ec4f3ade9fe0d862d4a01f18a09225636ebf84f1329da712cb4cde2c98,0x1339a267d5c4b3f59ec2681ec342dfcacf83d900,0x28c6c06298d514db089934071355e5743bf21d60,2101.867,,,,ATA,erc20,"{'value': '0x71f143a454d3f78000', 'address': '0xa2120b9e674d3fc3875f415a7df52e382f141225', 'decimal': '0x12'}",{'blockTimestamp': '2022-12-22T08:54:23.000Z'}
707,0xf7ca3a,0xd8d067a640937a33ffe5f805a1c738f18a8cadc8f0fca63114c6119505bd54c7:log:115,0xd8d067a640937a33ffe5f805a1c738f18a8cadc8f0fca63114c6119505bd54c7,0xf431666bdc13d00bc0d2661ef756755f0c7086dd,0x3c02290922a3618a4646e3bbca65853ea45fe7c6,11583.0,,,,ATA,erc20,"{'value': '0x0273ea6a8aa2c59c0000', 'address': '0xa2120b9e674d3fc3875f415a7df52e382f141225', 'decimal': '0x12'}",{'blockTimestamp': '2022-12-22T08:51:23.000Z'}
708,0xf7c985,0xdcc7d36e9557a42fea5297d2b15fbefaf84cb5fc382eec8af6ad036c112f8467:log:116,0xdcc7d36e9557a42fea5297d2b15fbefaf84cb5fc382eec8af6ad036c112f8467,0x28c6c06298d514db089934071355e5743bf21d60,0xf431666bdc13d00bc0d2661ef756755f0c7086dd,11583.0,,,,ATA,erc20,"{'value': '0x0273ea6a8aa2c59c0000', 'address': '0xa2120b9e674d3fc3875f415a7df52e382f141225', 'decimal': '0x12'}",{'blockTimestamp': '2022-12-22T08:14:59.000Z'}
709,0xf7c97d,0x3929ecbda60731d136130c1424c0a8e1cf42f5d953151c66b65c5ca76dcb60ab:log:43,0x3929ecbda60731d136130c1424c0a8e1cf42f5d953151c66b65c5ca76dcb60ab,0x4e8b7eb1f20be95913e0f2aa94e8cd3e136a2096,0x1339a267d5c4b3f59ec2681ec342dfcacf83d900,2101.867,,,,ATA,erc20,"{'value': '0x71f143a454d3f78000', 'address': '0xa2120b9e674d3fc3875f415a7df52e382f141225', 'decimal': '0x12'}",{'blockTimestamp': '2022-12-22T08:13:23.000Z'}
710,0xf7c763,0x6264a25a26c9ce8199da8d44549f70070c48898e1cceea8c68981538317c4c35:log:64,0x6264a25a26c9ce8199da8d44549f70070c48898e1cceea8c68981538317c4c35,0xa9d1e08c7793af67e9d92fe308d5697fb81d3e43,0xbbd486f08d8164a9999cb525b3ba2e2789c17c55,8582.04992034,,,,ATA,erc20,"{'value': '0x01d13bde24e6671c4800', 'address': '0xa2120b9e674d3fc3875f415a7df52e382f141225', 'decimal': '0x12'}",{'blockTimestamp': '2022-12-22T06:25:11.000Z'}
711,0xf7c6ff,0x187e4264afe87b06d3273df4762e5b8c8aaf4831e4661f371670d2c0d2ab7680:log:49,0x187e4264afe87b06d3273df4762e5b8c8aaf4831e4661f371670d2c0d2ab7680,0xa9d1e08c7793af67e9d92fe308d5697fb81d3e43,0xbbd486f08d8164a9999cb525b3ba2e2789c17c55,106.21348911,,,,ATA,erc20,"{'value': '0x05c2021d9a345edc00', 'address': '0xa2120b9e674d3fc3875f415a7df52e382f141225', 'decimal': '0x12'}",{'blockTimestamp': '2022-12-22T06:05:11.000Z'}
712,0xf7c650,0x56f7e5c1dcfd8771725d0b1eaa31bd0fbbbe9ee5e8e471277b8340b1cab7dfe3:log:236,0x56f7e5c1dcfd8771725d0b1eaa31bd0fbbbe9ee5e8e471277b8340b1cab7dfe3,0xf05e2a70346560d3228c7002194bb7c5dc8fe100,0x28c6c06298d514db089934071355e5743bf21d60,41462.0,,,,ATA,erc20,"{'value': '0x08c7a8d68ce8be180000', 'address': '0xa2120b9e674d3fc3875f415a7df52e382f141225', 'decimal': '0x12'}",{'blockTimestamp': '2022-12-22T05:30:11.000Z'}
713,0xf7c335,0xd056d26c9d3f0e9e1f7f7143529830f2f48a2695d1be5d41e40c8d968512ee2a:log:20,0xd056d26c9d3f0e9e1f7f7143529830f2f48a2695d1be5d41e40c8d968512ee2a,0xf16e9b0d03470827a95cdfd0cb8a8a3b46969b91,0xf05e2a70346560d3228c7002194bb7c5dc8fe100,41462.0,,,,ATA,erc20,"{'value': '0x08c7a8d68ce8be180000', 'address': '0xa2120b9e674d3fc3875f415a7df52e382f141225', 'decimal': '0x12'}",{'blockTimestamp': '2022-12-22T02:50:47.000Z'}
714,0xf7c272,0x4215aea2879832257821d1e1caeaad5c3bf47174d61b02ff7ff82cbc9d5eede8:log:194,0x4215aea2879832257821d1e1caeaad5c3bf47174d61b02ff7ff82cbc9d5eede8,0x733c5570597e609c796399333f0a176e444386ee,0xf16e9b0d03470827a95cdfd0cb8a8a3b46969b91,33165.0,,,,ATA,erc20,"{'value': '0x0705e0d5284c96140000', 'address': '0xa2120b9e674d3fc3875f415a7df52e382f141225', 'decimal': '0x12'}",{'blockTimestamp': '2022-12-22T02:11:47.000Z'}
715,0xf7c21b,0x121db49ddf9f923262c3fdcc3fa683aadbc7e6558d91ff7778cc17cfa75b788e:log:45,0x121db49ddf9f923262c3fdcc3fa683aadbc7e6558d91ff7778cc17cfa75b788e,0xdfd5293d8e347dfe59e90efd55b2956a1343963d,0x733c5570597e609c796399333f0a176e444386ee,33165.0,,,,ATA,erc20,"{'value': '0x0705e0d5284c96140000', 'address': '0xa2120b9e674d3fc3875f415a7df52e382f141225', 'decimal': '0x12'}",{'blockTimestamp': '2022-12-22T01:54:23.000Z'}
716,0xf7bdd2,0x55d1ff5d43dfcbd0adeba0c149af0da47b60afec5efdff02be6d90dceb263eb2:log:84,0x55d1ff5d43dfcbd0adeba0c149af0da47b60afec5efdff02be6d90dceb263eb2,0x21a31ee1afc51d94c2efccaa2092ad1028285549,0x4e8b7eb1f20be95913e0f2aa94e8cd3e136a2096,2101.867,,,,ATA,erc20,"{'value': '0x71f143a454d3f78000', 'address': '0xa2120b9e674d3fc3875f415a7df52e382f141225', 'decimal': '0x12'}",{'blockTimestamp': '2022-12-21T22:13:35.000Z'}
717,0xf7ba3f,0xf939f19dd7ccfda3cd1f66614a5ff0fa1a34aadb0686bd4a70869a335e0ae6a2:log:189,0xf939f19dd7ccfda3cd1f66614a5ff0fa1a34aadb0686bd4a70869a335e0ae6a2,0x28c6c06298d514db089934071355e5743bf21d60,0xdf73953b9421ecbabef03674bc39d9d5c2937c71,971.0,,,,ATA,erc20,"{'value': '0x34a354fb6be84c0000', 'address': '0xa2120b9e674d3fc3875f415a7df52e382f141225', 'decimal': '0x12'}",{'blockTimestamp': '2022-12-21T19:09:23.000Z'}
718,0xf7b691,0xff6baa498969b98842643fe7f5b77db4a983eb338af3653da9d2f1513bea429d:log:107,0xff6baa498969b98842643fe7f5b77db4a983eb338af3653da9d2f1513bea429d,0xdf430dfa617abdf9a1159604260d461c238a3965,0x28c6c06298d514db089934071355e5743bf21d60,2109.23856414,,,,ATA,erc20,"{'value': '0x725790b2dc47acb800', 'address': '0xa2120b9e674d3fc3875f415a7df52e382f141225', 'decimal': '0x12'}",{'blockTimestamp': '2022-12-21T16:00:11.000Z'}
719,0xf7b667,0x49e6a0f1d332c210eecfcfab0c21cb17be396639a808b442eaa09cfdc5c99337:log:219,0x49e6a0f1d332c210eecfcfab0c21cb17be396639a808b442eaa09cfdc5c99337,0xdfd5293d8e347dfe59e90efd55b2956a1343963d,0xf584f8728b874a6a5c7a8d4d387c9aae9172d621,36917.0,,,,ATA,erc20,"{'value': '0x07d1464ae159e7b40000', 'address': '0xa2120b9e674d3fc3875f415a7df52e382f141225', 'decimal': '0x12'}",{'blockTimestamp': '2022-12-21T15:51:47.000Z'}
720,0xf7b640,0x5546d6df422fa6053c1a5c3453452af4d6cb9127bf2b701ef50caa00cfca2f6f:log:296,0x5546d6df422fa6053c1a5c3453452af4d6cb9127bf2b701ef50caa00cfca2f6f,0x0bd13d8cf02a8447d019f5e51d99dc6e661a4e80,0xdf430dfa617abdf9a1159604260d461c238a3965,2109.23856407,,,,ATA,erc20,"{'value': '0x725790b2cbfb597c00', 'address': '0xa2120b9e674d3fc3875f415a7df52e382f141225', 'decimal': '0x12'}",{'blockTimestamp': '2022-12-21T15:43:47.000Z'}
721,0xf7aca8,0x66ce4ced8a37c444df34631daa29550220e726809dd219f829b867a88d967d14:log:229,0x66ce4ced8a37c444df34631daa29550220e726809dd219f829b867a88d967d14,0xcf30dfed07cb9977cfcc3ee5a5b15b45b1663ab5,0x28c6c06298d514db089934071355e5743bf21d60,633910.7142857142,,,,ATA,erc20,"{'value': '0x863c5e61c7f31b3adb6e', 'address': '0xa2120b9e674d3fc3875f415a7df52e382f141225', 'decimal': '0x12'}",{'blockTimestamp': '2022-12-21T07:30:11.000Z'}
722,0xf7ac55,0x56eb729873d70bb94c99a929ea543c93ea0b1a47df5ce5a9f1852cea98a3c77a:log:45,0x56eb729873d70bb94c99a929ea543c93ea0b1a47df5ce5a9f1852cea98a3c77a,0x02d115a57c075ad4767848b6881ea10a24ac39b2,0xcf30dfed07cb9977cfcc3ee5a5b15b45b1663ab5,633910.7142857142,,,,ATA,erc20,"{'value': '0x863c5e61c7f31b3adb6e', 'address': '0xa2120b9e674d3fc3875f415a7df52e382f141225', 'decimal': '0x12'}",{'blockTimestamp': '2022-12-21T07:13:35.000Z'}
723,0xf7a842,0x67074f0ee7b725942d30e88b082ce6a0d24bf100cb91b705229e900e9b5414eb:log:23,0x67074f0ee7b725942d30e88b082ce6a0d24bf100cb91b705229e900e9b5414eb,0x21a31ee1afc51d94c2efccaa2092ad1028285549,0xd9d30b37f75a044a8d4025324b5b82570139c034,7693.96,,,,ATA,erc20,"{'value': '0x01a11724efa720740000', 'address': '0xa2120b9e674d3fc3875f415a7df52e382f141225', 'decimal': '0x12'}",{'blockTimestamp': '2022-12-21T03:44:35.000Z'}
724,0xf7a823,0x57b26ffc0c6782e427e2b8bf48cfdba8666869ca4b0ac3edf3734b198353a327:log:103,0x57b26ffc0c6782e427e2b8bf48cfdba8666869ca4b0ac3edf3734b198353a327,0x28c6c06298d514db089934071355e5743bf21d60,0xd9d30b37f75a044a8d4025324b5b82570139c034,1090.0,,,,ATA,erc20,"{'value': '0x3b16c9e8eeb7c80000', 'address': '0xa2120b9e674d3fc3875f415a7df52e382f141225', 'decimal': '0x12'}",{'blockTimestamp': '2022-12-21T03:37:47.000Z'}
725,0xf7a627,0xd960b1fae881b87ce7cf4336b4051cba9b60ff69679d1e187c313407fa853603:log:16,0xd960b1fae881b87ce7cf4336b4051cba9b60ff69679d1e187c313407fa853603,0xf16e9b0d03470827a95cdfd0cb8a8a3b46969b91,0x5449b7f111b797ed37608e08b20ec192ab7a0b30,5515.0,,,,ATA,erc20,"{'value': '0x012af7fff047174c0000', 'address': '0xa2120b9e674d3fc3875f415a7df52e382f141225', 'decimal': '0x12'}",{'blockTimestamp': '2022-12-21T01:55:35.000Z'}
726,0xf7a47d,0xf8ab499c8ccbc005a314c507e657932c21271660889de84b9bfd54b0dde925f1:log:300,0xf8ab499c8ccbc005a314c507e657932c21271660889de84b9bfd54b0dde925f1,0xf05e2a70346560d3228c7002194bb7c5dc8fe100,0x28c6c06298d514db089934071355e5743bf21d60,49945.00000000001,,,,ATA,erc20,"{'value': '0x0a93861cb00c84c40000', 'address': '0xa2120b9e674d3fc3875f415a7df52e382f141225', 'decimal': '0x12'}",{'blockTimestamp': '2022-12-21T00:30:11.000Z'}
727,0xf7a425,0x3722914b09bc7b19dc77874452769bc503de758b353cd85c7b9ba3acbeb66b79:log:97,0x3722914b09bc7b19dc77874452769bc503de758b353cd85c7b9ba3acbeb66b79,0xdfd5293d8e347dfe59e90efd55b2956a1343963d,0x4f560dd30b8ed6b0af8b3ecbbd69380b557feaa3,371.0,,,,ATA,erc20,"{'value': '0x141ca8c65b95ec0000', 'address': '0xa2120b9e674d3fc3875f415a7df52e382f141225', 'decimal': '0x12'}",{'blockTimestamp': '2022-12-21T00:12:35.000Z'}
728,0xf7a408,0xfe8bb7b1bc9fd404ab98f7a65cd44dc26a2839ae252c4206c911ad68eaff5f0d:log:211,0xfe8bb7b1bc9fd404ab98f7a65cd44dc26a2839ae252c4206c911ad68eaff5f0d,0x21a31ee1afc51d94c2efccaa2092ad1028285549,0x4f560dd30b8ed6b0af8b3ecbbd69380b557feaa3,5229.0,,,,ATA,erc20,"{'value': '0x011b76f3d39215940000', 'address': '0xa2120b9e674d3fc3875f415a7df52e382f141225', 'decimal': '0x12'}",{'blockTimestamp': '2022-12-21T00:06:47.000Z'}
729,0xf7a3e7,0xb871964e38bb8718b7361fbceebd3f921a108444d3792c9825fbed155ea67ab3:log:467,0xb871964e38bb8718b7361fbceebd3f921a108444d3792c9825fbed155ea67ab3,0xf584f8728b874a6a5c7a8d4d387c9aae9172d621,0xf05e2a70346560d3228c7002194bb7c5dc8fe100,49945.00000000001,,,,ATA,erc20,"{'value': '0x0a93861cb00c84c40000', 'address': '0xa2120b9e674d3fc3875f415a7df52e382f141225', 'decimal': '0x12'}",{'blockTimestamp': '2022-12-21T00:00:11.000Z'}
730,0xf7a2bc,0x8b7c28922a8bad4ba655de6ccf72bb933115bbe58e2a23a30ae688647bbb6248:log:309,0x8b7c28922a8bad4ba655de6ccf72bb933115bbe58e2a23a30ae688647bbb6248,0x2765b477ce6fdc03325f86586405d7d4ad3d4bfa,0x28c6c06298d514db089934071355e5743bf21d60,187500.0,,,,ATA,erc20,"{'value': '0x27b46536c66c8e300000', 'address': '0xa2120b9e674d3fc3875f415a7df52e382f141225', 'decimal': '0x12'}",{'blockTimestamp': '2022-12-20T23:00:11.000Z'}
731,0xf7a273,0xa08897278447c53f6a237d1f3ad7bee8916fcd21b19b81ed770ae4e9ca9e931b:log:144,0xa08897278447c53f6a237d1f3ad7bee8916fcd21b19b81ed770ae4e9ca9e931b,0x2ce5f9f52c1eec9a1183f91139c59b485ff39dad,0x2765b477ce6fdc03325f86586405d7d4ad3d4bfa,187500.0,,,,ATA,erc20,"{'value': '0x27b46536c66c8e300000', 'address': '0xa2120b9e674d3fc3875f415a7df52e382f141225', 'decimal': '0x12'}",{'blockTimestamp': '2022-12-20T22:45:35.000Z'}
732,0xf7a26b,0xad5d712d5f42a5298802be162c537e4161d45f1d6f96a023a9a64e651b11e9dc:log:62,0xad5d712d5f42a5298802be162c537e4161d45f1d6f96a023a9a64e651b11e9dc,0x28c6c06298d514db089934071355e5743bf21d60,0x4f560dd30b8ed6b0af8b3ecbbd69380b557feaa3,471.0,,,,ATA,erc20,"{'value': '0x1988702488f8fc0000', 'address': '0xa2120b9e674d3fc3875f415a7df52e382f141225', 'decimal': '0x12'}",{'blockTimestamp': '2022-12-20T22:43:59.000Z'}
733,0xf7a1ea,0x9983bc0cbcada696b23fc3f5ebb06dbd6e5ac14d4e39b54cb1d1f2d8b3172398:log:74,0x9983bc0cbcada696b23fc3f5ebb06dbd6e5ac14d4e39b54cb1d1f2d8b3172398,0xa2120b9e674d3fc3875f415a7df52e382f141225,0x2ce5f9f52c1eec9a1183f91139c59b485ff39dad,187500.0,,,,ATA,erc20,"{'value': '0x27b46536c66c8e300000', 'address': '0xa2120b9e674d3fc3875f415a7df52e382f141225', 'decimal': '0x12'}",{'blockTimestamp': '2022-12-20T22:18:11.000Z'}
734,0xf7a0c3,0x11198f09925aba27537743379c81c947138c4ca79bb4342d503dea58b14e1fed:log:351,0x11198f09925aba27537743379c81c947138c4ca79bb4342d503dea58b14e1fed,0xedc6bacdc1e29d7c5fa6f6eca6fdd447b9c487c9,0x95b564f3b3bae3f206aa418667ba000afafacc8a,450000.0,,,,ATA,erc20,"{'value': '0x5f4a8c8375d155400000', 'address': '0xa2120b9e674d3fc3875f415a7df52e382f141225', 'decimal': '0x12'}",{'blockTimestamp': '2022-12-20T21:19:11.000Z'}
735,0xf7a065,0xbc07d172221f0ffdfa4bb0436ab1335f73c285b4ce26042cd5fd91e556e948fc:log:280,0xbc07d172221f0ffdfa4bb0436ab1335f73c285b4ce26042cd5fd91e556e948fc,0x7ecccabb5e4ff4537f70b0a5018e8c0cfd53fff4,0x28c6c06298d514db089934071355e5743bf21d60,350469.2297618,,,,ATA,erc20,"{'value': '0x4a36f99a92cbd0e85000', 'address': '0xa2120b9e674d3fc3875f415a7df52e382f141225', 'decimal': '0x12'}",{'blockTimestamp': '2022-12-20T21:00:11.000Z'}
736,0xf79e9a,0x1ad633c3e65927075ab1b89cdc3f7bb8752be7b6029fac4e8d164dc46b2db9d6:log:404,0x1ad633c3e65927075ab1b89cdc3f7bb8752be7b6029fac4e8d164dc46b2db9d6,0xdfd5293d8e347dfe59e90efd55b2956a1343963d,0xafe253add483aba641cd949e9e053dc834a0bc59,800.14092839,,,,ATA,erc20,"{'value': '0x2b602f9f0ad937bc00', 'address': '0xa2120b9e674d3fc3875f415a7df52e382f141225', 'decimal': '0x12'}",{'blockTimestamp': '2022-12-20T19:27:59.000Z'}
737,0xf79e41,0x8f06ff677f5e26a56b11d5e7782f772b06dc059ec068695a33d69b9e6c6d222c:log:76,0x8f06ff677f5e26a56b11d5e7782f772b06dc059ec068695a33d69b9e6c6d222c,0xa9d1e08c7793af67e9d92fe308d5697fb81d3e43,0x7ecccabb5e4ff4537f70b0a5018e8c0cfd53fff4,346933.58969392,,,,ATA,erc20,"{'value': '0x49774ebdbdaee782c000', 'address': '0xa2120b9e674d3fc3875f415a7df52e382f141225', 'decimal': '0x12'}",{'blockTimestamp': '2022-12-20T19:10:11.000Z'}
738,0xf79e23,0x934cd03112c59867d72e7ed88860a5d9c94d2fb27db45c1e57bacd04deddee76:log:89,0x934cd03112c59867d72e7ed88860a5d9c94d2fb27db45c1e57bacd04deddee76,0xa9d1e08c7793af67e9d92fe308d5697fb81d3e43,0x7ecccabb5e4ff4537f70b0a5018e8c0cfd53fff4,3042.42880255,,,,ATA,erc20,"{'value': '0xa4ee2e6c70c9d01c00', 'address': '0xa2120b9e674d3fc3875f415a7df52e382f141225', 'decimal': '0x12'}",{'blockTimestamp': '2022-12-20T19:04:11.000Z'}
739,0xf79e0f,0x17cc0330ee394a74d7327a976d2e29c319e84d1d72bb412b58cf4056d38a0f50:log:126,0x17cc0330ee394a74d7327a976d2e29c319e84d1d72bb412b58cf4056d38a0f50,0xde825d4abc20d46da5660c08cfff3119682d5dda,0x28c6c06298d514db089934071355e5743bf21d60,1012.0,,,,ATA,erc20,"{'value': '0x36dc523e31b7500000', 'address': '0xa2120b9e674d3fc3875f415a7df52e382f141225', 'decimal': '0x12'}",{'blockTimestamp': '2022-12-20T19:00:11.000Z'}
740,0xf79d57,0xf0364c52038a80a9b16a342bfacf436a478842b4965b028d9e6be850537d9a47:log:6,0xf0364c52038a80a9b16a342bfacf436a478842b4965b028d9e6be850537d9a47,0xd96f860992ea135caab23619ebd5bfe9eeb64422,0xde825d4abc20d46da5660c08cfff3119682d5dda,1012.0,,,,ATA,erc20,"{'value': '0x36dc523e31b7500000', 'address': '0xa2120b9e674d3fc3875f415a7df52e382f141225', 'decimal': '0x12'}",{'blockTimestamp': '2022-12-20T18:22:59.000Z'}
741,0xf79c7c,0x568f63a0c51c548435c95ef8f7d668c0c1e73bc29903be96bc6844a7f4dbbf82:log:106,0x568f63a0c51c548435c95ef8f7d668c0c1e73bc29903be96bc6844a7f4dbbf82,0x21a31ee1afc51d94c2efccaa2092ad1028285549,0xd96f860992ea135caab23619ebd5bfe9eeb64422,41.0,,,,ATA,erc20,"{'value': '0x0238fd42c5cf040000', 'address': '0xa2120b9e674d3fc3875f415a7df52e382f141225', 'decimal': '0x12'}",{'blockTimestamp': '2022-12-20T17:38:47.000Z'}
742,0xf79ba7,0xd18996d02c98fd46564f20b3f857617d79d0eaab161f351478dae2a2c1f4af2f:log:74,0xd18996d02c98fd46564f20b3f857617d79d0eaab161f351478dae2a2c1f4af2f,0x28c6c06298d514db089934071355e5743bf21d60,0xd96f860992ea135caab23619ebd5bfe9eeb64422,971.0,,,,ATA,erc20,"{'value': '0x34a354fb6be84c0000', 'address': '0xa2120b9e674d3fc3875f415a7df52e382f141225', 'decimal': '0x12'}",{'blockTimestamp': '2022-12-20T16:55:47.000Z'}
743,0xf78e29,0x2098b5de68eebf8bea12dfaca5a7ed485e923af1ee01f658f3aeb32725189d02:log:93,0x2098b5de68eebf8bea12dfaca5a7ed485e923af1ee01f658f3aeb32725189d02,0xdfd5293d8e347dfe59e90efd55b2956a1343963d,0xf584f8728b874a6a5c7a8d4d387c9aae9172d621,44772.0,,,,ATA,erc20,"{'value': '0x097b1850d3c70d100000', 'address': '0xa2120b9e674d3fc3875f415a7df52e382f141225', 'decimal': '0x12'}",{'blockTimestamp': '2022-12-20T05:22:23.000Z'}
744,0xf78d3e,0xeb687fc9233d08dcdb12b22dd765f9795207226c5b4fad5e16122075f3639a3f:log:87,0xeb687fc9233d08dcdb12b22dd765f9795207226c5b4fad5e16122075f3639a3f,0xa9d1e08c7793af67e9d92fe308d5697fb81d3e43,0xdd38288dfa4f80ac69006e03ae57504d71648336,258.06548357,,,,ATA,erc20,"{'value': '0x0dfd60c60473417400', 'address': '0xa2120b9e674d3fc3875f415a7df52e382f141225', 'decimal': '0x12'}",{'blockTimestamp': '2022-12-20T04:35:11.000Z'}
745,0xf78a3c,0xfc15448857ba5cfd377ece1e7d9a2bf5519030e722b3ed516225dad818d9ec7a:log:305,0xfc15448857ba5cfd377ece1e7d9a2bf5519030e722b3ed516225dad818d9ec7a,0xbf6b41e10144130726b34b242a67523a853fbcfb,0x28c6c06298d514db089934071355e5743bf21d60,595214.2857142857,,,,ATA,erc20,"{'value': '0x7e0aa18eacb366b92492', 'address': '0xa2120b9e674d3fc3875f415a7df52e382f141225', 'decimal': '0x12'}",{'blockTimestamp': '2022-12-20T02:00:11.000Z'}
746,0xf789d5,0x7c5a19be1e03216f688127e1d55f18952be6f9b9bcb2abe60633db7b36c6f715:log:158,0x7c5a19be1e03216f688127e1d55f18952be6f9b9bcb2abe60633db7b36c6f715,0xd924ea8fe7fce36b448bacca523090bb7976ae07,0xbf6b41e10144130726b34b242a67523a853fbcfb,595214.2857142857,,,,ATA,erc20,"{'value': '0x7e0aa18eacb366b92492', 'address': '0xa2120b9e674d3fc3875f415a7df52e382f141225', 'decimal': '0x12'}",{'blockTimestamp': '2022-12-20T01:39:35.000Z'}
747,0xf789bf,0x175a07db14531ec52442eec0d11537b88497bcadc6d9f43871f3f78ae408cc06:log:15,0x175a07db14531ec52442eec0d11537b88497bcadc6d9f43871f3f78ae408cc06,0xa2120b9e674d3fc3875f415a7df52e382f141225,0xd924ea8fe7fce36b448bacca523090bb7976ae07,595214.2857142857,,,,ATA,erc20,"{'value': '0x7e0aa18eacb366b92492', 'address': '0xa2120b9e674d3fc3875f415a7df52e382f141225', 'decimal': '0x12'}",{'blockTimestamp': '2022-12-20T01:35:11.000Z'}
748,0xf789a6,0xd4eaba6577424a5a9d3e21fb2597173fd84f48c465158a265bca49952cc2fcdc:log:371,0xd4eaba6577424a5a9d3e21fb2597173fd84f48c465158a265bca49952cc2fcdc,0xf05e2a70346560d3228c7002194bb7c5dc8fe100,0x28c6c06298d514db089934071355e5743bf21d60,42660.0,,,,ATA,erc20,"{'value': '0x09089a6d89a214100000', 'address': '0xa2120b9e674d3fc3875f415a7df52e382f141225', 'decimal': '0x12'}",{'blockTimestamp': '2022-12-20T01:30:11.000Z'}
749,0xf78941,0xd67d9ee14677a4c43d3da19f63214ba97e4de1d9239dc06deccadfbc0602f687:log:50,0xd67d9ee14677a4c43d3da19f63214ba97e4de1d9239dc06deccadfbc0602f687,0xa2120b9e674d3fc3875f415a7df52e382f141225,0x02d115a57c075ad4767848b6881ea10a24ac39b2,633910.7142857142,,,,ATA,erc20,"{'value': '0x863c5e61c7f31b3adb6e', 'address': '0xa2120b9e674d3fc3875f415a7df52e382f141225', 'decimal': '0x12'}",{'blockTimestamp': '2022-12-20T01:09:59.000Z'}
750,0xf78935,0x8c6eeab4b17a6ab85a885dad066307e2a25f9627166b0f4ed7716f724d6fc403:log:74,0x8c6eeab4b17a6ab85a885dad066307e2a25f9627166b0f4ed7716f724d6fc403,0xf16e9b0d03470827a95cdfd0cb8a8a3b46969b91,0xf05e2a70346560d3228c7002194bb7c5dc8fe100,42660.0,,,,ATA,erc20,"{'value': '0x09089a6d89a214100000', 'address': '0xa2120b9e674d3fc3875f415a7df52e382f141225', 'decimal': '0x12'}",{'blockTimestamp': '2022-12-20T01:07:35.000Z'}
751,0xf787ba,0xbf4358acd5fa204f66ce4c78d86c4d69245bd942dde65d1e16065029ddcead61:log:63,0xbf4358acd5fa204f66ce4c78d86c4d69245bd942dde65d1e16065029ddcead61,0x21a31ee1afc51d94c2efccaa2092ad1028285549,0xe976fc115d7ef620a8faf069957f379b7c0ae83b,1348.7559999999999,,,,ATA,erc20,"{'value': '0x491dbfe3fc04c20000', 'address': '0xa2120b9e674d3fc3875f415a7df52e382f141225', 'decimal': '0x12'}",{'blockTimestamp': '2022-12-19T23:50:59.000Z'}
752,0xf787b7,0x02a2f8b99a3ac82a33a25c3c300cb30d7b6a8fb8c9c746c54834f91b088031aa:log:119,0x02a2f8b99a3ac82a33a25c3c300cb30d7b6a8fb8c9c746c54834f91b088031aa,0x28c6c06298d514db089934071355e5743bf21d60,0xf584f8728b874a6a5c7a8d4d387c9aae9172d621,81871.0,,,,ATA,erc20,"{'value': '0x11563c5d98d9f5dc0000', 'address': '0xa2120b9e674d3fc3875f415a7df52e382f141225', 'decimal': '0x12'}",{'blockTimestamp': '2022-12-19T23:50:23.000Z'}
753,0xf7878d,0x80a7b9977c83b19d6544b02aacce69383d1b1d14a922742ca680fe3ca51e85ac:log:215,0x80a7b9977c83b19d6544b02aacce69383d1b1d14a922742ca680fe3ca51e85ac,0x733c5570597e609c796399333f0a176e444386ee,0xf16e9b0d03470827a95cdfd0cb8a8a3b46969b91,41699.0,,,,ATA,erc20,"{'value': '0x08d481dfb13ab5ac0000', 'address': '0xa2120b9e674d3fc3875f415a7df52e382f141225', 'decimal': '0x12'}",{'blockTimestamp': '2022-12-19T23:41:59.000Z'}
754,0xf78755,0xcce66f773c6324955cd0bb8e19741b82d6a5f7d96f75cbe46573f8ee060863e7:log:45,0xcce66f773c6324955cd0bb8e19741b82d6a5f7d96f75cbe46573f8ee060863e7,0xdfd5293d8e347dfe59e90efd55b2956a1343963d,0x733c5570597e609c796399333f0a176e444386ee,41699.0,,,,ATA,erc20,"{'value': '0x08d481dfb13ab5ac0000', 'address': '0xa2120b9e674d3fc3875f415a7df52e382f141225', 'decimal': '0x12'}",{'blockTimestamp': '2022-12-19T23:30:47.000Z'}
755,0xf785df,0x781b551d3df1298582d0532403899514eae221587742183ae6821cb851565536:log:53,0x781b551d3df1298582d0532403899514eae221587742183ae6821cb851565536,0xe214670702fc9c67850c117862bf0526f53aab89,0x95b564f3b3bae3f206aa418667ba000afafacc8a,18105.249,,,,ATA,erc20,"{'value': '0x03d57ccdc7c794568000', 'address': '0xa2120b9e674d3fc3875f415a7df52e382f141225', 'decimal': '0x12'}",{'blockTimestamp': '2022-12-19T22:15:35.000Z'}
756,0xf78577,0x4afd0291379e97779eba0a26111608f4656390ff759f4447eedd4721c6f8e701:log:60,0x4afd0291379e97779eba0a26111608f4656390ff759f4447eedd4721c6f8e701,0x21a31ee1afc51d94c2efccaa2092ad1028285549,0xe214670702fc9c67850c117862bf0526f53aab89,18105.249,,,,ATA,erc20,"{'value': '0x03d57ccdc7c794568000', 'address': '0xa2120b9e674d3fc3875f415a7df52e382f141225', 'decimal': '0x12'}",{'blockTimestamp': '2022-12-19T21:54:47.000Z'}
757,0xf78325,0xdecec545ec796c4c33ae778e6b45a10a51ce527f7ec8e1c49ece9dfa4579a840:log:208,0xdecec545ec796c4c33ae778e6b45a10a51ce527f7ec8e1c49ece9dfa4579a840,0x28c6c06298d514db089934071355e5743bf21d60,0x4351ea7e197eea44908fce1db26b7d14976c5f20,103.36787475,,,,ATA,erc20,"{'value': '0x059a84766b2cd1ec00', 'address': '0xa2120b9e674d3fc3875f415a7df52e382f141225', 'decimal': '0x12'}",{'blockTimestamp': '2022-12-19T19:54:35.000Z'}
758,0xf78186,0xab7106c42dec18f87ba4c9f65817f6f4cb7cbbc82f378e298a9480385e70c361:log:168,0xab7106c42dec18f87ba4c9f65817f6f4cb7cbbc82f378e298a9480385e70c361,0xdfd5293d8e347dfe59e90efd55b2956a1343963d,0x3ab6a41416f2f20d7dc9272abebc6b972fdee80e,88798.0,,,,ATA,erc20,"{'value': '0x12cdbfcd400850b80000', 'address': '0xa2120b9e674d3fc3875f415a7df52e382f141225', 'decimal': '0x12'}",{'blockTimestamp': '2022-12-19T18:31:11.000Z'}
759,0xf77f3f,0x0fab360ccddc8f04e98747f43fbebf0e87d6f289e48dcbc6ced77a66f7935479:log:39,0x0fab360ccddc8f04e98747f43fbebf0e87d6f289e48dcbc6ced77a66f7935479,0x21a31ee1afc51d94c2efccaa2092ad1028285549,0x30f2b7095d676533f8e5a4dc5807c9ae46755614,3470.707,,,,ATA,erc20,"{'value': '0xbc25bc3be7fdab8000', 'address': '0xa2120b9e674d3fc3875f415a7df52e382f141225', 'decimal': '0x12'}",{'blockTimestamp': '2022-12-19T16:34:35.000Z'}
760,0xf77cf1,0xcf484a2037894905555875337a93725bb12a8e1ed365bf0ce8ab61ef8f6b4d0d:log:114,0xcf484a2037894905555875337a93725bb12a8e1ed365bf0ce8ab61ef8f6b4d0d,0x95b564f3b3bae3f206aa418667ba000afafacc8a,0x2685748161fb9c2d1afbaf3255166c45f66055ed,926.00593753,,,,ATA,erc20,"{'value': '0x3232e9f5fe6a364400', 'address': '0xa2120b9e674d3fc3875f415a7df52e382f141225', 'decimal': '0x12'}",{'blockTimestamp': '2022-12-19T14:35:47.000Z'}
761,0xf77ae3,0x85c8679967e7c37896eafbdf1ee4f1fe283e846a0f663a43888ebfb482bc6560:log:86,0x85c8679967e7c37896eafbdf1ee4f1fe283e846a0f663a43888ebfb482bc6560,0x28c6c06298d514db089934071355e5743bf21d60,0x4733714e80110377ec70b51482512d671f34f786,5445.517,,,,ATA,erc20,"{'value': '0x012733babbea16d48000', 'address': '0xa2120b9e674d3fc3875f415a7df52e382f141225', 'decimal': '0x12'}",{'blockTimestamp': '2022-12-19T12:50:35.000Z'}
762,0xf779ea,0x05c8882cd0dd72ee4a3221e10a1038f63b5e9c9f39f12273c4dc55625a82fe07:log:100,0x05c8882cd0dd72ee4a3221e10a1038f63b5e9c9f39f12273c4dc55625a82fe07,0x28c6c06298d514db089934071355e5743bf21d60,0x21a31ee1afc51d94c2efccaa2092ad1028285549,4433334.0,,,,ATA,erc20,"{'value': '0x03aacb84887dc875180000', 'address': '0xa2120b9e674d3fc3875f415a7df52e382f141225', 'decimal': '0x12'}",{'blockTimestamp': '2022-12-19T12:00:35.000Z'}
763,0xf779ea,0x293faf9a5587066e5f95e3ffe52391aa8cbd299890850c16032607ab07124611:log:98,0x293faf9a5587066e5f95e3ffe52391aa8cbd299890850c16032607ab07124611,0x28c6c06298d514db089934071355e5743bf21d60,0xdfd5293d8e347dfe59e90efd55b2956a1343963d,4505242.8505943995,,,,ATA,erc20,"{'value': '0x03ba05b44d9ff88e17c000', 'address': '0xa2120b9e674d3fc3875f415a7df52e382f141225', 'decimal': '0x12'}",{'blockTimestamp': '2022-12-19T12:00:35.000Z'}
764,0xf779b2,0x7800fc6bbe3b86c2ddf5ff8fd59a424706c18007cde0f3787b4f63f44c06c397:log:107,0x7800fc6bbe3b86c2ddf5ff8fd59a424706c18007cde0f3787b4f63f44c06c397,0xf977814e90da44bfa03b6295a0616a897441acec,0x28c6c06298d514db089934071355e5743bf21d60,15000000.0,,,,ATA,erc20,"{'value': '0x0c685fa11e01ec6f000000', 'address': '0xa2120b9e674d3fc3875f415a7df52e382f141225', 'decimal': '0x12'}",{'blockTimestamp': '2022-12-19T11:49:23.000Z'}
765,0xf77216,0x43590811d109c1c91844ddfd1bffb9157161e081eeff17c34dd83a4e1e74b203:log:66,0x43590811d109c1c91844ddfd1bffb9157161e081eeff17c34dd83a4e1e74b203,0x28c6c06298d514db089934071355e5743bf21d60,0x75baa952cd57bdf0beaded4f8320caf0892c20e3,2999972.0,,,,ATA,erc20,"{'value': '0x027b44ced86b2294100000', 'address': '0xa2120b9e674d3fc3875f415a7df52e382f141225', 'decimal': '0x12'}",{'blockTimestamp': '2022-12-19T05:17:47.000Z'}
766,0xf771f2,0x8091889545e9c4de015849dad00e6a710ddb297a564b9c5f5a6d38ca7e3756a8:log:55,0x8091889545e9c4de015849dad00e6a710ddb297a564b9c5f5a6d38ca7e3756a8,0x28c6c06298d514db089934071355e5743bf21d60,0x9d4f3c76df78176d7d1874f582262abf66c160f1,1999972.0,,,,ATA,erc20,"{'value': '0x01a782b3099e34f3100000', 'address': '0xa2120b9e674d3fc3875f415a7df52e382f141225', 'decimal': '0x12'}",{'blockTimestamp': '2022-12-19T05:10:23.000Z'}
767,0xf76ffe,0x9fb768e0ccf76be47512b7ab34ccebfcb54dd27251f5f9d82ca4768d55228df6:log:75,0x9fb768e0ccf76be47512b7ab34ccebfcb54dd27251f5f9d82ca4768d55228df6,0x29984d1f9055cafb02dcdd53c54b727902e44975,0x28c6c06298d514db089934071355e5743bf21d60,191299.80000000002,,,,ATA,erc20,"{'value': '0x288262083638877c0000', 'address': '0xa2120b9e674d3fc3875f415a7df52e382f141225', 'decimal': '0x12'}",{'blockTimestamp': '2022-12-19T03:30:11.000Z'}
768,0xf76f91,0x53cfce3efd70f88d1e50c18553e0c23f5f88d948e36203f591e66ca6d12dff4a:log:295,0x53cfce3efd70f88d1e50c18553e0c23f5f88d948e36203f591e66ca6d12dff4a,0x95b564f3b3bae3f206aa418667ba000afafacc8a,0x29984d1f9055cafb02dcdd53c54b727902e44975,191299.80000000002,,,,ATA,erc20,"{'value': '0x288262083638877c0000', 'address': '0xa2120b9e674d3fc3875f415a7df52e382f141225', 'decimal': '0x12'}",{'blockTimestamp': '2022-12-19T03:08:23.000Z'}
769,0xf76d30,0x89c430798c20f5ebc62e0c4638964da91e5076b1a247e2ae2123174540ae16b5:log:187,0x89c430798c20f5ebc62e0c4638964da91e5076b1a247e2ae2123174540ae16b5,0x733c5570597e609c796399333f0a176e444386ee,0x738cf6903e6c4e699d1c2dd9ab8b67fcdb3121ea,47691.0,,,,ATA,erc20,"{'value': '0x0a1955940e40b24c0000', 'address': '0xa2120b9e674d3fc3875f415a7df52e382f141225', 'decimal': '0x12'}",{'blockTimestamp': '2022-12-19T01:05:59.000Z'}
770,0xf76cd7,0x31d21d5d0bbe605e5f295a2da09e3d80bdf30a279720e7756dba2cc26bc557c0:log:96,0x31d21d5d0bbe605e5f295a2da09e3d80bdf30a279720e7756dba2cc26bc557c0,0x28c6c06298d514db089934071355e5743bf21d60,0x733c5570597e609c796399333f0a176e444386ee,47691.0,,,,ATA,erc20,"{'value': '0x0a1955940e40b24c0000', 'address': '0xa2120b9e674d3fc3875f415a7df52e382f141225', 'decimal': '0x12'}",{'blockTimestamp': '2022-12-19T00:47:59.000Z'}
771,0xf76bf4,0xca7807787c22690ae13c67e27998ee8bfb25336ded1212610a2c4dc1d18d7cc6:log:203,0xca7807787c22690ae13c67e27998ee8bfb25336ded1212610a2c4dc1d18d7cc6,0xf05e2a70346560d3228c7002194bb7c5dc8fe100,0x28c6c06298d514db089934071355e5743bf21d60,65290.0,,,,ATA,erc20,"{'value': '0x0dd360c416c125e80000', 'address': '0xa2120b9e674d3fc3875f415a7df52e382f141225', 'decimal': '0x12'}",{'blockTimestamp': '2022-12-19T00:01:59.000Z'}
772,0xf76b5a,0x2aa846a329e9a35baebed33383d8d9df68586cc8ae9906090d097806616922c7:log:111,0x2aa846a329e9a35baebed33383d8d9df68586cc8ae9906090d097806616922c7,0xdfd5293d8e347dfe59e90efd55b2956a1343963d,0xc2f423fe2ecce5055bf5af58368d05cdb2648c95,89.77213067,,,,ATA,erc20,"{'value': '0x04ddd6ad36134ccc00', 'address': '0xa2120b9e674d3fc3875f415a7df52e382f141225', 'decimal': '0x12'}",{'blockTimestamp': '2022-12-18T23:30:59.000Z'}
773,0xf76b44,0x0526511c5d7c9741c043c1769fd8b4e2311099a0f8df8ef6338c5a0ae282164c:log:223,0x0526511c5d7c9741c043c1769fd8b4e2311099a0f8df8ef6338c5a0ae282164c,0xf584f8728b874a6a5c7a8d4d387c9aae9172d621,0xf05e2a70346560d3228c7002194bb7c5dc8fe100,65290.0,,,,ATA,erc20,"{'value': '0x0dd360c416c125e80000', 'address': '0xa2120b9e674d3fc3875f415a7df52e382f141225', 'decimal': '0x12'}",{'blockTimestamp': '2022-12-18T23:26:23.000Z'}
774,0xf769fd,0x86a9e6798851607a53928b668f08cbc4ef12960dca677458ae0cf7ad0206cba1:log:106,0x86a9e6798851607a53928b668f08cbc4ef12960dca677458ae0cf7ad0206cba1,0x28c6c06298d514db089934071355e5743bf21d60,0x21a31ee1afc51d94c2efccaa2092ad1028285549,292074.8836,,,,ATA,erc20,"{'value': '0x3dd9694233250cf10000', 'address': '0xa2120b9e674d3fc3875f415a7df52e382f141225', 'decimal': '0x12'}",{'blockTimestamp': '2022-12-18T22:20:35.000Z'}
775,0xf769d9,0xd652dd8add07f133dfa10693488af59efd40a8aeb7d2a9bd1d821297458ebed7:log:132,0xd652dd8add07f133dfa10693488af59efd40a8aeb7d2a9bd1d821297458ebed7,0xf977814e90da44bfa03b6295a0616a897441acec,0x28c6c06298d514db089934071355e5743bf21d60,5207630.5770000005,,,,ATA,erc20,"{'value': '0x044ec238210c327bde8000', 'address': '0xa2120b9e674d3fc3875f415a7df52e382f141225', 'decimal': '0x12'}",{'blockTimestamp': '2022-12-18T22:13:11.000Z'}
776,0xf76122,0x8dc855995de7afce2cb787368155e99272584ff7b4448f4777ebcca5cd0c05c5:log:93,0x8dc855995de7afce2cb787368155e99272584ff7b4448f4777ebcca5cd0c05c5,0x21a31ee1afc51d94c2efccaa2092ad1028285549,0x4ae8abb549e1b95baeda3028f0975ee3218ce186,884.2936,,,,ATA,erc20,"{'value': '0x2ff009f802ff5e0000', 'address': '0xa2120b9e674d3fc3875f415a7df52e382f141225', 'decimal': '0x12'}",{'blockTimestamp': '2022-12-18T14:45:23.000Z'}
777,0xf75f50,0x429a2b7c9710e6fcb58a4d4e76d5165bbdda64d7d28ceec42a0e0034a0f21264:log:694,0x429a2b7c9710e6fcb58a4d4e76d5165bbdda64d7d28ceec42a0e0034a0f21264,0x28c6c06298d514db089934071355e5743bf21d60,0x9d4f3c76df78176d7d1874f582262abf66c160f1,2199973.0,,,,ATA,erc20,"{'value': '0x01d1dcc67a177e87740000', 'address': '0xa2120b9e674d3fc3875f415a7df52e382f141225', 'decimal': '0x12'}",{'blockTimestamp': '2022-12-18T13:11:47.000Z'}
778,0xf75f2b,0xbf1ae2d5f7ed03114cfac1cbbbcb0e142c0bc79a483a0068b105ca72955deb1b:log:78,0xbf1ae2d5f7ed03114cfac1cbbbcb0e142c0bc79a483a0068b105ca72955deb1b,0x21a31ee1afc51d94c2efccaa2092ad1028285549,0x9d4f3c76df78176d7d1874f582262abf66c160f1,289239.0,,,,ATA,erc20,"{'value': '0x3d3fad77be1998fc0000', 'address': '0xa2120b9e674d3fc3875f415a7df52e382f141225', 'decimal': '0x12'}",{'blockTimestamp': '2022-12-18T13:04:23.000Z'}
779,0xf74f1d,0x90c69e23aaf7730fa65c204db65845b36091d7c6c0fb7b2439d4094efb85c892:log:122,0x90c69e23aaf7730fa65c204db65845b36091d7c6c0fb7b2439d4094efb85c892,0x95b564f3b3bae3f206aa418667ba000afafacc8a,0x2685748161fb9c2d1afbaf3255166c45f66055ed,2065.41099723,,,,ATA,erc20,"{'value': '0x6ff755e6f6d775cc00', 'address': '0xa2120b9e674d3fc3875f415a7df52e382f141225', 'decimal': '0x12'}",{'blockTimestamp': '2022-12-17T23:17:35.000Z'}
780,0xf74ec6,0x6043c921b5f861c4e94fae4b7a214dac31c7b9d1704e24df2fbfc42382196b70:log:224,0x6043c921b5f861c4e94fae4b7a214dac31c7b9d1704e24df2fbfc42382196b70,0x29984d1f9055cafb02dcdd53c54b727902e44975,0x28c6c06298d514db089934071355e5743bf21d60,771395.44,,,,ATA,erc20,"{'value': '0xa3596e3b73cbf8580000', 'address': '0xa2120b9e674d3fc3875f415a7df52e382f141225', 'decimal': '0x12'}",{'blockTimestamp': '2022-12-17T23:00:11.000Z'}
781,0xf74e9e,0xa58a1253133076038c81da5b40f05677554e3772a2981c68fb6f3c7bf4665211:log:555,0xa58a1253133076038c81da5b40f05677554e3772a2981c68fb6f3c7bf4665211,0x95b564f3b3bae3f206aa418667ba000afafacc8a,0x29984d1f9055cafb02dcdd53c54b727902e44975,771395.44,,,,ATA,erc20,"{'value': '0xa3596e3b73cbf8580000', 'address': '0xa2120b9e674d3fc3875f415a7df52e382f141225', 'decimal': '0x12'}",{'blockTimestamp': '2022-12-17T22:52:11.000Z'}
782,0xf74e88,0x0d89b7bedf7fe6e9697892a04539647a23e337be98dfd88607ebfcd0efc9ccf9:log:156,0x0d89b7bedf7fe6e9697892a04539647a23e337be98dfd88607ebfcd0efc9ccf9,0xedc6bacdc1e29d7c5fa6f6eca6fdd447b9c487c9,0x95b564f3b3bae3f206aa418667ba000afafacc8a,1000000.0,,,,ATA,erc20,"{'value': '0xd3c21bcecceda1000000', 'address': '0xa2120b9e674d3fc3875f415a7df52e382f141225', 'decimal': '0x12'}",{'blockTimestamp': '2022-12-17T22:47:47.000Z'}
783,0xf74caa,0x2f14165c50df863bdf83e6048aa66a82db2959b4b86f9cb0ae14ea3996a06a23:log:91,0x2f14165c50df863bdf83e6048aa66a82db2959b4b86f9cb0ae14ea3996a06a23,0x28c6c06298d514db089934071355e5743bf21d60,0xf584f8728b874a6a5c7a8d4d387c9aae9172d621,52384.0,,,,ATA,erc20,"{'value': '0x0b17be0959ac4e800000', 'address': '0xa2120b9e674d3fc3875f415a7df52e382f141225', 'decimal': '0x12'}",{'blockTimestamp': '2022-12-17T21:11:35.000Z'}
784,0xf7450b,0xa42047fbba10b6dd8f5a2ecac261afbec2e89564395dc10f187caff128cd21ca:log:157,0xa42047fbba10b6dd8f5a2ecac261afbec2e89564395dc10f187caff128cd21ca,0xdfd5293d8e347dfe59e90efd55b2956a1343963d,0x6945b3b3f3d10470bd143264fc8cc5db45da0dda,8169.0,,,,ATA,erc20,"{'value': '0x01bad7a60ac876040000', 'address': '0xa2120b9e674d3fc3875f415a7df52e382f141225', 'decimal': '0x12'}",{'blockTimestamp': '2022-12-17T14:39:11.000Z'}
785,0xf7422b,0x835e134d2e9f8a5cfa2e8be829442cc0848f65cc11025493544a05ef771bb0bf:log:101,0x835e134d2e9f8a5cfa2e8be829442cc0848f65cc11025493544a05ef771bb0bf,0x21a31ee1afc51d94c2efccaa2092ad1028285549,0x31b815f1a7090aa0f43f40fec528215484746659,582.988,,,,ATA,erc20,"{'value': '0x1f9a9571327b6e0000', 'address': '0xa2120b9e674d3fc3875f415a7df52e382f141225', 'decimal': '0x12'}",{'blockTimestamp': '2022-12-17T12:11:23.000Z'}
786,0xf740e0,0x6379fb1534991fdd918c5e17a316e91b8f13154bb2bd3a3c5f4c76fcb44dfeed:log:120,0x6379fb1534991fdd918c5e17a316e91b8f13154bb2bd3a3c5f4c76fcb44dfeed,0x28c6c06298d514db089934071355e5743bf21d60,0x5c5726c8b590be33e212875e45419c1152472a8e,375.51920934000003,,,,ATA,erc20,"{'value': '0x145b603b4f063fd800', 'address': '0xa2120b9e674d3fc3875f415a7df52e382f141225', 'decimal': '0x12'}",{'blockTimestamp': '2022-12-17T11:04:35.000Z'}
787,0xf74003,0x84987d4726edf205d6505f5cece3c125ef5bbeffba1c0dcb0d3ee82edeb93f5d:log:92,0x84987d4726edf205d6505f5cece3c125ef5bbeffba1c0dcb0d3ee82edeb93f5d,0xdfd5293d8e347dfe59e90efd55b2956a1343963d,0x0de8eb7f3986152aa9f40ab65c42ec4bca4ec662,193.176,,,,ATA,erc20,"{'value': '0x0a78db04827adc0000', 'address': '0xa2120b9e674d3fc3875f415a7df52e382f141225', 'decimal': '0x12'}",{'blockTimestamp': '2022-12-17T10:19:59.000Z'}
788,0xf73dde,0x871dd3c932e1d07a66159927766c249b95a9040fbfc7de8ee186dabdb5160a5c:log:34,0x871dd3c932e1d07a66159927766c249b95a9040fbfc7de8ee186dabdb5160a5c,0x21a31ee1afc51d94c2efccaa2092ad1028285549,0x8eb61471b4923677a10847cd33e81da844745a68,1368.6019999999999,,,,ATA,erc20,"{'value': '0x4a312b0bd5f9290000', 'address': '0xa2120b9e674d3fc3875f415a7df52e382f141225', 'decimal': '0x12'}",{'blockTimestamp': '2022-12-17T08:29:47.000Z'}
789,0xf737d1,0x34da7dd04edd4c2a643628013f85e1bb68c3064f9292427719547e82e3a7efd7:log:37,0x34da7dd04edd4c2a643628013f85e1bb68c3064f9292427719547e82e3a7efd7,0x28c6c06298d514db089934071355e5743bf21d60,0x804716e219e6f4c219845b399abc116d8a225c02,2207.596,,,,ATA,erc20,"{'value': '0x77ac8c81a7b53e0000', 'address': '0xa2120b9e674d3fc3875f415a7df52e382f141225', 'decimal': '0x12'}",{'blockTimestamp': '2022-12-17T03:18:35.000Z'}
790,0xf734fa,0x203fa5eabb3cf33d916ebf8ff0cb0e37ab5137f5113dcb96028e4c7443bcef13:log:58,0x203fa5eabb3cf33d916ebf8ff0cb0e37ab5137f5113dcb96028e4c7443bcef13,0xdfd5293d8e347dfe59e90efd55b2956a1343963d,0x6421776ae2cf4ac6f13684f3e93a1574dfe5a506,544.429,,,,ATA,erc20,"{'value': '0x1d83785afdd5248000', 'address': '0xa2120b9e674d3fc3875f415a7df52e382f141225', 'decimal': '0x12'}",{'blockTimestamp': '2022-12-17T00:52:23.000Z'}
791,0xf7345b,0x578d8acee90c226b7e49c30f1ed96ea499bc8d14520a569ec6a7b610ba051d6d:log:218,0x578d8acee90c226b7e49c30f1ed96ea499bc8d14520a569ec6a7b610ba051d6d,0x28c6c06298d514db089934071355e5743bf21d60,0x21a31ee1afc51d94c2efccaa2092ad1028285549,285042.12738135,,,,ATA,erc20,"{'value': '0x3c5c2a28fb6c044a7c00', 'address': '0xa2120b9e674d3fc3875f415a7df52e382f141225', 'decimal': '0x12'}",{'blockTimestamp': '2022-12-17T00:20:35.000Z'}
792,0xf7341f,0xaff3678906ef7566373bf272b0c45b256be598b9ad59ca2699b4a47058ed2080:log:40,0xaff3678906ef7566373bf272b0c45b256be598b9ad59ca2699b4a47058ed2080,0x1bad1270426b8059a783704308cec80753de0b38,0x40ec5b33f54e0e8a33a975908c5ba1c14e5bbbdf,20118.232211780003,,,,ATA,erc20,"{'value': '0x04429c8ec5a6c027a800', 'address': '0xa2120b9e674d3fc3875f415a7df52e382f141225', 'decimal': '0x12'}",{'blockTimestamp': '2022-12-17T00:08:35.000Z'}
793,0xf73416,0x47ead230efd95bf932901c61c9380b83eb6fef6f8af6c0c2f8aa2ee1eaa9ce07:log:351,0x47ead230efd95bf932901c61c9380b83eb6fef6f8af6c0c2f8aa2ee1eaa9ce07,0x733c5570597e609c796399333f0a176e444386ee,0xf16e9b0d03470827a95cdfd0cb8a8a3b46969b91,88327.0,,,,ATA,erc20,"{'value': '0x12b4375d1b7f57bc0000', 'address': '0xa2120b9e674d3fc3875f415a7df52e382f141225', 'decimal': '0x12'}",{'blockTimestamp': '2022-12-17T00:06:47.000Z'}
794,0xf73410,0x8a50f7b8a48d45933d5ba1e9e9a27bf8ae5e566a9227c3955070ccd9c4019c93:log:135,0x8a50f7b8a48d45933d5ba1e9e9a27bf8ae5e566a9227c3955070ccd9c4019c93,0x21a31ee1afc51d94c2efccaa2092ad1028285549,0x1bad1270426b8059a783704308cec80753de0b38,20118.232211780003,,,,ATA,erc20,"{'value': '0x04429c8ec5a6c027a800', 'address': '0xa2120b9e674d3fc3875f415a7df52e382f141225', 'decimal': '0x12'}",{'blockTimestamp': '2022-12-17T00:05:23.000Z'}
795,0xf73401,0x9ca7097d56d317fd402eae34905d66293ecd8ba8fb5b99263769f769e255df43:log:45,0x9ca7097d56d317fd402eae34905d66293ecd8ba8fb5b99263769f769e255df43,0x28c6c06298d514db089934071355e5743bf21d60,0xf584f8728b874a6a5c7a8d4d387c9aae9172d621,77775.0,,,,ATA,erc20,"{'value': '0x107830f25e63b5dc0000', 'address': '0xa2120b9e674d3fc3875f415a7df52e382f141225', 'decimal': '0x12'}",{'blockTimestamp': '2022-12-17T00:02:23.000Z'}
796,0xf73400,0x8360ff68034982c70f357b712641ae5bd0f3d4a093bd0f41ee562056d60d3aac:log:354,0x8360ff68034982c70f357b712641ae5bd0f3d4a093bd0f41ee562056d60d3aac,0x21a31ee1afc51d94c2efccaa2092ad1028285549,0x733c5570597e609c796399333f0a176e444386ee,88327.0,,,,ATA,erc20,"{'value': '0x12b4375d1b7f57bc0000', 'address': '0xa2120b9e674d3fc3875f415a7df52e382f141225', 'decimal': '0x12'}",{'blockTimestamp': '2022-12-17T00:02:11.000Z'}
797,0xf7330e,0x788395e55381f6ab11b6ebc817fa95b362c41f37f95075fa44bca80d51c08f53:log:123,0x788395e55381f6ab11b6ebc817fa95b362c41f37f95075fa44bca80d51c08f53,0x28c6c06298d514db089934071355e5743bf21d60,0x7f4c611f449b874dd5b770a8567670119a441c59,241.0,,,,ATA,erc20,"{'value': '0x0d108bff2095240000', 'address': '0xa2120b9e674d3fc3875f415a7df52e382f141225', 'decimal': '0x12'}",{'blockTimestamp': '2022-12-16T23:13:23.000Z'}
798,0xf730d5,0x2157e64944e6f9e6294f26ee108e7d5dd6b5095e1052f2c05c628949b7c0eefc:log:104,0x2157e64944e6f9e6294f26ee108e7d5dd6b5095e1052f2c05c628949b7c0eefc,0xdfd5293d8e347dfe59e90efd55b2956a1343963d,0x9f6231d0dd803859e1c1925b872693d265f450eb,13260.286,,,,ATA,erc20,"{'value': '0x02ced76f74fe65730000', 'address': '0xa2120b9e674d3fc3875f415a7df52e382f141225', 'decimal': '0x12'}",{'blockTimestamp': '2022-12-16T21:18:59.000Z'}
799,0xf72f3d,0x775e5d8fb1c9994a9508dcf03beb1461dea8dbf8cbf1868866e466cea8ad0f6d:log:83,0x775e5d8fb1c9994a9508dcf03beb1461dea8dbf8cbf1868866e466cea8ad0f6d,0x21a31ee1afc51d94c2efccaa2092ad1028285549,0x8f29fcfc257852c2d3707d0f12b1cbe1edc54d1b,68993.64835823,,,,ATA,erc20,"{'value': '0x0e9c273645cb6fbddc00', 'address': '0xa2120b9e674d3fc3875f415a7df52e382f141225', 'decimal': '0x12'}",{'blockTimestamp': '2022-12-16T19:56:23.000Z'}
800,0xf72e53,0xcb1f47e9d0e45acb00d8839f2f7dc0b0474346089d5f2d37aaf4a1e882bf8ed5:log:63,0xcb1f47e9d0e45acb00d8839f2f7dc0b0474346089d5f2d37aaf4a1e882bf8ed5,0x28c6c06298d514db089934071355e5743bf21d60,0x3ad712921d84e84fab580d5156d20e2f5ca307d1,508.0,,,,ATA,erc20,"{'value': '0x1b89ea8c802a700000', 'address': '0xa2120b9e674d3fc3875f415a7df52e382f141225', 'decimal': '0x12'}",{'blockTimestamp': '2022-12-16T19:08:35.000Z'}
801,0xf72e2e,0x04272ceaa1d0737aaafafecfc39d3aefe04f062091fe8a67a6626be64cada950:log:150,0x04272ceaa1d0737aaafafecfc39d3aefe04f062091fe8a67a6626be64cada950,0xdfd5293d8e347dfe59e90efd55b2956a1343963d,0x351bbd3dc3e51d3c2f0597f6b304955b7f0ded6f,1131.161,,,,ATA,erc20,"{'value': '0x3d5203285a27a28000', 'address': '0xa2120b9e674d3fc3875f415a7df52e382f141225', 'decimal': '0x12'}",{'blockTimestamp': '2022-12-16T19:01:11.000Z'}
802,0xf72e1d,0xef79285e788bd3ef6dc4b151fe6dc936e14217c0f71a5516d18fa837a6ed049d:log:33,0xef79285e788bd3ef6dc4b151fe6dc936e14217c0f71a5516d18fa837a6ed049d,0x21a31ee1afc51d94c2efccaa2092ad1028285549,0xc2d4021ff759e0cd7bb280160720d7e4840dd263,456.0,,,,ATA,erc20,"{'value': '0x18b84570022a200000', 'address': '0xa2120b9e674d3fc3875f415a7df52e382f141225', 'decimal': '0x12'}",{'blockTimestamp': '2022-12-16T18:57:47.000Z'}
803,0xf72db1,0x2f35798bf672e0656dd1229df25edf611f4ce1b87f925605350b8e4ffb4cebd5:log:101,0x2f35798bf672e0656dd1229df25edf611f4ce1b87f925605350b8e4ffb4cebd5,0x28c6c06298d514db089934071355e5743bf21d60,0x51cb271752467cfddf71233078794e805b26255f,117.51,,,,ATA,erc20,"{'value': '0x065ec76267c4270000', 'address': '0xa2120b9e674d3fc3875f415a7df52e382f141225', 'decimal': '0x12'}",{'blockTimestamp': '2022-12-16T18:36:11.000Z'}
804,0xf72947,0xc19f2c5f4c953245752117785329694b879ff2ef94711c8384c6ecbc8cf5a807:log:66,0xc19f2c5f4c953245752117785329694b879ff2ef94711c8384c6ecbc8cf5a807,0xdfd5293d8e347dfe59e90efd55b2956a1343963d,0x84d326fa475b534cc06536d7152ee7204d17b4ea,2097.774,,,,ATA,erc20,"{'value': '0x71b87662845a4b0000', 'address': '0xa2120b9e674d3fc3875f415a7df52e382f141225', 'decimal': '0x12'}",{'blockTimestamp': '2022-12-16T14:49:11.000Z'}
805,0xf72938,0xf960053e18f4c76f4813353ce6fb53bb3894cde77cf78dc1f6969fe1a2f1b49f:log:114,0xf960053e18f4c76f4813353ce6fb53bb3894cde77cf78dc1f6969fe1a2f1b49f,0x21a31ee1afc51d94c2efccaa2092ad1028285549,0x84d326fa475b534cc06536d7152ee7204d17b4ea,74.0,,,,ATA,erc20,"{'value': '0x0402f4cfee62e80000', 'address': '0xa2120b9e674d3fc3875f415a7df52e382f141225', 'decimal': '0x12'}",{'blockTimestamp': '2022-12-16T14:46:11.000Z'}
806,0xf72762,0x8a18b286d1772f48d077bac1b5768d54e109d3927d56565603909b6375ab6ee5:log:37,0x8a18b286d1772f48d077bac1b5768d54e109d3927d56565603909b6375ab6ee5,0x28c6c06298d514db089934071355e5743bf21d60,0x6ccabcf5883a8e1b72bf6f91a09f1176ba948cc8,418.555,,,,ATA,erc20,"{'value': '0x16b09e12e68b9f8000', 'address': '0xa2120b9e674d3fc3875f415a7df52e382f141225', 'decimal': '0x12'}",{'blockTimestamp': '2022-12-16T13:11:35.000Z'}
807,0xf72576,0x25b1f89f8cbe56fadb413d4fdf31c13cca8cadfecd96513c6b8ec99d843e17dc:log:94,0x25b1f89f8cbe56fadb413d4fdf31c13cca8cadfecd96513c6b8ec99d843e17dc,0xdfd5293d8e347dfe59e90efd55b2956a1343963d,0x60a305d0fcd8304279b1b98a79ddd3c7f7e2fa20,14962.778999999999,,,,ATA,erc20,"{'value': '0x032b2245a04c9a8f8000', 'address': '0xa2120b9e674d3fc3875f415a7df52e382f141225', 'decimal': '0x12'}",{'blockTimestamp': '2022-12-16T11:32:35.000Z'}
808,0xf72223,0x12b428cbc39741889458aec466fad66512f24a963cb52aacc87df856ddb41ac1:log:56,0x12b428cbc39741889458aec466fad66512f24a963cb52aacc87df856ddb41ac1,0x21a31ee1afc51d94c2efccaa2092ad1028285549,0x0254dd9b2c8d522dd279ca193f704a8293bfad40,616.48891697,,,,ATA,erc20,"{'value': '0x216b809baf9a22a400', 'address': '0xa2120b9e674d3fc3875f415a7df52e382f141225', 'decimal': '0x12'}",{'blockTimestamp': '2022-12-16T08:41:59.000Z'}
809,0xf72163,0x8c05241c59ca5412304b76d5bc0bdb40142ad4c016629e01ffb43257b366fe14:log:54,0x8c05241c59ca5412304b76d5bc0bdb40142ad4c016629e01ffb43257b366fe14,0x28c6c06298d514db089934071355e5743bf21d60,0x975d8c7f9c949667f54e8453b724d3075f72bf17,2294.31,,,,ATA,erc20,"{'value': '0x7c5ff2853982770000', 'address': '0xa2120b9e674d3fc3875f415a7df52e382f141225', 'decimal': '0x12'}",{'blockTimestamp': '2022-12-16T08:03:23.000Z'}
810,0xf71d4d,0x0536a2fa86e233c70dc6d1527f9eddc045dc09ce917103b19039699d51eeb4f9:log:115,0x0536a2fa86e233c70dc6d1527f9eddc045dc09ce917103b19039699d51eeb4f9,0xdfd5293d8e347dfe59e90efd55b2956a1343963d,0xb442e34ffc1edb62b9071405911ee83520184c2d,191.0,,,,ATA,erc20,"{'value': '0x0a5aa85009e39c0000', 'address': '0xa2120b9e674d3fc3875f415a7df52e382f141225', 'decimal': '0x12'}",{'blockTimestamp': '2022-12-16T04:32:47.000Z'}
811,0xf71873,0x743a9823ae8f76047d98004bdd35f1382a89187841e87e666220e6f80f518d1f:log:139,0x743a9823ae8f76047d98004bdd35f1382a89187841e87e666220e6f80f518d1f,0x21a31ee1afc51d94c2efccaa2092ad1028285549,0xaecbd8951de28a3102a3e4adf7872cb718d17659,13775.77373954,,,,ATA,erc20,"{'value': '0x02eac943ccef2c3bc800', 'address': '0xa2120b9e674d3fc3875f415a7df52e382f141225', 'decimal': '0x12'}",{'blockTimestamp': '2022-12-16T00:23:35.000Z'}
812,0xf7186c,0xcf06840b259d93566311b65bb5ea48a85907855f9f97dac01aff2a8f860e01d2:log:149,0xcf06840b259d93566311b65bb5ea48a85907855f9f97dac01aff2a8f860e01d2,0x28c6c06298d514db089934071355e5743bf21d60,0xaecbd8951de28a3102a3e4adf7872cb718d17659,27.0,,,,ATA,erc20,"{'value': '0x0176b344f2a78c0000', 'address': '0xa2120b9e674d3fc3875f415a7df52e382f141225', 'decimal': '0x12'}",{'blockTimestamp': '2022-12-16T00:22:11.000Z'}
813,0xf71515,0x0ee20c4d3f2091801104eabe669f531b3d4fdb99e85cc07769693ae382021102:log:149,0x0ee20c4d3f2091801104eabe669f531b3d4fdb99e85cc07769693ae382021102,0x29984d1f9055cafb02dcdd53c54b727902e44975,0x28c6c06298d514db089934071355e5743bf21d60,427908.8,,,,ATA,erc20,"{'value': '0x5a9cfb870a02f7e00000', 'address': '0xa2120b9e674d3fc3875f415a7df52e382f141225', 'decimal': '0x12'}",{'blockTimestamp': '2022-12-15T21:30:11.000Z'}
814,0xf71506,0xfb59671f1e174c920cb7b0f86568f27204b309fc513853a56863f71cfc12fd59:log:114,0xfb59671f1e174c920cb7b0f86568f27204b309fc513853a56863f71cfc12fd59,0xa9d1e08c7793af67e9d92fe308d5697fb81d3e43,0x7c64cd4cb87a0ae4b81eb3b6c7f4b2f51f6c5607,895.90666328,,,,ATA,erc20,"{'value': '0x309133db8945e66000', 'address': '0xa2120b9e674d3fc3875f415a7df52e382f141225', 'decimal': '0x12'}",{'blockTimestamp': '2022-12-15T21:27:11.000Z'}
815,0xf714f8,0xc6fbe9f17cd5194f4f5faa70d3d5e2881523901e03c95bcd6dce71cec0dca95e:log:37,0xc6fbe9f17cd5194f4f5faa70d3d5e2881523901e03c95bcd6dce71cec0dca95e,0x95b564f3b3bae3f206aa418667ba000afafacc8a,0x29984d1f9055cafb02dcdd53c54b727902e44975,85581.76,,,,ATA,erc20,"{'value': '0x121f65816866fe600000', 'address': '0xa2120b9e674d3fc3875f415a7df52e382f141225', 'decimal': '0x12'}",{'blockTimestamp': '2022-12-15T21:24:23.000Z'}
816,0xf714df,0x5eae0f2314da8a71a41b766165006d0b3a34274ae1b35baa3b4f481ad5efcc30:log:63,0x5eae0f2314da8a71a41b766165006d0b3a34274ae1b35baa3b4f481ad5efcc30,0x95b564f3b3bae3f206aa418667ba000afafacc8a,0x29984d1f9055cafb02dcdd53c54b727902e44975,342327.04,,,,ATA,erc20,"{'value': '0x487d9605a19bf9800000', 'address': '0xa2120b9e674d3fc3875f415a7df52e382f141225', 'decimal': '0x12'}",{'blockTimestamp': '2022-12-15T21:19:23.000Z'}
817,0xf714d5,0xe5ab1c65d9131a9170c8ab1cf948b99b6d1906ae3777306b140faa84ab18ede8:log:74,0xe5ab1c65d9131a9170c8ab1cf948b99b6d1906ae3777306b140faa84ab18ede8,0xedc6bacdc1e29d7c5fa6f6eca6fdd447b9c487c9,0x95b564f3b3bae3f206aa418667ba000afafacc8a,450000.0,,,,ATA,erc20,"{'value': '0x5f4a8c8375d155400000', 'address': '0xa2120b9e674d3fc3875f415a7df52e382f141225', 'decimal': '0x12'}",{'blockTimestamp': '2022-12-15T21:17:23.000Z'}
818,0xf713fd,0xf4b5e73e5bef0ddd56c59abf1eb550fd248be657e8b55c91288014fe66173f64:log:91,0xf4b5e73e5bef0ddd56c59abf1eb550fd248be657e8b55c91288014fe66173f64,0x95b564f3b3bae3f206aa418667ba000afafacc8a,0x553c4b939088f0a259fa37c1b64091a26d564d51,991.34877531,,,,ATA,erc20,"{'value': '0x35bdba5ac0e7160c00', 'address': '0xa2120b9e674d3fc3875f415a7df52e382f141225', 'decimal': '0x12'}",{'blockTimestamp': '2022-12-15T20:33:59.000Z'}
819,0xf71357,0x4156b1fc57ed5d2e0c4a61337b41c594060b538d939a51dc90e1949d65e31234:log:526,0x4156b1fc57ed5d2e0c4a61337b41c594060b538d939a51dc90e1949d65e31234,0xf05e2a70346560d3228c7002194bb7c5dc8fe100,0x28c6c06298d514db089934071355e5743bf21d60,76941.0,,,,ATA,erc20,"{'value': '0x104afadf291c62140000', 'address': '0xa2120b9e674d3fc3875f415a7df52e382f141225', 'decimal': '0x12'}",{'blockTimestamp': '2022-12-15T20:00:23.000Z'}
820,0xf71336,0x5421efc91931ac98643c23e270216fa25592879e73f34a0f8484d24e2b40b085:log:257,0x5421efc91931ac98643c23e270216fa25592879e73f34a0f8484d24e2b40b085,0xf584f8728b874a6a5c7a8d4d387c9aae9172d621,0xf05e2a70346560d3228c7002194bb7c5dc8fe100,76941.0,,,,ATA,erc20,"{'value': '0x104afadf291c62140000', 'address': '0xa2120b9e674d3fc3875f415a7df52e382f141225', 'decimal': '0x12'}",{'blockTimestamp': '2022-12-15T19:53:47.000Z'}
821,0xf70f1d,0x0a90db0fa87b3eb75e98bd1363b1fd7c8e25258c1aff926d375fdf207c9a876d:log:108,0x0a90db0fa87b3eb75e98bd1363b1fd7c8e25258c1aff926d375fdf207c9a876d,0xdfd5293d8e347dfe59e90efd55b2956a1343963d,0x5ba53abe3f75f60cd925a4e8f5a589b93a31d0b0,1778.0,,,,ATA,erc20,"{'value': '0x6062b4ebc094880000', 'address': '0xa2120b9e674d3fc3875f415a7df52e382f141225', 'decimal': '0x12'}",{'blockTimestamp': '2022-12-15T16:22:47.000Z'}
822,0xf70f1a,0x127987443a0370b8bf939bd153cabacc1a9a058dae6ea44ed25d65e35d417039:log:321,0x127987443a0370b8bf939bd153cabacc1a9a058dae6ea44ed25d65e35d417039,0xf05e2a70346560d3228c7002194bb7c5dc8fe100,0x28c6c06298d514db089934071355e5743bf21d60,53491.0,,,,ATA,erc20,"{'value': '0x0b53c0bf648923ec0000', 'address': '0xa2120b9e674d3fc3875f415a7df52e382f141225', 'decimal': '0x12'}",{'blockTimestamp': '2022-12-15T16:22:11.000Z'}
823,0xf70e63,0x3ecee07f59bdd4bbcbc2f56c925fbddf68ecf189d0844852fb15f1659137a663:log:224,0x3ecee07f59bdd4bbcbc2f56c925fbddf68ecf189d0844852fb15f1659137a663,0xf584f8728b874a6a5c7a8d4d387c9aae9172d621,0xf05e2a70346560d3228c7002194bb7c5dc8fe100,53491.0,,,,ATA,erc20,"{'value': '0x0b53c0bf648923ec0000', 'address': '0xa2120b9e674d3fc3875f415a7df52e382f141225', 'decimal': '0x12'}",{'blockTimestamp': '2022-12-15T15:45:35.000Z'}
824,0xf70d3b,0xa25e571bda50086afa48661dd0c14da053a03bb5fcaa5747b64e47d65edbe800:log:19,0xa25e571bda50086afa48661dd0c14da053a03bb5fcaa5747b64e47d65edbe800,0x21a31ee1afc51d94c2efccaa2092ad1028285549,0xad7a6bd214be15f3ed022245bcbc1e81a7a0b68e,1044.464,,,,ATA,erc20,"{'value': '0x389ed98a314b980000', 'address': '0xa2120b9e674d3fc3875f415a7df52e382f141225', 'decimal': '0x12'}",{'blockTimestamp': '2022-12-15T14:45:59.000Z'}
825,0xf70baa,0x402dfbab7837ad061e0ec31100c3950d43cab89ca93d29e329afe2f779297346:log:101,0x402dfbab7837ad061e0ec31100c3950d43cab89ca93d29e329afe2f779297346,0x9e3823fb682339a98782cdf9c379f6a2e346f684,0x5e8a4017927594bcb67dc62476609eec1ed3f815,0.1,,,,ATA,erc20,"{'value': '0x016345785d8a0000', 'address': '0xa2120b9e674d3fc3875f415a7df52e382f141225', 'decimal': '0x12'}",{'blockTimestamp': '2022-12-15T13:25:23.000Z'}
826,0xf70b21,0x81c8ec6cc6afe78bc8a3608d68e37c493185312ff95a86daf8ff758c0b96b7a1:log:25,0x81c8ec6cc6afe78bc8a3608d68e37c493185312ff95a86daf8ff758c0b96b7a1,0x28c6c06298d514db089934071355e5743bf21d60,0x65fcd77576da11acd35b52ef437f2bfb3a47b5d5,822.0,,,,ATA,erc20,"{'value': '0x2c8f8aa4db7b180000', 'address': '0xa2120b9e674d3fc3875f415a7df52e382f141225', 'decimal': '0x12'}",{'blockTimestamp': '2022-12-15T12:57:47.000Z'}
827,0xf707e7,0xc5bd3f7dd81418bc0ca2dea9c028ca5971d75f4ff75f9ce192104ad558d952b7:log:223,0xc5bd3f7dd81418bc0ca2dea9c028ca5971d75f4ff75f9ce192104ad558d952b7,0xebd14d5d05ff1146b2c926a3673df18c4f74a1fb,0xf16e9b0d03470827a95cdfd0cb8a8a3b46969b91,1512.587,,,,ATA,erc20,"{'value': '0x51ff5c867879c78000', 'address': '0xa2120b9e674d3fc3875f415a7df52e382f141225', 'decimal': '0x12'}",{'blockTimestamp': '2022-12-15T10:11:47.000Z'}
828,0xf70747,0xc8877bebfc71ea7eae56dcb5d2d7cb0eae4f011d49552ccc8128630f0c860e91:log:118,0xc8877bebfc71ea7eae56dcb5d2d7cb0eae4f011d49552ccc8128630f0c860e91,0x29800c4d078edfd94023dcf7f40e09171e3c18aa,0xebd14d5d05ff1146b2c926a3673df18c4f74a1fb,1512.587,,,,ATA,erc20,"{'value': '0x51ff5c867879c78000', 'address': '0xa2120b9e674d3fc3875f415a7df52e382f141225', 'decimal': '0x12'}",{'blockTimestamp': '2022-12-15T09:39:23.000Z'}
829,0xf7053b,0xe5166b86c1466df385f31828e34c02270c4c6703302958ed33b5b3f617a536e4:log:285,0xe5166b86c1466df385f31828e34c02270c4c6703302958ed33b5b3f617a536e4,0x0f2cf7539d66a118784cec226361e0f3b28cf657,0x5654d65578cda52791879751141f2f3d7dc27fe4,592.38,,,,ATA,erc20,"{'value': '0x201cec876fade60000', 'address': '0xa2120b9e674d3fc3875f415a7df52e382f141225', 'decimal': '0x12'}",{'blockTimestamp': '2022-12-15T07:54:23.000Z'}
830,0xf70534,0x2286f86a2067a75c207b1d03ec6931b2cf1e91d17f0873cd20f50c602777ad83:log:11,0x2286f86a2067a75c207b1d03ec6931b2cf1e91d17f0873cd20f50c602777ad83,0xdfd5293d8e347dfe59e90efd55b2956a1343963d,0x0f2cf7539d66a118784cec226361e0f3b28cf657,592.38,,,,ATA,erc20,"{'value': '0x201cec876fade60000', 'address': '0xa2120b9e674d3fc3875f415a7df52e382f141225', 'decimal': '0x12'}",{'blockTimestamp': '2022-12-15T07:52:59.000Z'}
831,0xf70276,0x6f3427c5b3db82e0d4be802d2dee0539063c45f16794446584443d8ecf5715f4:log:185,0x6f3427c5b3db82e0d4be802d2dee0539063c45f16794446584443d8ecf5715f4,0x6d9635a2e167d5e9cfe153b86577c7aaa4df8e18,0x28c6c06298d514db089934071355e5743bf21d60,44641.07142857143,,,,ATA,erc20,"{'value': '0x0973ff5119c0a7b44924', 'address': '0xa2120b9e674d3fc3875f415a7df52e382f141225', 'decimal': '0x12'}",{'blockTimestamp': '2022-12-15T05:31:23.000Z'}
832,0xf701f5,0xb76ea080b8810fc760ce507d93f063afe3500fe7065e7af1e87dc36e918f9dfe:log:103,0xb76ea080b8810fc760ce507d93f063afe3500fe7065e7af1e87dc36e918f9dfe,0x8fbef0d5e0d37a9e3fa43bfa03c69f73c90ec17e,0x6d9635a2e167d5e9cfe153b86577c7aaa4df8e18,44641.07142857143,,,,ATA,erc20,"{'value': '0x0973ff5119c0a7b44924', 'address': '0xa2120b9e674d3fc3875f415a7df52e382f141225', 'decimal': '0x12'}",{'blockTimestamp': '2022-12-15T05:05:11.000Z'}
833,0xf6ff5c,0x7502d3715696b146c8f9585305810f63c35f75a7221e5b92737ba78466b681c7:log:27,0x7502d3715696b146c8f9585305810f63c35f75a7221e5b92737ba78466b681c7,0xa2120b9e674d3fc3875f415a7df52e382f141225,0x8fbef0d5e0d37a9e3fa43bfa03c69f73c90ec17e,44641.07142857143,,,,ATA,erc20,"{'value': '0x0973ff5119c0a7b44924', 'address': '0xa2120b9e674d3fc3875f415a7df52e382f141225', 'decimal': '0x12'}",{'blockTimestamp': '2022-12-15T02:51:23.000Z'}
834,0xf6fb2b,0x02802f0365ef8666145dbe9ed898dd05b8a377ab3e2efc4f8b1b62ee6f399da3:log:45,0x02802f0365ef8666145dbe9ed898dd05b8a377ab3e2efc4f8b1b62ee6f399da3,0x21a31ee1afc51d94c2efccaa2092ad1028285549,0x191c5def6808a3c736ac9535fb99a9d6ec9f91dd,1587.154,,,,ATA,erc20,"{'value': '0x560a2fb9e5d0550000', 'address': '0xa2120b9e674d3fc3875f415a7df52e382f141225', 'decimal': '0x12'}",{'blockTimestamp': '2022-12-14T23:15:23.000Z'}
835,0xf6fa62,0x1222a99910e98effccfda821cf9e8503d8f98853907834acb4774e62d96ed03c:log:96,0x1222a99910e98effccfda821cf9e8503d8f98853907834acb4774e62d96ed03c,0x28c6c06298d514db089934071355e5743bf21d60,0x1a6008b685d262ad296226b07c163d1593c02449,600.87762031,,,,ATA,erc20,"{'value': '0x2092da2415fb97dc00', 'address': '0xa2120b9e674d3fc3875f415a7df52e382f141225', 'decimal': '0x12'}",{'blockTimestamp': '2022-12-14T22:34:59.000Z'}
836,0xf6f847,0xb6e94e7b19c53c8075f6aade2e46989a178b7571c67b37607a9ab36ff4d6cd86:log:121,0xb6e94e7b19c53c8075f6aade2e46989a178b7571c67b37607a9ab36ff4d6cd86,0xdfd5293d8e347dfe59e90efd55b2956a1343963d,0x548e1bd435fa9ba22a6099441ed6e7bddbad5536,2162.72428915,,,,ATA,erc20,"{'value': '0x753dd42a60a6f36c00', 'address': '0xa2120b9e674d3fc3875f415a7df52e382f141225', 'decimal': '0x12'}",{'blockTimestamp': '2022-12-14T20:46:47.000Z'}
837,0xf6f62a,0xacae11cb2d0d04d548c5985db7f6522e773c0d4b8586f196a8a4eda5947e819f:log:150,0xacae11cb2d0d04d548c5985db7f6522e773c0d4b8586f196a8a4eda5947e819f,0x0d0707963952f2fba59dd06f2b425ace40b492fe,0xc8d9db05e2000b38882732180e6784fa1706d222,21.75465505,,,,ATA,erc20,"{'value': '0x012de80f81c2686400', 'address': '0xa2120b9e674d3fc3875f415a7df52e382f141225', 'decimal': '0x12'}",{'blockTimestamp': '2022-12-14T18:58:23.000Z'}
838,0xf6f4d2,0xa131ea14b002c892c4482327490bdb164df1c03aacabad07438299ca8612b0a9:log:223,0xa131ea14b002c892c4482327490bdb164df1c03aacabad07438299ca8612b0a9,0xf05e2a70346560d3228c7002194bb7c5dc8fe100,0x28c6c06298d514db089934071355e5743bf21d60,35614.0,,,,ATA,erc20,"{'value': '0x078aa388f4f0e9b80000', 'address': '0xa2120b9e674d3fc3875f415a7df52e382f141225', 'decimal': '0x12'}",{'blockTimestamp': '2022-12-14T17:49:11.000Z'}
839,0xf6f389,0x0d38c55237dc276fe49852c76563bbe4111d93bc55bbae8bd55127e7959b620f:log:100,0x0d38c55237dc276fe49852c76563bbe4111d93bc55bbae8bd55127e7959b620f,0x21a31ee1afc51d94c2efccaa2092ad1028285549,0x909e27c1043429dcd8b75dd89cfd2d3b94b567f2,808.0,,,,ATA,erc20,"{'value': '0x2bcd40a70853a00000', 'address': '0xa2120b9e674d3fc3875f415a7df52e382f141225', 'decimal': '0x12'}",{'blockTimestamp': '2022-12-14T16:42:59.000Z'}
840,0xf6f324,0xfa4e93e5bc5bb9d8095c3356e70c6dc0600c64e59c082e1d802d307df597b0b7:log:103,0xfa4e93e5bc5bb9d8095c3356e70c6dc0600c64e59c082e1d802d307df597b0b7,0xf16e9b0d03470827a95cdfd0cb8a8a3b46969b91,0xf05e2a70346560d3228c7002194bb7c5dc8fe100,35614.0,,,,ATA,erc20,"{'value': '0x078aa388f4f0e9b80000', 'address': '0xa2120b9e674d3fc3875f415a7df52e382f141225', 'decimal': '0x12'}",{'blockTimestamp': '2022-12-14T16:22:47.000Z'}
841,0xf6f25f,0x9d1354948dcf2dd0019e6dd473003d21e2484333e22236a1c3734289cfb4a235:log:83,0x9d1354948dcf2dd0019e6dd473003d21e2484333e22236a1c3734289cfb4a235,0x28c6c06298d514db089934071355e5743bf21d60,0x47777d29d6c0d5468257ccb2509694e93e9fb3a2,7585.336,,,,ATA,erc20,"{'value': '0x019b33aef72ade6c0000', 'address': '0xa2120b9e674d3fc3875f415a7df52e382f141225', 'decimal': '0x12'}",{'blockTimestamp': '2022-12-14T15:43:23.000Z'}
842,0xf6f135,0x48b4a3c4c1f5a5cf874cf3e0b70c5d2c2491f02a74cae70a7ecbe9b8d91d51bf:log:283,0x48b4a3c4c1f5a5cf874cf3e0b70c5d2c2491f02a74cae70a7ecbe9b8d91d51bf,0x6ef459e83eef7ded990fc7c15f6de25acac5cefc,0x7743941cbca1a909b304df24a4b62a33519912b5,1200000.0,,,,ATA,erc20,"{'value': '0xfe1c215e8f838e000000', 'address': '0xa2120b9e674d3fc3875f415a7df52e382f141225', 'decimal': '0x12'}",{'blockTimestamp': '2022-12-14T14:43:47.000Z'}
843,0xf6f131,0x4b405653175a3fcf48b8c6d04f917ea3e8182309f9ff9b8f671bb29aba793b18:log:164,0x4b405653175a3fcf48b8c6d04f917ea3e8182309f9ff9b8f671bb29aba793b18,0x7743941cbca1a909b304df24a4b62a33519912b5,0x6ef459e83eef7ded990fc7c15f6de25acac5cefc,10000.0,,,,ATA,erc20,"{'value': '0x021e19e0c9bab2400000', 'address': '0xa2120b9e674d3fc3875f415a7df52e382f141225', 'decimal': '0x12'}",{'blockTimestamp': '2022-12-14T14:42:59.000Z'}
844,0xf6f124,0x3a42c23f09b51c3abc0e88b80574e8aa1148e1b7d95dbd030a08e33844f444c3:log:179,0x3a42c23f09b51c3abc0e88b80574e8aa1148e1b7d95dbd030a08e33844f444c3,0x6ef459e83eef7ded990fc7c15f6de25acac5cefc,0x7743941cbca1a909b304df24a4b62a33519912b5,10000.0,,,,ATA,erc20,"{'value': '0x021e19e0c9bab2400000', 'address': '0xa2120b9e674d3fc3875f415a7df52e382f141225', 'decimal': '0x12'}",{'blockTimestamp': '2022-12-14T14:40:23.000Z'}
845,0xf6f09c,0x7f3730febe04d986087de12e7fe2152df14de2b30a000fce8ffeab927aa042d9:log:215,0x7f3730febe04d986087de12e7fe2152df14de2b30a000fce8ffeab927aa042d9,0xa9d1e08c7793af67e9d92fe308d5697fb81d3e43,0xcf8cbad8c3da81fe3b7058ffe5cf516da569c020,0.22670805,,,,ATA,erc20,"{'value': '0x03256dc533f8b400', 'address': '0xa2120b9e674d3fc3875f415a7df52e382f141225', 'decimal': '0x12'}",{'blockTimestamp': '2022-12-14T14:13:11.000Z'}
846,0xf6ec1a,0x3079da1e7e7c00645b510c2a40fd6bd70cd5bf681c17d9b70961181fb67b0f44:log:63,0x3079da1e7e7c00645b510c2a40fd6bd70cd5bf681c17d9b70961181fb67b0f44,0x21a31ee1afc51d94c2efccaa2092ad1028285549,0x5563e07d9d81c6d8c703ab424e62db2145cd19b8,3102.3732191000004,,,,ATA,erc20,"{'value': '0xa82e13c5b1949c1800', 'address': '0xa2120b9e674d3fc3875f415a7df52e382f141225', 'decimal': '0x12'}",{'blockTimestamp': '2022-12-14T10:20:47.000Z'}
847,0xf6ebf2,0x1abc7bd527e54ac9530eec5262e27690658f19894b08a1f5d5483f35d6166565:log:94,0x1abc7bd527e54ac9530eec5262e27690658f19894b08a1f5d5483f35d6166565,0x28c6c06298d514db089934071355e5743bf21d60,0x5563e07d9d81c6d8c703ab424e62db2145cd19b8,27.0,,,,ATA,erc20,"{'value': '0x0176b344f2a78c0000', 'address': '0xa2120b9e674d3fc3875f415a7df52e382f141225', 'decimal': '0x12'}",{'blockTimestamp': '2022-12-14T10:12:47.000Z'}
848,0xf6ea3c,0x580cc144dcb36392ca945074bd023f320a628f4d616efc3e4cf3d4f0c57806b1:log:205,0x580cc144dcb36392ca945074bd023f320a628f4d616efc3e4cf3d4f0c57806b1,0xf05e2a70346560d3228c7002194bb7c5dc8fe100,0x28c6c06298d514db089934071355e5743bf21d60,48224.0,,,,ATA,erc20,"{'value': '0x0a363a70724c35800000', 'address': '0xa2120b9e674d3fc3875f415a7df52e382f141225', 'decimal': '0x12'}",{'blockTimestamp': '2022-12-14T08:43:59.000Z'}
849,0xf6e70b,0x237c65f54021a9245117b51f4326930fe05d494c43d2952edf71ded102f7b8f2:log:16,0x237c65f54021a9245117b51f4326930fe05d494c43d2952edf71ded102f7b8f2,0xdfd5293d8e347dfe59e90efd55b2956a1343963d,0x517fbbd404e9ebb0afcc22fcc51d6546aa4a5e03,27.0,,,,ATA,erc20,"{'value': '0x0176b344f2a78c0000', 'address': '0xa2120b9e674d3fc3875f415a7df52e382f141225', 'decimal': '0x12'}",{'blockTimestamp': '2022-12-14T05:58:47.000Z'}
850,0xf6e698,0x2fbad6a977459dabfbd02e46ec388b8fb2c20d64c7b01215335e61c3a0a28b1c:log:172,0x2fbad6a977459dabfbd02e46ec388b8fb2c20d64c7b01215335e61c3a0a28b1c,0x733c5570597e609c796399333f0a176e444386ee,0xf16e9b0d03470827a95cdfd0cb8a8a3b46969b91,8406.0,,,,ATA,erc20,"{'value': '0x01c7b0af2f1a6d980000', 'address': '0xa2120b9e674d3fc3875f415a7df52e382f141225', 'decimal': '0x12'}",{'blockTimestamp': '2022-12-14T05:35:47.000Z'}
851,0xf6e656,0xb51226c16fccc4bd965596eef3853d03061d1704d0815078c5a2cfab1046a5cf:log:72,0xb51226c16fccc4bd965596eef3853d03061d1704d0815078c5a2cfab1046a5cf,0x21a31ee1afc51d94c2efccaa2092ad1028285549,0x733c5570597e609c796399333f0a176e444386ee,8406.0,,,,ATA,erc20,"{'value': '0x01c7b0af2f1a6d980000', 'address': '0xa2120b9e674d3fc3875f415a7df52e382f141225', 'decimal': '0x12'}",{'blockTimestamp': '2022-12-14T05:22:35.000Z'}
852,0xf6e5cc,0xbb41611f7c756f369baff7ff46e38c7e1c0c9020000ac18594557e6f63ffc0cc:log:322,0xbb41611f7c756f369baff7ff46e38c7e1c0c9020000ac18594557e6f63ffc0cc,0xf584f8728b874a6a5c7a8d4d387c9aae9172d621,0xf05e2a70346560d3228c7002194bb7c5dc8fe100,48224.0,,,,ATA,erc20,"{'value': '0x0a363a70724c35800000', 'address': '0xa2120b9e674d3fc3875f415a7df52e382f141225', 'decimal': '0x12'}",{'blockTimestamp': '2022-12-14T04:54:59.000Z'}
853,0xf6e423,0xcd0875bcd863cb5d0eba060c2bec44e3753065b0121eab3fff0ba55c5dfbd882:log:173,0xcd0875bcd863cb5d0eba060c2bec44e3753065b0121eab3fff0ba55c5dfbd882,0x28c6c06298d514db089934071355e5743bf21d60,0x46491ac7e3365effd2f838228a29c014269427df,1642.0,,,,ATA,erc20,"{'value': '0x590353dc4fa7680000', 'address': '0xa2120b9e674d3fc3875f415a7df52e382f141225', 'decimal': '0x12'}",{'blockTimestamp': '2022-12-14T03:29:47.000Z'}
854,0xf6df2f,0x5a3b5bd89534be5d9582d4925802aa7ef518d76f14dbc986c66f5ca5673ecd25:log:77,0x5a3b5bd89534be5d9582d4925802aa7ef518d76f14dbc986c66f5ca5673ecd25,0xdfd5293d8e347dfe59e90efd55b2956a1343963d,0x3a9450dfe0bc8ef671d73f777155dd0db089684b,1038.22277542,,,,ATA,erc20,"{'value': '0x38483c41812541d800', 'address': '0xa2120b9e674d3fc3875f415a7df52e382f141225', 'decimal': '0x12'}",{'blockTimestamp': '2022-12-13T23:15:23.000Z'}
855,0xf6d9b9,0x6f2ae67943a378365f1929d7b109c1cab6972a98a591c26cc4cd85158c1b7ee3:log:120,0x6f2ae67943a378365f1929d7b109c1cab6972a98a591c26cc4cd85158c1b7ee3,0x21a31ee1afc51d94c2efccaa2092ad1028285549,0xc03ebdfb4cd28e1ab422e9033bac042a0a16d4bf,2240.333,,,,ATA,erc20,"{'value': '0x7972ddb1b501348000', 'address': '0xa2120b9e674d3fc3875f415a7df52e382f141225', 'decimal': '0x12'}",{'blockTimestamp': '2022-12-13T18:34:11.000Z'}
856,0xf6d97f,0x6e6a5dccf651bfb0608e4fb671542567fceee8989f103c2b563a9d257210f642:log:128,0x6e6a5dccf651bfb0608e4fb671542567fceee8989f103c2b563a9d257210f642,0x28c6c06298d514db089934071355e5743bf21d60,0x88e69c398672f4c59ee9c520c36940a327076875,10372.591,,,,ATA,erc20,"{'value': '0x02324c9dee2855d18000', 'address': '0xa2120b9e674d3fc3875f415a7df52e382f141225', 'decimal': '0x12'}",{'blockTimestamp': '2022-12-13T18:22:35.000Z'}
857,0xf6d76d,0x6244980a4ba7f9a5fec2a7f93144644d0be1e890879b0f781678cdc2ef7339e8:log:282,0x6244980a4ba7f9a5fec2a7f93144644d0be1e890879b0f781678cdc2ef7339e8,0xdfd5293d8e347dfe59e90efd55b2956a1343963d,0x18ec73d2081fa24bfaa8bfd999e0e0086b98a432,1559.413,,,,ATA,erc20,"{'value': '0x548933e56036388000', 'address': '0xa2120b9e674d3fc3875f415a7df52e382f141225', 'decimal': '0x12'}",{'blockTimestamp': '2022-12-13T16:36:23.000Z'}
858,0xf6d71f,0x0864cdb6406989ca87c40086ef2cf5c2371d0cfc53ad23b9855d476009f2a376:log:79,0x0864cdb6406989ca87c40086ef2cf5c2371d0cfc53ad23b9855d476009f2a376,0x21a31ee1afc51d94c2efccaa2092ad1028285549,0x70f591b8fbb64a6c458b1a452562a65a06114bf3,14019.51269795,,,,ATA,erc20,"{'value': '0x02f7ffd288394bfe2c00', 'address': '0xa2120b9e674d3fc3875f415a7df52e382f141225', 'decimal': '0x12'}",{'blockTimestamp': '2022-12-13T16:20:35.000Z'}
859,0xf6d5f8,0x1ab9fea90a73ca5daf09e2231472e626393c2a7efe022ad4ba0677e2e6f27a75:log:183,0x1ab9fea90a73ca5daf09e2231472e626393c2a7efe022ad4ba0677e2e6f27a75,0xe07cc845fe401f5c7fa8bfb71e940b774ca77632,0x0d0707963952f2fba59dd06f2b425ace40b492fe,30606.999999999996,,,,ATA,erc20,"{'value': '0x067b35739129fcdc0000', 'address': '0xa2120b9e674d3fc3875f415a7df52e382f141225', 'decimal': '0x12'}",{'blockTimestamp': '2022-12-13T15:21:11.000Z'}
860,0xf6d5a3,0x7d1fc567d2919bf7c3412181138c9955c9f53896f10f771bb78da8d0ebf36b4f:log:50,0x7d1fc567d2919bf7c3412181138c9955c9f53896f10f771bb78da8d0ebf36b4f,0x28c6c06298d514db089934071355e5743bf21d60,0xe07cc845fe401f5c7fa8bfb71e940b774ca77632,30606.999999999996,,,,ATA,erc20,"{'value': '0x067b35739129fcdc0000', 'address': '0xa2120b9e674d3fc3875f415a7df52e382f141225', 'decimal': '0x12'}",{'blockTimestamp': '2022-12-13T15:03:59.000Z'}
861,0xf6d570,0xeda0e010e096054b99c4fcf8975fd9d130b66cd35cf202f2f704880a267802f4:log:152,0xeda0e010e096054b99c4fcf8975fd9d130b66cd35cf202f2f704880a267802f4,0xdfd5293d8e347dfe59e90efd55b2956a1343963d,0xc9d73c2fba169afb2c159f1ce07b16ef696ce972,17767.0,,,,ATA,erc20,"{'value': '0x03c326a7ee664d3c0000', 'address': '0xa2120b9e674d3fc3875f415a7df52e382f141225', 'decimal': '0x12'}",{'blockTimestamp': '2022-12-13T14:53:47.000Z'}
862,0xf6d411,0x31b5f284026c61bc1baeaa62e7cf65faa99365f9a897212e3c43d17081f05fab:log:451,0x31b5f284026c61bc1baeaa62e7cf65faa99365f9a897212e3c43d17081f05fab,0x733c5570597e609c796399333f0a176e444386ee,0xf16e9b0d03470827a95cdfd0cb8a8a3b46969b91,55140.0,,,,ATA,erc20,"{'value': '0x0bad25383fc25f100000', 'address': '0xa2120b9e674d3fc3875f415a7df52e382f141225', 'decimal': '0x12'}",{'blockTimestamp': '2022-12-13T13:41:59.000Z'}
863,0xf6d364,0x0a8c4246cef2710a54678c7d7e192d527ab00d4fd10f1092603da1c4d51ea76a:log:48,0x0a8c4246cef2710a54678c7d7e192d527ab00d4fd10f1092603da1c4d51ea76a,0x21a31ee1afc51d94c2efccaa2092ad1028285549,0x733c5570597e609c796399333f0a176e444386ee,55140.0,,,,ATA,erc20,"{'value': '0x0bad25383fc25f100000', 'address': '0xa2120b9e674d3fc3875f415a7df52e382f141225', 'decimal': '0x12'}",{'blockTimestamp': '2022-12-13T13:06:11.000Z'}
864,0xf6d35d,0xfe63478f3d44af3550e5a8dfea11c43e48277ea0706e3815f07b41ebc53aa774:log:33,0xfe63478f3d44af3550e5a8dfea11c43e48277ea0706e3815f07b41ebc53aa774,0x28c6c06298d514db089934071355e5743bf21d60,0x3b699120321578e81d025fff9d2b62bcc2bdee27,210.81879581,,,,ATA,erc20,"{'value': '0x0b6db2d1d2c6a8d400', 'address': '0xa2120b9e674d3fc3875f415a7df52e382f141225', 'decimal': '0x12'}",{'blockTimestamp': '2022-12-13T13:04:47.000Z'}
865,0xf6d1eb,0xd4ccaed6055fa803d7bc14f80d8618ad5658719bef514c7b10d1c5ce43d0d648:log:102,0xd4ccaed6055fa803d7bc14f80d8618ad5658719bef514c7b10d1c5ce43d0d648,0xdfd5293d8e347dfe59e90efd55b2956a1343963d,0xfc220fb83314b4b1e00421777cb579a68f17c439,5094.331,,,,ATA,erc20,"{'value': '0x01142a0b6d93dc7f8000', 'address': '0xa2120b9e674d3fc3875f415a7df52e382f141225', 'decimal': '0x12'}",{'blockTimestamp': '2022-12-13T11:50:11.000Z'}
866,0xf6d1e6,0xd334d1b66dff8566eb1a5695d8e1adad7e8a393f629860ea327d5412156cab78:log:121,0xd334d1b66dff8566eb1a5695d8e1adad7e8a393f629860ea327d5412156cab78,0x43fed72b921af413aad831cebd221697b18da54f,0x1157a2076b9bb22a85cc2c162f20fab3898f4101,5914.14723778,,,,ATA,erc20,"{'value': '0x01409b47ca441292c800', 'address': '0xa2120b9e674d3fc3875f415a7df52e382f141225', 'decimal': '0x12'}",{'blockTimestamp': '2022-12-13T11:49:11.000Z'}
867,0xf6d1dd,0x8a9d401a870e4ef6b5b9d0dec3af55a03da55d662329b325b55ef0a68ae44a24:log:83,0x8a9d401a870e4ef6b5b9d0dec3af55a03da55d662329b325b55ef0a68ae44a24,0x21a31ee1afc51d94c2efccaa2092ad1028285549,0x43fed72b921af413aad831cebd221697b18da54f,5880.14723778,,,,ATA,erc20,"{'value': '0x013ec36f8667d74ac800', 'address': '0xa2120b9e674d3fc3875f415a7df52e382f141225', 'decimal': '0x12'}",{'blockTimestamp': '2022-12-13T11:47:23.000Z'}
868,0xf6d191,0xfdb992f7ef80b0165ddcc59f2473fe6534cc2ed56ac9f1e91fe83f7a9b8f6816:log:33,0xfdb992f7ef80b0165ddcc59f2473fe6534cc2ed56ac9f1e91fe83f7a9b8f6816,0x28c6c06298d514db089934071355e5743bf21d60,0x43fed72b921af413aad831cebd221697b18da54f,34.0,,,,ATA,erc20,"{'value': '0x01d7d843dc3b480000', 'address': '0xa2120b9e674d3fc3875f415a7df52e382f141225', 'decimal': '0x12'}",{'blockTimestamp': '2022-12-13T11:32:11.000Z'}
869,0xf6d0d2,0xd6b787dc24c5342a316c86b3f8b0e81873399fe26a390f824e023172a5b905be:log:82,0xd6b787dc24c5342a316c86b3f8b0e81873399fe26a390f824e023172a5b905be,0xdfd5293d8e347dfe59e90efd55b2956a1343963d,0x8517911ebd824aa987514db097cbee92c1ab546f,1250.40239916,,,,ATA,erc20,"{'value': '0x43c8d1b51ec3ff3000', 'address': '0xa2120b9e674d3fc3875f415a7df52e382f141225', 'decimal': '0x12'}",{'blockTimestamp': '2022-12-13T10:53:35.000Z'}
870,0xf6d0af,0xf8b16398e05b4333eebddcc9e1884b43b517443fa7436c3e074ebc9d4d1d74fa:log:53,0xf8b16398e05b4333eebddcc9e1884b43b517443fa7436c3e074ebc9d4d1d74fa,0x21a31ee1afc51d94c2efccaa2092ad1028285549,0x64fc133c789c0285da431222efe6e1313bcf7dba,453.0,,,,ATA,erc20,"{'value': '0x188ea34be733f40000', 'address': '0xa2120b9e674d3fc3875f415a7df52e382f141225', 'decimal': '0x12'}",{'blockTimestamp': '2022-12-13T10:46:35.000Z'}
871,0xf6ce52,0xd49fef6c19f391989be6866399866cab02e73029dd4529a023f527689645ebfc:log:161,0xd49fef6c19f391989be6866399866cab02e73029dd4529a023f527689645ebfc,0x28c6c06298d514db089934071355e5743bf21d60,0xcab7210ba688dbe87d7b364ff4f6653dfb869fc9,516815.64815131,,,,ATA,erc20,"{'value': '0x6d70a1e69af5531d0c00', 'address': '0xa2120b9e674d3fc3875f415a7df52e382f141225', 'decimal': '0x12'}",{'blockTimestamp': '2022-12-13T08:45:11.000Z'}
872,0xf6ce3c,0x67ea28be1715b39e2c1404c7bc9290eef5cb7628eca7e4158f5ef9aede59cc01:log:12,0x67ea28be1715b39e2c1404c7bc9290eef5cb7628eca7e4158f5ef9aede59cc01,0x28c6c06298d514db089934071355e5743bf21d60,0x21a31ee1afc51d94c2efccaa2092ad1028285549,566665.54507488,,,,ATA,erc20,"{'value': '0x77ff00314adf2ee78000', 'address': '0xa2120b9e674d3fc3875f415a7df52e382f141225', 'decimal': '0x12'}",{'blockTimestamp': '2022-12-13T08:40:47.000Z'}
873,0xf6ce3b,0x07273b68af4ec912730ce7896919fb36c175996e48a50bdeb13d7034d22e20a2:log:81,0x07273b68af4ec912730ce7896919fb36c175996e48a50bdeb13d7034d22e20a2,0x28c6c06298d514db089934071355e5743bf21d60,0xdfd5293d8e347dfe59e90efd55b2956a1343963d,566665.99854599,,,,ATA,erc20,"{'value': '0x77ff067c58719a5b3c00', 'address': '0xa2120b9e674d3fc3875f415a7df52e382f141225', 'decimal': '0x12'}",{'blockTimestamp': '2022-12-13T08:40:35.000Z'}
874,0xf6ce3a,0x6caa817d4d40f3b46401abcec0f05e3ef5437d7e0731d66252cb9abf9545c28c:log:87,0x6caa817d4d40f3b46401abcec0f05e3ef5437d7e0731d66252cb9abf9545c28c,0x28c6c06298d514db089934071355e5743bf21d60,0xa6fa2111c871a82fb61dcbceee1087f2c1b96052,3334.5090444099997,,,,ATA,erc20,"{'value': '0xb4c39be4e7a14ac400', 'address': '0xa2120b9e674d3fc3875f415a7df52e382f141225', 'decimal': '0x12'}",{'blockTimestamp': '2022-12-13T08:40:23.000Z'}
875,0xf6ce0c,0x75840d79cd79be75ea7603dd7efd98a6b789d1be9a8ef78575767b970142c713:log:45,0x75840d79cd79be75ea7603dd7efd98a6b789d1be9a8ef78575767b970142c713,0x5a52e96bacdabb82fd05763e25335261b270efcb,0x28c6c06298d514db089934071355e5743bf21d60,3000000.0,,,,ATA,erc20,"{'value': '0x027b46536c66c8e3000000', 'address': '0xa2120b9e674d3fc3875f415a7df52e382f141225', 'decimal': '0x12'}",{'blockTimestamp': '2022-12-13T08:31:11.000Z'}
876,0xf6cd21,0xca677c84dbe3cba404e78a5bbd4be73cfeca789adb027e33077d22232391bfbc:log:87,0xca677c84dbe3cba404e78a5bbd4be73cfeca789adb027e33077d22232391bfbc,0x28c6c06298d514db089934071355e5743bf21d60,0x98f0562db1c1c1516081cb3eb1846979c3fb5cbe,20360.765,,,,ATA,erc20,"{'value': '0x044fc260538b2e4c8000', 'address': '0xa2120b9e674d3fc3875f415a7df52e382f141225', 'decimal': '0x12'}",{'blockTimestamp': '2022-12-13T07:43:47.000Z'}
877,0xf6cd0a,0x10bf7bd38620eab0798a07bd678cda7fa96c20f15e038e29d7ca9f49feb1ece9:log:136,0x10bf7bd38620eab0798a07bd678cda7fa96c20f15e038e29d7ca9f49feb1ece9,0x28c6c06298d514db089934071355e5743bf21d60,0x29800c4d078edfd94023dcf7f40e09171e3c18aa,1512.587,,,,ATA,erc20,"{'value': '0x51ff5c867879c78000', 'address': '0xa2120b9e674d3fc3875f415a7df52e382f141225', 'decimal': '0x12'}",{'blockTimestamp': '2022-12-13T07:39:11.000Z'}
878,0xf6cc47,0x01b6f29aba39372f85ab2c2b165ee1b38f17832e17a46dcb24a8f5245cb4dfce:log:305,0x01b6f29aba39372f85ab2c2b165ee1b38f17832e17a46dcb24a8f5245cb4dfce,0xf05e2a70346560d3228c7002194bb7c5dc8fe100,0x28c6c06298d514db089934071355e5743bf21d60,95336.0,,,,ATA,erc20,"{'value': '0x14302cc7483950a00000', 'address': '0xa2120b9e674d3fc3875f415a7df52e382f141225', 'decimal': '0x12'}",{'blockTimestamp': '2022-12-13T07:00:11.000Z'}
879,0xf6cbd4,0x9beaf137263befe1304c7b5011f9ae04008d4712d8f4df701bb41d8effd66d6b:log:94,0x9beaf137263befe1304c7b5011f9ae04008d4712d8f4df701bb41d8effd66d6b,0x28c6c06298d514db089934071355e5743bf21d60,0xcab7210ba688dbe87d7b364ff4f6653dfb869fc9,2975.715197,,,,ATA,erc20,"{'value': '0xa1505815a81c88d000', 'address': '0xa2120b9e674d3fc3875f415a7df52e382f141225', 'decimal': '0x12'}",{'blockTimestamp': '2022-12-13T06:37:11.000Z'}
880,0xf6cbc4,0x9157ae0f0967f655c5bee2c3d796684ae80ee665e16773227142c3c8d961c6c8:log:136,0x9157ae0f0967f655c5bee2c3d796684ae80ee665e16773227142c3c8d961c6c8,0xdfd5293d8e347dfe59e90efd55b2956a1343963d,0xcab7210ba688dbe87d7b364ff4f6653dfb869fc9,4721.96,,,,ATA,erc20,"{'value': '0xfffa5be1fbd3840000', 'address': '0xa2120b9e674d3fc3875f415a7df52e382f141225', 'decimal': '0x12'}",{'blockTimestamp': '2022-12-13T06:33:47.000Z'}
881,0xf6cbaa,0x70a9ce946d5b465bd94fe9b23bc0e9b50c66f1e0c186744bdc84ad9af45d8f1e:log:168,0x70a9ce946d5b465bd94fe9b23bc0e9b50c66f1e0c186744bdc84ad9af45d8f1e,0x21a31ee1afc51d94c2efccaa2092ad1028285549,0xcab7210ba688dbe87d7b364ff4f6653dfb869fc9,47789.0,,,,ATA,erc20,"{'value': '0x0a1ea599ff06c6940000', 'address': '0xa2120b9e674d3fc3875f415a7df52e382f141225', 'decimal': '0x12'}",{'blockTimestamp': '2022-12-13T06:28:35.000Z'}
882,0xf6cb92,0x761f6de2dc975cb9de499455572702c2012fb6ad07c900304b1b2e47689b9425:log:95,0x761f6de2dc975cb9de499455572702c2012fb6ad07c900304b1b2e47689b9425,0x21a31ee1afc51d94c2efccaa2092ad1028285549,0xcab7210ba688dbe87d7b364ff4f6653dfb869fc9,4721.961454,,,,ATA,erc20,"{'value': '0xfffa610c639504e000', 'address': '0xa2120b9e674d3fc3875f415a7df52e382f141225', 'decimal': '0x12'}",{'blockTimestamp': '2022-12-13T06:23:47.000Z'}
883,0xf6cb74,0xc5c1f2bb0f0ecc684c8b14ace17ee8ec46b79a97135c987c8b6ec67b6246feef:log:17,0xc5c1f2bb0f0ecc684c8b14ace17ee8ec46b79a97135c987c8b6ec67b6246feef,0xdfd5293d8e347dfe59e90efd55b2956a1343963d,0xcab7210ba688dbe87d7b364ff4f6653dfb869fc9,2975.71519769,,,,ATA,erc20,"{'value': '0xa150581648c3bd4400', 'address': '0xa2120b9e674d3fc3875f415a7df52e382f141225', 'decimal': '0x12'}",{'blockTimestamp': '2022-12-13T06:17:47.000Z'}
884,0xf6cb25,0x350f6f5507550ead1682808882d5466a03a0c82f5a4f73702f650ad2b6927bd4:log:135,0x350f6f5507550ead1682808882d5466a03a0c82f5a4f73702f650ad2b6927bd4,0xf584f8728b874a6a5c7a8d4d387c9aae9172d621,0xf05e2a70346560d3228c7002194bb7c5dc8fe100,95336.0,,,,ATA,erc20,"{'value': '0x14302cc7483950a00000', 'address': '0xa2120b9e674d3fc3875f415a7df52e382f141225', 'decimal': '0x12'}",{'blockTimestamp': '2022-12-13T06:01:35.000Z'}
885,0xf6ca1e,0x5f03857e52b9a146c2948a9b030b6957303a327094e0dea3914f8bb359f6bc8f:log:116,0x5f03857e52b9a146c2948a9b030b6957303a327094e0dea3914f8bb359f6bc8f,0x28c6c06298d514db089934071355e5743bf21d60,0xcab7210ba688dbe87d7b364ff4f6653dfb869fc9,99999.99999999999,,,,ATA,erc20,"{'value': '0x152d02c7e14af6800000', 'address': '0xa2120b9e674d3fc3875f415a7df52e382f141225', 'decimal': '0x12'}",{'blockTimestamp': '2022-12-13T05:08:35.000Z'}
886,0xf6ca1b,0x8dc58e21936f3172c70a52a458dfb987b4190629327c0f5d2837930f86099373:log:125,0x8dc58e21936f3172c70a52a458dfb987b4190629327c0f5d2837930f86099373,0x28c6c06298d514db089934071355e5743bf21d60,0xcab7210ba688dbe87d7b364ff4f6653dfb869fc9,99999.99999999999,,,,ATA,erc20,"{'value': '0x152d02c7e14af6800000', 'address': '0xa2120b9e674d3fc3875f415a7df52e382f141225', 'decimal': '0x12'}",{'blockTimestamp': '2022-12-13T05:07:59.000Z'}
887,0xf6c9f4,0xd8ede69c3f4c7053b72a7332db8f09c56c2df3daeb99bccc8e813cc1cb87c6ec:log:203,0xd8ede69c3f4c7053b72a7332db8f09c56c2df3daeb99bccc8e813cc1cb87c6ec,0x934c20293b62a85ccb6e57ceedb6f1bd3547d223,0x28c6c06298d514db089934071355e5743bf21d60,148803.571429,,,,ATA,erc20,"{'value': '0x1f82a863ab90a2875000', 'address': '0xa2120b9e674d3fc3875f415a7df52e382f141225', 'decimal': '0x12'}",{'blockTimestamp': '2022-12-13T05:00:11.000Z'}
888,0xf6c9e8,0xac9ba804f37a48c1967210f973dbf6579e3944e18faea96e0a70220d9e5e071a:log:693,0xac9ba804f37a48c1967210f973dbf6579e3944e18faea96e0a70220d9e5e071a,0x382f421b79fcb9209aaa06a11fcdaceb88abf00e,0x934c20293b62a85ccb6e57ceedb6f1bd3547d223,148803.57142857142,,,,ATA,erc20,"{'value': '0x1f82a863ab2cd9ae4924', 'address': '0xa2120b9e674d3fc3875f415a7df52e382f141225', 'decimal': '0x12'}",{'blockTimestamp': '2022-12-13T04:57:47.000Z'}
889,0xf6c9db,0x71fc330f59d2fe0f4fdf9adaf8f576c80d7a6e971e919f65e171709dba1604f8:log:218,0x71fc330f59d2fe0f4fdf9adaf8f576c80d7a6e971e919f65e171709dba1604f8,0xa2120b9e674d3fc3875f415a7df52e382f141225,0x382f421b79fcb9209aaa06a11fcdaceb88abf00e,148803.57142857142,,,,ATA,erc20,"{'value': '0x1f82a863ab2cd9ae4924', 'address': '0xa2120b9e674d3fc3875f415a7df52e382f141225', 'decimal': '0x12'}",{'blockTimestamp': '2022-12-13T04:55:11.000Z'}
890,0xf6c99f,0x855eeb64edbdd89ad2ccc263f97d9b063f8c6cc92717e16a021b8851dc3768a6:log:72,0x855eeb64edbdd89ad2ccc263f97d9b063f8c6cc92717e16a021b8851dc3768a6,0xdfd5293d8e347dfe59e90efd55b2956a1343963d,0xcab7210ba688dbe87d7b364ff4f6653dfb869fc9,99999.99999999999,,,,ATA,erc20,"{'value': '0x152d02c7e14af6800000', 'address': '0xa2120b9e674d3fc3875f415a7df52e382f141225', 'decimal': '0x12'}",{'blockTimestamp': '2022-12-13T04:43:11.000Z'}
891,0xf6c97e,0x7ace528a9ee4d6e8f93668f6fedcc09d93cfac03a827f36868d87ed533f8559d:log:52,0x7ace528a9ee4d6e8f93668f6fedcc09d93cfac03a827f36868d87ed533f8559d,0xdfd5293d8e347dfe59e90efd55b2956a1343963d,0xcab7210ba688dbe87d7b364ff4f6653dfb869fc9,99999.99999999999,,,,ATA,erc20,"{'value': '0x152d02c7e14af6800000', 'address': '0xa2120b9e674d3fc3875f415a7df52e382f141225', 'decimal': '0x12'}",{'blockTimestamp': '2022-12-13T04:36:35.000Z'}
892,0xf6c8d9,0x265fedebae54bb7c4ee60572fff1cc07823933537747ffa08dce694390054cf7:log:71,0x265fedebae54bb7c4ee60572fff1cc07823933537747ffa08dce694390054cf7,0x21a31ee1afc51d94c2efccaa2092ad1028285549,0x6ef459e83eef7ded990fc7c15f6de25acac5cefc,199999.99999999997,,,,ATA,erc20,"{'value': '0x2a5a058fc295ed000000', 'address': '0xa2120b9e674d3fc3875f415a7df52e382f141225', 'decimal': '0x12'}",{'blockTimestamp': '2022-12-13T04:03:35.000Z'}
893,0xf6c8b7,0x64e240c01806014988a8734d0a3b213b6294eeca2b537e923fa758869781bfe8:log:125,0x64e240c01806014988a8734d0a3b213b6294eeca2b537e923fa758869781bfe8,0xdfd5293d8e347dfe59e90efd55b2956a1343963d,0xcab7210ba688dbe87d7b364ff4f6653dfb869fc9,20000.0,,,,ATA,erc20,"{'value': '0x043c33c1937564800000', 'address': '0xa2120b9e674d3fc3875f415a7df52e382f141225', 'decimal': '0x12'}",{'blockTimestamp': '2022-12-13T03:56:47.000Z'}
894,0xf6c883,0x8f5712d47ee8c1019a5f87656ad62da8a4a66f14ffa91edc416b9d190bc99f92:log:57,0x8f5712d47ee8c1019a5f87656ad62da8a4a66f14ffa91edc416b9d190bc99f92,0x28c6c06298d514db089934071355e5743bf21d60,0x6ef459e83eef7ded990fc7c15f6de25acac5cefc,980000.0000000001,,,,ATA,erc20,"{'value': '0xcf85e80d39783c800000', 'address': '0xa2120b9e674d3fc3875f415a7df52e382f141225', 'decimal': '0x12'}",{'blockTimestamp': '2022-12-13T03:46:23.000Z'}
895,0xf6c862,0xf1f57cd8c73a7b5db269350c20e66ad0afa5a19454817e7c84ea880229c62c77:log:108,0xf1f57cd8c73a7b5db269350c20e66ad0afa5a19454817e7c84ea880229c62c77,0x28c6c06298d514db089934071355e5743bf21d60,0x6ef459e83eef7ded990fc7c15f6de25acac5cefc,20000.0,,,,ATA,erc20,"{'value': '0x043c33c1937564800000', 'address': '0xa2120b9e674d3fc3875f415a7df52e382f141225', 'decimal': '0x12'}",{'blockTimestamp': '2022-12-13T03:39:47.000Z'}
896,0xf6b5d0,0xd51dfcbeaa5cff8675ec688d498edf3dd65a1c640596a46bc60005d318d21100:log:86,0xd51dfcbeaa5cff8675ec688d498edf3dd65a1c640596a46bc60005d318d21100,0xdfd5293d8e347dfe59e90efd55b2956a1343963d,0xc55d57cb3f503000d7834426473e88f7ecaa3d31,24886.3233483,,,,ATA,erc20,"{'value': '0x0545171d5fe30351f800', 'address': '0xa2120b9e674d3fc3875f415a7df52e382f141225', 'decimal': '0x12'}",{'blockTimestamp': '2022-12-12T11:42:59.000Z'}
897,0xf6b5c1,0xfe0214477fb952a250c19a1b4913034ae26b2b38ddb18708e2f020e258e0efd6:log:213,0xfe0214477fb952a250c19a1b4913034ae26b2b38ddb18708e2f020e258e0efd6,0x21a31ee1afc51d94c2efccaa2092ad1028285549,0xc55d57cb3f503000d7834426473e88f7ecaa3d31,73.0,,,,ATA,erc20,"{'value': '0x03f514193abb840000', 'address': '0xa2120b9e674d3fc3875f415a7df52e382f141225', 'decimal': '0x12'}",{'blockTimestamp': '2022-12-12T11:39:59.000Z'}
898,0xf6ae31,0x06ee226d657d27d04a47f7aa669315d41b5d393a0e68c05678871e962f1b38dc:log:40,0x06ee226d657d27d04a47f7aa669315d41b5d393a0e68c05678871e962f1b38dc,0x28c6c06298d514db089934071355e5743bf21d60,0xf1ccf19f71d820db4cd1263516a958d3e6272021,5956.2467,,,,ATA,erc20,"{'value': '0x0142e387201a3ca6c000', 'address': '0xa2120b9e674d3fc3875f415a7df52e382f141225', 'decimal': '0x12'}",{'blockTimestamp': '2022-12-12T05:09:47.000Z'}
899,0xf6ae1d,0xa40f4754065d7786b8d7a497226647c247a7fd170c844bc71d416dcfeaa42312:log:126,0xa40f4754065d7786b8d7a497226647c247a7fd170c844bc71d416dcfeaa42312,0x689e0e01cece567f1201535812d7a6aec0e890c0,0x28c6c06298d514db089934071355e5743bf21d60,4835.30574,,,,ATA,erc20,"{'value': '0x01061f58d7fb734cc000', 'address': '0xa2120b9e674d3fc3875f415a7df52e382f141225', 'decimal': '0x12'}",{'blockTimestamp': '2022-12-12T05:05:47.000Z'}
900,0xf6ad58,0x6d57a0237bae00563b899dd4dab8a8593ebfa4ed572c4bd395ae545ddfc0a669:log:188,0x6d57a0237bae00563b899dd4dab8a8593ebfa4ed572c4bd395ae545ddfc0a669,0x3c02290922a3618a4646e3bbca65853ea45fe7c6,0x689e0e01cece567f1201535812d7a6aec0e890c0,4835.30574018,,,,ATA,erc20,"{'value': '0x01061f58d8255c22c800', 'address': '0xa2120b9e674d3fc3875f415a7df52e382f141225', 'decimal': '0x12'}",{'blockTimestamp': '2022-12-12T04:26:23.000Z'}
901,0xf6ad34,0x475cabb42b43f6424151e59a46c2574c8d80fb5ea843ac6a82bb884657d46bed:log:248,0x475cabb42b43f6424151e59a46c2574c8d80fb5ea843ac6a82bb884657d46bed,0xf05e2a70346560d3228c7002194bb7c5dc8fe100,0x28c6c06298d514db089934071355e5743bf21d60,44955.0,,,,ATA,erc20,"{'value': '0x098503f36e33b58c0000', 'address': '0xa2120b9e674d3fc3875f415a7df52e382f141225', 'decimal': '0x12'}",{'blockTimestamp': '2022-12-12T04:18:59.000Z'}
902,0xf6ac18,0xd51d0b832d1740532fb05329bcfa355b31d0621931e2d9cfc4bdf031b002dc6d:log:311,0xd51d0b832d1740532fb05329bcfa355b31d0621931e2d9cfc4bdf031b002dc6d,0xf584f8728b874a6a5c7a8d4d387c9aae9172d621,0xf05e2a70346560d3228c7002194bb7c5dc8fe100,44955.0,,,,ATA,erc20,"{'value': '0x098503f36e33b58c0000', 'address': '0xa2120b9e674d3fc3875f415a7df52e382f141225', 'decimal': '0x12'}",{'blockTimestamp': '2022-12-12T03:21:59.000Z'}
903,0xf6aaec,0xbc3bd93a244c8839c8e6d88351c25685f286de53c06e39428eb7209b626654bd:log:923,0xbc3bd93a244c8839c8e6d88351c25685f286de53c06e39428eb7209b626654bd,0x28c6c06298d514db089934071355e5743bf21d60,0xf977814e90da44bfa03b6295a0616a897441acec,2986294.272,,,,ATA,erc20,"{'value': '0x02785f563d0ed806000000', 'address': '0xa2120b9e674d3fc3875f415a7df52e382f141225', 'decimal': '0x12'}",{'blockTimestamp': '2022-12-12T02:21:59.000Z'}
904,0xf6aaec,0x1a6ddc7afd8b4e4c9dd56021f30e5527296f977bfe2d27e54b811539e0f66dc2:log:922,0x1a6ddc7afd8b4e4c9dd56021f30e5527296f977bfe2d27e54b811539e0f66dc2,0x21a31ee1afc51d94c2efccaa2092ad1028285549,0xf977814e90da44bfa03b6295a0616a897441acec,221336.305,,,,ATA,erc20,"{'value': '0x2edeaa46637f33de8000', 'address': '0xa2120b9e674d3fc3875f415a7df52e382f141225', 'decimal': '0x12'}",{'blockTimestamp': '2022-12-12T02:21:59.000Z'}
905,0xf6aae5,0x81f8ba015a3de0f2fbe00acb58abaab6302890d18eda3fc104cdf878d90a92c0:log:74,0x81f8ba015a3de0f2fbe00acb58abaab6302890d18eda3fc104cdf878d90a92c0,0x28c6c06298d514db089934071355e5743bf21d60,0xdfd5293d8e347dfe59e90efd55b2956a1343963d,137009.25669969,,,,ATA,erc20,"{'value': '0x1d0349646637128b2400', 'address': '0xa2120b9e674d3fc3875f415a7df52e382f141225', 'decimal': '0x12'}",{'blockTimestamp': '2022-12-12T02:20:35.000Z'}
906,0xf67c2f,0xa15cbbf8650e9f74c814ef373fbd4ef16e1445240409306145c99a35b22b216c:log:125,0xa15cbbf8650e9f74c814ef373fbd4ef16e1445240409306145c99a35b22b216c,0xeed44b6fd91364dd5bd6ee96d79a578531426286,0x7dd8364b72f8e709c3d77986bec00b6a76759d0c,1900.0,,,,ATA,erc20,"{'value': '0x66ffcbfd5e5a300000', 'address': '0xa2120b9e674d3fc3875f415a7df52e382f141225', 'decimal': '0x12'}",{'blockTimestamp': '2022-12-10T10:16:47.000Z'}
907,0xf67c29,0x195b049345c9d4cd36f07ab0278c319e44d53a048f808d9c38a8e20d9ef3d5d4:log:62,0x195b049345c9d4cd36f07ab0278c319e44d53a048f808d9c38a8e20d9ef3d5d4,0x21a31ee1afc51d94c2efccaa2092ad1028285549,0xeed44b6fd91364dd5bd6ee96d79a578531426286,17814.487620879998,,,,ATA,erc20,"{'value': '0x03c5b9add9fd620ea000', 'address': '0xa2120b9e674d3fc3875f415a7df52e382f141225', 'decimal': '0x12'}",{'blockTimestamp': '2022-12-10T10:15:35.000Z'}
908,0xf67a32,0x829caef70f46d8f340a0597e77103f38744c1d0326a72987ff445ad2191e06a7:log:95,0x829caef70f46d8f340a0597e77103f38744c1d0326a72987ff445ad2191e06a7,0xf16e9b0d03470827a95cdfd0cb8a8a3b46969b91,0x719cd1aa16670f3fdbe80f25c5a0bc5fd839e62a,3354.2502,,,,ATA,erc20,"{'value': '0xb5d59291521ef58000', 'address': '0xa2120b9e674d3fc3875f415a7df52e382f141225', 'decimal': '0x12'}",{'blockTimestamp': '2022-12-10T08:34:35.000Z'}
909,0xf67626,0x7d1214b476a56fe9f916fe979d231573412b2e5d7caeada1eef3cdf45dce60f2:log:354,0x7d1214b476a56fe9f916fe979d231573412b2e5d7caeada1eef3cdf45dce60f2,0xbf786d2c25f1373858302efc18aa0a25c9f0bfd9,0x3411685262b7412663981eb7c85efcab0b02179f,1085.0,,,,ATA,erc20,"{'value': '0x3ad166576c72d40000', 'address': '0xa2120b9e674d3fc3875f415a7df52e382f141225', 'decimal': '0x12'}",{'blockTimestamp': '2022-12-10T05:05:59.000Z'}
910,0xf67603,0x27d81f95d7fcb656e552c3052a14878cea274e380fbf75fa8004f03dacb87b3e:log:66,0x27d81f95d7fcb656e552c3052a14878cea274e380fbf75fa8004f03dacb87b3e,0x28c6c06298d514db089934071355e5743bf21d60,0xbf786d2c25f1373858302efc18aa0a25c9f0bfd9,7124.0,,,,ATA,erc20,"{'value': '0x0182315c3f6e2ad00000', 'address': '0xa2120b9e674d3fc3875f415a7df52e382f141225', 'decimal': '0x12'}",{'blockTimestamp': '2022-12-10T04:58:47.000Z'}
911,0xf66e27,0x91f2bbf7227a3083f6187691d34252807b5224b8648728827df5173dba91e8b8:log:381,0x91f2bbf7227a3083f6187691d34252807b5224b8648728827df5173dba91e8b8,0x3a63d865bfc12d75a3fe68b37c000449d8b74e97,0xf16e9b0d03470827a95cdfd0cb8a8a3b46969b91,31250.0,,,,ATA,erc20,"{'value': '0x069e10de76676d080000', 'address': '0xa2120b9e674d3fc3875f415a7df52e382f141225', 'decimal': '0x12'}",{'blockTimestamp': '2022-12-09T22:13:47.000Z'}
912,0xf66d9e,0x94be0ce95d34845ec175ad478bc06e88cf258057824d6e1ba45ae0b58b1302a5:log:190,0x94be0ce95d34845ec175ad478bc06e88cf258057824d6e1ba45ae0b58b1302a5,0x9f62257406227b87724ea6b049cfab63c42df407,0x3a63d865bfc12d75a3fe68b37c000449d8b74e97,31250.0,,,,ATA,erc20,"{'value': '0x069e10de76676d080000', 'address': '0xa2120b9e674d3fc3875f415a7df52e382f141225', 'decimal': '0x12'}",{'blockTimestamp': '2022-12-09T21:46:11.000Z'}
913,0xf66d91,0x249db3b773b2cf0c102b906e8cc982754cf24992b7da308ab4496bef9c006bcf:log:100,0x249db3b773b2cf0c102b906e8cc982754cf24992b7da308ab4496bef9c006bcf,0xa2120b9e674d3fc3875f415a7df52e382f141225,0x9f62257406227b87724ea6b049cfab63c42df407,31250.0,,,,ATA,erc20,"{'value': '0x069e10de76676d080000', 'address': '0xa2120b9e674d3fc3875f415a7df52e382f141225', 'decimal': '0x12'}",{'blockTimestamp': '2022-12-09T21:43:35.000Z'}
914,0xf669ef,0xd18ddcdce649311ce8990f81c63c9be5b86b7302282425fb62cba574b3f30750:log:41,0xd18ddcdce649311ce8990f81c63c9be5b86b7302282425fb62cba574b3f30750,0xf16e9b0d03470827a95cdfd0cb8a8a3b46969b91,0xba35acfd5fcdaa241afc5a1120607ae1f4f6a37a,901.6228,,,,ATA,erc20,"{'value': '0x30e087a79901110000', 'address': '0xa2120b9e674d3fc3875f415a7df52e382f141225', 'decimal': '0x12'}",{'blockTimestamp': '2022-12-09T18:36:47.000Z'}
915,0xf66151,0x2a86c91ad0a45cd20261fbd3ef6d683d8b5c88a74e8cd6590e5103ea8e77de19:log:165,0x2a86c91ad0a45cd20261fbd3ef6d683d8b5c88a74e8cd6590e5103ea8e77de19,0x7f229404ea9a34e69d36d8d7aa29ae5f2903feb5,0x7a01230827fb7f12517c08c66530eb749bdd50ba,5000.0,,,,ATA,erc20,"{'value': '0x010f0cf064dd59200000', 'address': '0xa2120b9e674d3fc3875f415a7df52e382f141225', 'decimal': '0x12'}",{'blockTimestamp': '2022-12-09T11:13:11.000Z'}
916,0xf66127,0x1cdddd468d8150c9db711e90d4959d6d4a8a7e22adb900f2931c720dd2aaf084:log:125,0x1cdddd468d8150c9db711e90d4959d6d4a8a7e22adb900f2931c720dd2aaf084,0xdfd5293d8e347dfe59e90efd55b2956a1343963d,0x7f229404ea9a34e69d36d8d7aa29ae5f2903feb5,5000.0,,,,ATA,erc20,"{'value': '0x010f0cf064dd59200000', 'address': '0xa2120b9e674d3fc3875f415a7df52e382f141225', 'decimal': '0x12'}",{'blockTimestamp': '2022-12-09T11:04:35.000Z'}
917,0xf65c99,0xfa310b51502bd366eef1bc82c3c0b4153150c46cc76e0a3597711f5be9390706:log:110,0xfa310b51502bd366eef1bc82c3c0b4153150c46cc76e0a3597711f5be9390706,0xf05e2a70346560d3228c7002194bb7c5dc8fe100,0x28c6c06298d514db089934071355e5743bf21d60,37471.0,,,,ATA,erc20,"{'value': '0x07ef4e964222261c0000', 'address': '0xa2120b9e674d3fc3875f415a7df52e382f141225', 'decimal': '0x12'}",{'blockTimestamp': '2022-12-09T07:07:59.000Z'}
918,0xf65c75,0x57887f78786668b49f36aa8c5f4046836ff012b5a4edf02f09afcfa8053f7583:log:274,0x57887f78786668b49f36aa8c5f4046836ff012b5a4edf02f09afcfa8053f7583,0x619350b406f170384ff2f4d4dfe4bdca3e3e22cb,0xf16e9b0d03470827a95cdfd0cb8a8a3b46969b91,8264.791,,,,ATA,erc20,"{'value': '0x01c0090409c2b5758000', 'address': '0xa2120b9e674d3fc3875f415a7df52e382f141225', 'decimal': '0x12'}",{'blockTimestamp': '2022-12-09T07:00:47.000Z'}
919,0xf65c4c,0x37bd05e4a8234b2cecce898651ffea2af2a3af8842ba8437a7c0074432add513:log:65,0x37bd05e4a8234b2cecce898651ffea2af2a3af8842ba8437a7c0074432add513,0xf16e9b0d03470827a95cdfd0cb8a8a3b46969b91,0xf05e2a70346560d3228c7002194bb7c5dc8fe100,37471.0,,,,ATA,erc20,"{'value': '0x07ef4e964222261c0000', 'address': '0xa2120b9e674d3fc3875f415a7df52e382f141225', 'decimal': '0x12'}",{'blockTimestamp': '2022-12-09T06:52:35.000Z'}
920,0xf65bdb,0x76bb3378c24686b91a20ba3a5c43dda88a9a64b95563350315cfe452f05cf7c4:log:11,0x76bb3378c24686b91a20ba3a5c43dda88a9a64b95563350315cfe452f05cf7c4,0x21a31ee1afc51d94c2efccaa2092ad1028285549,0x619350b406f170384ff2f4d4dfe4bdca3e3e22cb,8264.791,,,,ATA,erc20,"{'value': '0x01c0090409c2b5758000', 'address': '0xa2120b9e674d3fc3875f415a7df52e382f141225', 'decimal': '0x12'}",{'blockTimestamp': '2022-12-09T06:29:47.000Z'}
921,0xf655ad,0x90036cfb72c025c6f0a78f75e121c9f7f662d58b1856dbddeaedea1aa18c60b3:log:54,0x90036cfb72c025c6f0a78f75e121c9f7f662d58b1856dbddeaedea1aa18c60b3,0x5a52e96bacdabb82fd05763e25335261b270efcb,0x28c6c06298d514db089934071355e5743bf21d60,3000000.0,,,,ATA,erc20,"{'value': '0x027b46536c66c8e3000000', 'address': '0xa2120b9e674d3fc3875f415a7df52e382f141225', 'decimal': '0x12'}",{'blockTimestamp': '2022-12-09T01:11:59.000Z'}
922,0xf64e73,0x18c4c9477e2ef9e0893f10d4c3e5ededd9dbef57a924b636358d89e2024382cf:log:265,0x18c4c9477e2ef9e0893f10d4c3e5ededd9dbef57a924b636358d89e2024382cf,0x64f39050ffa6a85ea51538784eb5a9323216a53e,0x28c6c06298d514db089934071355e5743bf21d60,1611.127,,,,ATA,erc20,"{'value': '0x5756e0ee6220c58000', 'address': '0xa2120b9e674d3fc3875f415a7df52e382f141225', 'decimal': '0x12'}",{'blockTimestamp': '2022-12-08T19:00:11.000Z'}
923,0xf64e24,0xd0a43bf6b200a90c18580cf8ba629f8577d4f0632c8c4d22d2f14226c15d52ab:log:187,0xd0a43bf6b200a90c18580cf8ba629f8577d4f0632c8c4d22d2f14226c15d52ab,0x29800c4d078edfd94023dcf7f40e09171e3c18aa,0x64f39050ffa6a85ea51538784eb5a9323216a53e,1611.127,,,,ATA,erc20,"{'value': '0x5756e0ee6220c58000', 'address': '0xa2120b9e674d3fc3875f415a7df52e382f141225', 'decimal': '0x12'}",{'blockTimestamp': '2022-12-08T18:44:23.000Z'}
924,0xf64de0,0xca4e43863103b58189e3df5af2cfb4576c96aa3b65d47fc8ed192452579401d3:log:590,0xca4e43863103b58189e3df5af2cfb4576c96aa3b65d47fc8ed192452579401d3,0xf05e2a70346560d3228c7002194bb7c5dc8fe100,0x28c6c06298d514db089934071355e5743bf21d60,36755.0,,,,ATA,erc20,"{'value': '0x07c87e1743a9fa6c0000', 'address': '0xa2120b9e674d3fc3875f415a7df52e382f141225', 'decimal': '0x12'}",{'blockTimestamp': '2022-12-08T18:30:23.000Z'}
925,0xf64c8a,0x48fa86ec7e44efdc86728526a7a911f5533a01d1e22ed0ac3b65a0f86c7858bd:log:160,0x48fa86ec7e44efdc86728526a7a911f5533a01d1e22ed0ac3b65a0f86c7858bd,0x28c6c06298d514db089934071355e5743bf21d60,0xf584f8728b874a6a5c7a8d4d387c9aae9172d621,42939.0,,,,ATA,erc20,"{'value': '0x0917ba54a76d820c0000', 'address': '0xa2120b9e674d3fc3875f415a7df52e382f141225', 'decimal': '0x12'}",{'blockTimestamp': '2022-12-08T17:21:47.000Z'}
926,0xf64c2a,0x4546f391de23a62b1986fe7e27dcaa17873abff98dbb5118dfca62d578d2ebca:log:166,0x4546f391de23a62b1986fe7e27dcaa17873abff98dbb5118dfca62d578d2ebca,0xf16e9b0d03470827a95cdfd0cb8a8a3b46969b91,0xf05e2a70346560d3228c7002194bb7c5dc8fe100,36369.0,,,,ATA,erc20,"{'value': '0x07b39143c8c795a40000', 'address': '0xa2120b9e674d3fc3875f415a7df52e382f141225', 'decimal': '0x12'}",{'blockTimestamp': '2022-12-08T17:02:35.000Z'}
927,0xf64c29,0xc745e94c28c92b75bfbf1db97570f360210ff894c04ec6776fa76ac1160ccfef:log:117,0xc745e94c28c92b75bfbf1db97570f360210ff894c04ec6776fa76ac1160ccfef,0x28c6c06298d514db089934071355e5743bf21d60,0xf584f8728b874a6a5c7a8d4d387c9aae9172d621,626103.9999999999,,,,ATA,erc20,"{'value': '0x84952a7526d663e00000', 'address': '0xa2120b9e674d3fc3875f415a7df52e382f141225', 'decimal': '0x12'}",{'blockTimestamp': '2022-12-08T17:02:23.000Z'}
928,0xf64b86,0x0752ea17c7d5af6675e3cb394ec75dc54b31ca58c6d462b154fbf0e0f4d28de1:log:149,0x0752ea17c7d5af6675e3cb394ec75dc54b31ca58c6d462b154fbf0e0f4d28de1,0x28c6c06298d514db089934071355e5743bf21d60,0xf584f8728b874a6a5c7a8d4d387c9aae9172d621,1038515.0,,,,ATA,erc20,"{'value': '0xdbea02ce23b66aec0000', 'address': '0xa2120b9e674d3fc3875f415a7df52e382f141225', 'decimal': '0x12'}",{'blockTimestamp': '2022-12-08T16:29:47.000Z'}
929,0xf6483c,0xba90ecc210ef6c00ada84e887d4cbd56e1395e885530b84e22d1a3cca5f3b355:log:211,0xba90ecc210ef6c00ada84e887d4cbd56e1395e885530b84e22d1a3cca5f3b355,0x28c6c06298d514db089934071355e5743bf21d60,0x21a31ee1afc51d94c2efccaa2092ad1028285549,498490.63577771996,,,,ATA,erc20,"{'value': '0x698f3b447b413d5d3000', 'address': '0xa2120b9e674d3fc3875f415a7df52e382f141225', 'decimal': '0x12'}",{'blockTimestamp': '2022-12-08T13:40:35.000Z'}
930,0xf647fb,0x16c6ae331ab68a664340a7492463835f873dee4cace85ee2e8c94e090ed84753:log:146,0x16c6ae331ab68a664340a7492463835f873dee4cace85ee2e8c94e090ed84753,0xf977814e90da44bfa03b6295a0616a897441acec,0x28c6c06298d514db089934071355e5743bf21d60,2992503.2713795,,,,ATA,erc20,"{'value': '0x0279afed6a15cf7c4eb800', 'address': '0xa2120b9e674d3fc3875f415a7df52e382f141225', 'decimal': '0x12'}",{'blockTimestamp': '2022-12-08T13:27:35.000Z'}
931,0xf64523,0xc5b53ac2aef6ce1a74d3f2cecc693fc97b4e639947a678dc6ab1fae06a6f635b:log:339,0xc5b53ac2aef6ce1a74d3f2cecc693fc97b4e639947a678dc6ab1fae06a6f635b,0x73f9b272abda7a97cb1b237d85f9a7236edb6f16,0x28c6c06298d514db089934071355e5743bf21d60,224993.28266887,,,,ATA,erc20,"{'value': '0x2fa4e908f9d6084d3c00', 'address': '0xa2120b9e674d3fc3875f415a7df52e382f141225', 'decimal': '0x12'}",{'blockTimestamp': '2022-12-08T11:00:23.000Z'}
932,0xf643c1,0x8bc89341b016b11190c3d3080450ecc92bc40813e9fd0cc97942affec995c737:log:66,0x8bc89341b016b11190c3d3080450ecc92bc40813e9fd0cc97942affec995c737,0xa9d1e08c7793af67e9d92fe308d5697fb81d3e43,0x73f9b272abda7a97cb1b237d85f9a7236edb6f16,224993.28266887,,,,ATA,erc20,"{'value': '0x2fa4e908f9d6084d3c00', 'address': '0xa2120b9e674d3fc3875f415a7df52e382f141225', 'decimal': '0x12'}",{'blockTimestamp': '2022-12-08T09:49:11.000Z'}
933,0xf6412a,0x29fbb63ebb1e6a39ac00bb25e0c36f7a31d7f71fc393d68064f790654101abc1:log:203,0x29fbb63ebb1e6a39ac00bb25e0c36f7a31d7f71fc393d68064f790654101abc1,0x733c5570597e609c796399333f0a176e444386ee,0xf16e9b0d03470827a95cdfd0cb8a8a3b46969b91,203793.0,,,,ATA,erc20,"{'value': '0x2b27a402be690da40000', 'address': '0xa2120b9e674d3fc3875f415a7df52e382f141225', 'decimal': '0x12'}",{'blockTimestamp': '2022-12-08T07:36:11.000Z'}
934,0xf64116,0xed72558a739276774ff4e25f21b08b228e64a1b4116fc75ea17e35d93a3874cd:log:261,0xed72558a739276774ff4e25f21b08b228e64a1b4116fc75ea17e35d93a3874cd,0xf584f8728b874a6a5c7a8d4d387c9aae9172d621,0xf05e2a70346560d3228c7002194bb7c5dc8fe100,386.0,,,,ATA,erc20,"{'value': '0x14ecd37ae264c80000', 'address': '0xa2120b9e674d3fc3875f415a7df52e382f141225', 'decimal': '0x12'}",{'blockTimestamp': '2022-12-08T07:32:11.000Z'}
935,0xf640db,0x9a66ae1a7b237b01cf637bcc2c42056f100c2b19e0aef388003f41b85db3eed5:log:81,0x9a66ae1a7b237b01cf637bcc2c42056f100c2b19e0aef388003f41b85db3eed5,0x21a31ee1afc51d94c2efccaa2092ad1028285549,0x733c5570597e609c796399333f0a176e444386ee,203793.0,,,,ATA,erc20,"{'value': '0x2b27a402be690da40000', 'address': '0xa2120b9e674d3fc3875f415a7df52e382f141225', 'decimal': '0x12'}",{'blockTimestamp': '2022-12-08T07:20:11.000Z'}
936,0xf6401b,0xb39d861f410b2cda5cd7e894c44b24dc13060339da604c02904a4bf2c8b3ed97:log:48,0xb39d861f410b2cda5cd7e894c44b24dc13060339da604c02904a4bf2c8b3ed97,0x28c6c06298d514db089934071355e5743bf21d60,0xf584f8728b874a6a5c7a8d4d387c9aae9172d621,571665.0,,,,ATA,erc20,"{'value': '0x790e0591310561a40000', 'address': '0xa2120b9e674d3fc3875f415a7df52e382f141225', 'decimal': '0x12'}",{'blockTimestamp': '2022-12-08T06:41:35.000Z'}
937,0xf64019,0xf5eca315b2bbac1b9b621a405a332bc016ae8214710ccefa94d6ec1080fd0335:log:34,0xf5eca315b2bbac1b9b621a405a332bc016ae8214710ccefa94d6ec1080fd0335,0x28c6c06298d514db089934071355e5743bf21d60,0xf584f8728b874a6a5c7a8d4d387c9aae9172d621,333.0,,,,ATA,erc20,"{'value': '0x120d4da7b0bd140000', 'address': '0xa2120b9e674d3fc3875f415a7df52e382f141225', 'decimal': '0x12'}",{'blockTimestamp': '2022-12-08T06:41:11.000Z'}
938,0xf625ce,0x63cc5268b23d21b662e94195a22f65d44f6a131ac6aa6dcc48e30db6f435c477:log:125,0x63cc5268b23d21b662e94195a22f65d44f6a131ac6aa6dcc48e30db6f435c477,0x725f800ff38bceb70cce716fdff54576363acd8b,0x0d86bcf6c9e3433fc4916ada98db522a6d14d562,326.7,,,,ATA,erc20,"{'value': '0x11b5df8f11b81e0000', 'address': '0xa2120b9e674d3fc3875f415a7df52e382f141225', 'decimal': '0x12'}",{'blockTimestamp': '2022-12-07T08:03:47.000Z'}
939,0xf61ecc,0x58734357e1f9d8d81cbdcc983a1cfa057019129a19b64fc43940d68e635756d9:log:71,0x58734357e1f9d8d81cbdcc983a1cfa057019129a19b64fc43940d68e635756d9,0xa9d1e08c7793af67e9d92fe308d5697fb81d3e43,0x8db99002139877c6fc7065b3be38a7ff628c90d5,526.57730421,,,,ATA,erc20,"{'value': '0x1c8bba6440bbdb3400', 'address': '0xa2120b9e674d3fc3875f415a7df52e382f141225', 'decimal': '0x12'}",{'blockTimestamp': '2022-12-07T01:50:11.000Z'}
940,0xf61eaf,0xbfeafe56ab318296e9c8b38b16699c601fb6d571eb8aaef1240b884dc82d7b98:log:70,0xbfeafe56ab318296e9c8b38b16699c601fb6d571eb8aaef1240b884dc82d7b98,0xa9d1e08c7793af67e9d92fe308d5697fb81d3e43,0x8db99002139877c6fc7065b3be38a7ff628c90d5,85.91065292,,,,ATA,erc20,"{'value': '0x04a83ff3a81679b000', 'address': '0xa2120b9e674d3fc3875f415a7df52e382f141225', 'decimal': '0x12'}",{'blockTimestamp': '2022-12-07T01:44:11.000Z'}
941,0xf61a36,0xa62909671c6fe270e9bda55eb332a804492fbccdddf691d11fd28c49dff021f7:log:132,0xa62909671c6fe270e9bda55eb332a804492fbccdddf691d11fd28c49dff021f7,0x0b256be7aae40b944fef7899235b943c0b4d9495,0x1a2120eb289b941d0cf6ed473d168867dcb07837,76.7,,,,ATA,erc20,"{'value': '0x04286d23a040760000', 'address': '0xa2120b9e674d3fc3875f415a7df52e382f141225', 'decimal': '0x12'}",{'blockTimestamp': '2022-12-06T21:53:47.000Z'}
942,0xf619df,0x2959f061de518b002a5ca74cc37230f6f5b7e661599c383b6ec7810dc70b0ee3:log:267,0x2959f061de518b002a5ca74cc37230f6f5b7e661599c383b6ec7810dc70b0ee3,0xfab7a79b2cf57473489c88618fc0e5754625e86f,0xf16e9b0d03470827a95cdfd0cb8a8a3b46969b91,14880.357142857143,,,,ATA,erc20,"{'value': '0x0326aa705deae2916db7', 'address': '0xa2120b9e674d3fc3875f415a7df52e382f141225', 'decimal': '0x12'}",{'blockTimestamp': '2022-12-06T21:36:23.000Z'}
943,0xf61997,0x277c7f833b6a97bd00b1b9b42d70d6efcec65c9d8c88fa0d1ee1333c43d2d239:log:221,0x277c7f833b6a97bd00b1b9b42d70d6efcec65c9d8c88fa0d1ee1333c43d2d239,0x20f7c7e4b410af0d7309a04792fc22c7b4c7f46e,0xfab7a79b2cf57473489c88618fc0e5754625e86f,14880.357142857143,,,,ATA,erc20,"{'value': '0x0326aa705deae2916db7', 'address': '0xa2120b9e674d3fc3875f415a7df52e382f141225', 'decimal': '0x12'}",{'blockTimestamp': '2022-12-06T21:21:59.000Z'}
944,0xf6198c,0x04f7fa93ee213c1f8b14fa294d32f63aa45cc199f75e4924deb80bd0701aed78:log:35,0x04f7fa93ee213c1f8b14fa294d32f63aa45cc199f75e4924deb80bd0701aed78,0xa2120b9e674d3fc3875f415a7df52e382f141225,0x20f7c7e4b410af0d7309a04792fc22c7b4c7f46e,14880.357142857143,,,,ATA,erc20,"{'value': '0x0326aa705deae2916db7', 'address': '0xa2120b9e674d3fc3875f415a7df52e382f141225', 'decimal': '0x12'}",{'blockTimestamp': '2022-12-06T21:19:47.000Z'}
945,0xf615cc,0x3e47fa4ead8e9695b5a6472680adf27fbf7edd9897adf59ae56f89695bd74353:log:111,0x3e47fa4ead8e9695b5a6472680adf27fbf7edd9897adf59ae56f89695bd74353,0x21a31ee1afc51d94c2efccaa2092ad1028285549,0x2a16a8815882cc80f28eda6889852b269dce38d4,2978.0,,,,ATA,erc20,"{'value': '0xa1700d55e139480000', 'address': '0xa2120b9e674d3fc3875f415a7df52e382f141225', 'decimal': '0x12'}",{'blockTimestamp': '2022-12-06T18:06:35.000Z'}
946,0xf614f3,0x0a6c06740798fc301962d58d9ee8fe63c0eb378ded716788bbedc2f5de0c62fb:log:69,0x0a6c06740798fc301962d58d9ee8fe63c0eb378ded716788bbedc2f5de0c62fb,0xea0792bb60c897950174ac18d4e33bd2e2a071c6,0x28c6c06298d514db089934071355e5743bf21d60,25239.776,,,,ATA,erc20,"{'value': '0x0558404171ef7db00000', 'address': '0xa2120b9e674d3fc3875f415a7df52e382f141225', 'decimal': '0x12'}",{'blockTimestamp': '2022-12-06T17:23:11.000Z'}
947,0xf614d3,0x952a838e3ed94273038605d2a7df98a6818252d76204d91e625fb1a99552ee5f:log:346,0x952a838e3ed94273038605d2a7df98a6818252d76204d91e625fb1a99552ee5f,0x79a3fbb3325f6d550a464a8d83465bb6a24281ee,0xea0792bb60c897950174ac18d4e33bd2e2a071c6,25239.776,,,,ATA,erc20,"{'value': '0x0558404171ef7db00000', 'address': '0xa2120b9e674d3fc3875f415a7df52e382f141225', 'decimal': '0x12'}",{'blockTimestamp': '2022-12-06T17:16:35.000Z'}
948,0xf610e1,0xe7bedd4bd3edae910cd44d799677e3c13fc555d25e80135c1f0c8083a4b95401:log:47,0xe7bedd4bd3edae910cd44d799677e3c13fc555d25e80135c1f0c8083a4b95401,0x28c6c06298d514db089934071355e5743bf21d60,0x79a3fbb3325f6d550a464a8d83465bb6a24281ee,24265.776,,,,ATA,erc20,"{'value': '0x0523734a52689f380000', 'address': '0xa2120b9e674d3fc3875f415a7df52e382f141225', 'decimal': '0x12'}",{'blockTimestamp': '2022-12-06T13:53:23.000Z'}
949,0xf610cb,0x58e85351dc4e40c407cfc35b657e692b7208ca4a68aa4c315013f9fe4bdeed66:log:103,0x58e85351dc4e40c407cfc35b657e692b7208ca4a68aa4c315013f9fe4bdeed66,0xdfd5293d8e347dfe59e90efd55b2956a1343963d,0x79a3fbb3325f6d550a464a8d83465bb6a24281ee,974.0,,,,ATA,erc20,"{'value': '0x34ccf71f86de780000', 'address': '0xa2120b9e674d3fc3875f415a7df52e382f141225', 'decimal': '0x12'}",{'blockTimestamp': '2022-12-06T13:48:59.000Z'}
950,0xf60c3d,0x8b2b2e7a66ba47a11f7e62853952f5c80b45ef46620edae2dfec837481ae3947:log:46,0x8b2b2e7a66ba47a11f7e62853952f5c80b45ef46620edae2dfec837481ae3947,0x0d86bcf6c9e3433fc4916ada98db522a6d14d562,0xfab11a213c1d505f59b4e60fd850a505ee6f4553,330.0,,,,ATA,erc20,"{'value': '0x11e3ab8395c6e80000', 'address': '0xa2120b9e674d3fc3875f415a7df52e382f141225', 'decimal': '0x12'}",{'blockTimestamp': '2022-12-06T09:55:11.000Z'}
951,0xf60a0d,0xb218ce90c48f64df7e28019f7bab3ddb97cb6b27f6c5218d4e4a1d323d022645:log:107,0xb218ce90c48f64df7e28019f7bab3ddb97cb6b27f6c5218d4e4a1d323d022645,0x979715bfd3e217122d9ab7dbff5dfc230bf378be,0x0d86bcf6c9e3433fc4916ada98db522a6d14d562,663.0,,,,ATA,erc20,"{'value': '0x23f0f92b4683fc0000', 'address': '0xa2120b9e674d3fc3875f415a7df52e382f141225', 'decimal': '0x12'}",{'blockTimestamp': '2022-12-06T08:02:47.000Z'}
952,0xf6042d,0x5ec2142a9780a62ec4a05c88eea77fe384f3c6a7dc679647c7a1132ed7f7b9eb:log:283,0x5ec2142a9780a62ec4a05c88eea77fe384f3c6a7dc679647c7a1132ed7f7b9eb,0xb309b5aac6e7039af4d6ad24ed2196a59d0f8c48,0x28c6c06298d514db089934071355e5743bf21d60,49999.99999999999,,,,ATA,erc20,"{'value': '0x0a968163f0a57b400000', 'address': '0xa2120b9e674d3fc3875f415a7df52e382f141225', 'decimal': '0x12'}",{'blockTimestamp': '2022-12-06T03:00:35.000Z'}
953,0xf5f719,0x00e61d068da3966608d0ad40714a1ac6fc8169ee5df13d3ec2c3decc49fb857f:log:179,0x00e61d068da3966608d0ad40714a1ac6fc8169ee5df13d3ec2c3decc49fb857f,0xc16415770ce17f438dac86f5226f1216e950e60f,0xb309b5aac6e7039af4d6ad24ed2196a59d0f8c48,49999.99999999999,,,,ATA,erc20,"{'value': '0x0a968163f0a57b400000', 'address': '0xa2120b9e674d3fc3875f415a7df52e382f141225', 'decimal': '0x12'}",{'blockTimestamp': '2022-12-05T15:44:59.000Z'}
954,0xf5f0b5,0xa1b9f23925ca2c669cd187af27e6f5ed9b7c777b1b8ed9091d1bd6a603a1add0:log:85,0xa1b9f23925ca2c669cd187af27e6f5ed9b7c777b1b8ed9091d1bd6a603a1add0,0xa2120b9e674d3fc3875f415a7df52e382f141225,0x48a337bf30bd29b9a4b7dea7b0a1ca4ae261b6b7,14880.357142857143,,,,ATA,erc20,"{'value': '0x0326aa705deae2916db7', 'address': '0xa2120b9e674d3fc3875f415a7df52e382f141225', 'decimal': '0x12'}",{'blockTimestamp': '2022-12-05T10:14:59.000Z'}
955,0xf5f08f,0x5f8f8eef313deb1bac53aed9dbfde048a22ebb374e409e431a8c96848acfd8cd:log:31,0x5f8f8eef313deb1bac53aed9dbfde048a22ebb374e409e431a8c96848acfd8cd,0xa2120b9e674d3fc3875f415a7df52e382f141225,0xe7521950426479d525381940604d27aec12fe97a,29760.714285714286,,,,ATA,erc20,"{'value': '0x064d54e0bbd5c522db6e', 'address': '0xa2120b9e674d3fc3875f415a7df52e382f141225', 'decimal': '0x12'}",{'blockTimestamp': '2022-12-05T10:07:23.000Z'}
956,0xf5efc5,0xdb2cb005e241d775af36c10f58cf72919e9c51cde69a3f8f4a09503e09c2bd61:log:107,0xdb2cb005e241d775af36c10f58cf72919e9c51cde69a3f8f4a09503e09c2bd61,0xdb45adf74fbd18a2f101950e6c33147b2f584fd9,0x28c6c06298d514db089934071355e5743bf21d60,20000.0,,,,ATA,erc20,"{'value': '0x043c33c1937564800000', 'address': '0xa2120b9e674d3fc3875f415a7df52e382f141225', 'decimal': '0x12'}",{'blockTimestamp': '2022-12-05T09:26:47.000Z'}
957,0xf5ef6c,0x1bc82f35401a210acb2b1f7ceea3df06ab0f32bcf1fc3b51cc6facf76ca2fc00:log:158,0x1bc82f35401a210acb2b1f7ceea3df06ab0f32bcf1fc3b51cc6facf76ca2fc00,0x027996d61b0fcc4e7b3fca36c85d77355a0b4952,0xdb45adf74fbd18a2f101950e6c33147b2f584fd9,20000.0,,,,ATA,erc20,"{'value': '0x043c33c1937564800000', 'address': '0xa2120b9e674d3fc3875f415a7df52e382f141225', 'decimal': '0x12'}",{'blockTimestamp': '2022-12-05T09:08:47.000Z'}
958,0xf5ef43,0xe528815763a2db6eafac60c6a1128d13763e0ef756b7c356e79d884ecc876e05:log:138,0xe528815763a2db6eafac60c6a1128d13763e0ef756b7c356e79d884ecc876e05,0xdb45adf74fbd18a2f101950e6c33147b2f584fd9,0x28c6c06298d514db089934071355e5743bf21d60,15000.0,,,,ATA,erc20,"{'value': '0x032d26d12e980b600000', 'address': '0xa2120b9e674d3fc3875f415a7df52e382f141225', 'decimal': '0x12'}",{'blockTimestamp': '2022-12-05T09:00:35.000Z'}
959,0xf5ef42,0x0a06608031ef90d5e419b9dd541575d9a921057e0fd8abbc69ecc26c280cbf41:log:194,0x0a06608031ef90d5e419b9dd541575d9a921057e0fd8abbc69ecc26c280cbf41,0x930cc25706752e96620113208267b44d68c1113f,0x28c6c06298d514db089934071355e5743bf21d60,10154.443,,,,ATA,erc20,"{'value': '0x022679348bf487e78000', 'address': '0xa2120b9e674d3fc3875f415a7df52e382f141225', 'decimal': '0x12'}",{'blockTimestamp': '2022-12-05T09:00:23.000Z'}
960,0xf5ef3b,0x3ad2acb0c9fb6d94f8e7bd05428a2adbbfc2b371b3dfbea1415f99bc26d9c741:log:339,0x3ad2acb0c9fb6d94f8e7bd05428a2adbbfc2b371b3dfbea1415f99bc26d9c741,0x027996d61b0fcc4e7b3fca36c85d77355a0b4952,0xdb45adf74fbd18a2f101950e6c33147b2f584fd9,15000.0,,,,ATA,erc20,"{'value': '0x032d26d12e980b600000', 'address': '0xa2120b9e674d3fc3875f415a7df52e382f141225', 'decimal': '0x12'}",{'blockTimestamp': '2022-12-05T08:58:59.000Z'}
961,0xf5ef2f,0x45011e2b76b9052bf3850f42de59af36af7e5863fd610bf59d4e275e2dd06331:log:49,0x45011e2b76b9052bf3850f42de59af36af7e5863fd610bf59d4e275e2dd06331,0x5857757b4c9825a253c3519381d866238bdff36a,0x930cc25706752e96620113208267b44d68c1113f,5154.442999999999,,,,ATA,erc20,"{'value': '0x01176c4427172ec78000', 'address': '0xa2120b9e674d3fc3875f415a7df52e382f141225', 'decimal': '0x12'}",{'blockTimestamp': '2022-12-05T08:56:35.000Z'}
962,0xf5eeb3,0xf5c4c352b7196e74bdf6f292939d107a6aad31c5382fb606071dd0d33e5788a1:log:104,0xf5c4c352b7196e74bdf6f292939d107a6aad31c5382fb606071dd0d33e5788a1,0x5857757b4c9825a253c3519381d866238bdff36a,0x930cc25706752e96620113208267b44d68c1113f,5000.0,,,,ATA,erc20,"{'value': '0x010f0cf064dd59200000', 'address': '0xa2120b9e674d3fc3875f415a7df52e382f141225', 'decimal': '0x12'}",{'blockTimestamp': '2022-12-05T08:31:47.000Z'}
963,0xf5ed80,0xbd69a01842f2514e2472b7d1c9fc4eeb552498f728bbda17a82a0de0278b5606:log:197,0xbd69a01842f2514e2472b7d1c9fc4eeb552498f728bbda17a82a0de0278b5606,0xe202532077de92d653012cd5a0aa302b8f77baa4,0x28c6c06298d514db089934071355e5743bf21d60,2349.697,,,,ATA,erc20,"{'value': '0x7f6098ac4591068000', 'address': '0xa2120b9e674d3fc3875f415a7df52e382f141225', 'decimal': '0x12'}",{'blockTimestamp': '2022-12-05T07:30:23.000Z'}
964,0xf5ec40,0xa32b5f7e62af9330fbf78cf36d37ed685d22a3af91731baae8ad80df403a277d:log:197,0xa32b5f7e62af9330fbf78cf36d37ed685d22a3af91731baae8ad80df403a277d,0x8f8097a2af8ecb317f05ff284069afaa87763952,0x21375e8ff94a9acad555e0d8a4f17c69c5e33bd5,2551.0000000000005,,,,ATA,erc20,"{'value': '0x8a4a3c9839057c0000', 'address': '0xa2120b9e674d3fc3875f415a7df52e382f141225', 'decimal': '0x12'}",{'blockTimestamp': '2022-12-05T06:26:11.000Z'}
965,0xf5ea89,0xc1b7f6f52104d9b8e050bd7344de1524f8af9279064b46f6ae992527931d1736:log:219,0xc1b7f6f52104d9b8e050bd7344de1524f8af9279064b46f6ae992527931d1736,0x6eeeafa18f7e764234affbe2a29c24be76184f46,0x40ec5b33f54e0e8a33a975908c5ba1c14e5bbbdf,1401.0410520366456,,,,ATA,erc20,"{'value': '0x4bf359b5cb2fd2f986', 'address': '0xa2120b9e674d3fc3875f415a7df52e382f141225', 'decimal': '0x12'}",{'blockTimestamp': '2022-12-05T04:58:11.000Z'}
966,0xf5ea89,0xc1b7f6f52104d9b8e050bd7344de1524f8af9279064b46f6ae992527931d1736:log:216,0xc1b7f6f52104d9b8e050bd7344de1524f8af9279064b46f6ae992527931d1736,0x40ec5b33f54e0e8a33a975908c5ba1c14e5bbbdf,0x6eeeafa18f7e764234affbe2a29c24be76184f46,1401.0410520366456,,,,ATA,erc20,"{'value': '0x4bf359b5cb2fd2f986', 'address': '0xa2120b9e674d3fc3875f415a7df52e382f141225', 'decimal': '0x12'}",{'blockTimestamp': '2022-12-05T04:58:11.000Z'}
967,0xf5ea49,0x61118aa71371e6f58597051aa55063f76babe6ccb3fae6e4bdd112649ab22bea:log:59,0x61118aa71371e6f58597051aa55063f76babe6ccb3fae6e4bdd112649ab22bea,0xd54e4f8a55247487dd7c8c59f14ee5c0c2889477,0x40ec5b33f54e0e8a33a975908c5ba1c14e5bbbdf,455.62689360155156,,,,ATA,erc20,"{'value': '0x18b317e5b7432def48', 'address': '0xa2120b9e674d3fc3875f415a7df52e382f141225', 'decimal': '0x12'}",{'blockTimestamp': '2022-12-05T04:45:23.000Z'}
968,0xf5ea44,0x6220189ea9270573a48deef6df1fabfc34cfa036731c1a2ebe71565e9ac2608f:log:72,0x6220189ea9270573a48deef6df1fabfc34cfa036731c1a2ebe71565e9ac2608f,0x40ec5b33f54e0e8a33a975908c5ba1c14e5bbbdf,0xd54e4f8a55247487dd7c8c59f14ee5c0c2889477,455.62689360155156,,,,ATA,erc20,"{'value': '0x18b317e5b7432def48', 'address': '0xa2120b9e674d3fc3875f415a7df52e382f141225', 'decimal': '0x12'}",{'blockTimestamp': '2022-12-05T04:44:23.000Z'}
969,0xf5e9fa,0xf6802b553f6a8ecda9e1a52c992b7be2a166ea6e065bdd7a2f8e8a2e2529f734:log:193,0xf6802b553f6a8ecda9e1a52c992b7be2a166ea6e065bdd7a2f8e8a2e2529f734,0x947c4efaf086821ed8f5d3980d466808f3fe4808,0x40ec5b33f54e0e8a33a975908c5ba1c14e5bbbdf,547.9526572275289,,,,ATA,erc20,"{'value': '0x1db45ee692223ca737', 'address': '0xa2120b9e674d3fc3875f415a7df52e382f141225', 'decimal': '0x12'}",{'blockTimestamp': '2022-12-05T04:29:35.000Z'}
970,0xf5e9f3,0xa238586f8e8f64aa139a2c667cc2ecf85731fd5dbb1f966f59fd2ae8d55e5089:log:550,0xa238586f8e8f64aa139a2c667cc2ecf85731fd5dbb1f966f59fd2ae8d55e5089,0x5654d65578cda52791879751141f2f3d7dc27fe4,0x947c4efaf086821ed8f5d3980d466808f3fe4808,547.9526572275289,,,,ATA,erc20,"{'value': '0x1db45ee692223ca737', 'address': '0xa2120b9e674d3fc3875f415a7df52e382f141225', 'decimal': '0x12'}",{'blockTimestamp': '2022-12-05T04:28:11.000Z'}
971,0xf5e9af,0xac623bc3caf733be5ae58e7b0092830c367525ed72c1fef33b78c142535e2481:log:65,0xac623bc3caf733be5ae58e7b0092830c367525ed72c1fef33b78c142535e2481,0xc24d30475eca133302192b502085a3cc124b0b9b,0x4d8cb7a76cc21bc2b4cc158bc8a3660171c6628a,113.8778,,,,ATA,erc20,"{'value': '0x062c5f37bfe2fa8000', 'address': '0xa2120b9e674d3fc3875f415a7df52e382f141225', 'decimal': '0x12'}",{'blockTimestamp': '2022-12-05T04:14:35.000Z'}
972,0xf5e9ae,0xee5bbdb43537c60bec3666afe783a693f57b7de57707ac660d520e61e187de0a:log:35,0xee5bbdb43537c60bec3666afe783a693f57b7de57707ac660d520e61e187de0a,0xc24d30475eca133302192b502085a3cc124b0b9b,0x5f2d65e53b9fbd31975e24dad0824c7491fbb2f9,3.8,,,,ATA,erc20,"{'value': '0x34bc4fdde27c0000', 'address': '0xa2120b9e674d3fc3875f415a7df52e382f141225', 'decimal': '0x12'}",{'blockTimestamp': '2022-12-05T04:14:23.000Z'}
973,0xf5e9aa,0x69105d54371f61da2b08154904cfa4e37b349f7038f469f1684a8a1e7abbf5ae:log:87,0x69105d54371f61da2b08154904cfa4e37b349f7038f469f1684a8a1e7abbf5ae,0xc24d30475eca133302192b502085a3cc124b0b9b,0x672aa2d12d80e73a8d82ef53636a1fc0fbbff470,126.0,,,,ATA,erc20,"{'value': '0x06d499ec6c63380000', 'address': '0xa2120b9e674d3fc3875f415a7df52e382f141225', 'decimal': '0x12'}",{'blockTimestamp': '2022-12-05T04:13:35.000Z'}
974,0xf5e9a9,0x4516d9facca5294c982cfdeae2290c8205ca26363522dd9bb749ae2840c141dd:log:146,0x4516d9facca5294c982cfdeae2290c8205ca26363522dd9bb749ae2840c141dd,0x0d0707963952f2fba59dd06f2b425ace40b492fe,0x8f8097a2af8ecb317f05ff284069afaa87763952,2551.0000000000005,,,,ATA,erc20,"{'value': '0x8a4a3c9839057c0000', 'address': '0xa2120b9e674d3fc3875f415a7df52e382f141225', 'decimal': '0x12'}",{'blockTimestamp': '2022-12-05T04:13:23.000Z'}
975,0xf5e9a1,0xbddf78113ce264f9a747d2e3ed427196747b7c2e6c78f84eb9fca94cd3dbd31d:log:7,0xbddf78113ce264f9a747d2e3ed427196747b7c2e6c78f84eb9fca94cd3dbd31d,0x5654d65578cda52791879751141f2f3d7dc27fe4,0x28f6d19b85ec9bc3dcbafe284f279c9bc8fbff50,1132.3598860421985,,,,ATA,erc20,"{'value': '0x3d62a674db070bfff0', 'address': '0xa2120b9e674d3fc3875f415a7df52e382f141225', 'decimal': '0x12'}",{'blockTimestamp': '2022-12-05T04:11:47.000Z'}
976,0xf5e9a0,0x8c716b42039fa0aa1d62f854f524109ba776c1b6b69621619193e9a35c016e57:log:30,0x8c716b42039fa0aa1d62f854f524109ba776c1b6b69621619193e9a35c016e57,0xf16e9b0d03470827a95cdfd0cb8a8a3b46969b91,0xc24d30475eca133302192b502085a3cc124b0b9b,113.8778,,,,ATA,erc20,"{'value': '0x062c5f37bfe2fa8000', 'address': '0xa2120b9e674d3fc3875f415a7df52e382f141225', 'decimal': '0x12'}",{'blockTimestamp': '2022-12-05T04:11:35.000Z'}
977,0xf5e99f,0x943d8a7ebaf70bc22ff9f1e3e85db3c822224e51bb6c4a54b013872b46362fda:log:105,0x943d8a7ebaf70bc22ff9f1e3e85db3c822224e51bb6c4a54b013872b46362fda,0x0d0707963952f2fba59dd06f2b425ace40b492fe,0xc24d30475eca133302192b502085a3cc124b0b9b,3.8,,,,ATA,erc20,"{'value': '0x34bc4fdde27c0000', 'address': '0xa2120b9e674d3fc3875f415a7df52e382f141225', 'decimal': '0x12'}",{'blockTimestamp': '2022-12-05T04:11:23.000Z'}
978,0xf5e99f,0xffc0c42ed07a1567b50e4c850556af5c6565a392f7820b950ba9d4fd379cf5e7:log:7,0xffc0c42ed07a1567b50e4c850556af5c6565a392f7820b950ba9d4fd379cf5e7,0x89f0455b15cf3dd97e7ff718125d7cf5f01c595d,0x367475e26b3a74b08cc3307b286b8d88e71c3719,3262.0091137079125,,,,ATA,erc20,"{'value': '0xb0d578660d66f3e8b1', 'address': '0xa2120b9e674d3fc3875f415a7df52e382f141225', 'decimal': '0x12'}",{'blockTimestamp': '2022-12-05T04:11:23.000Z'}
979,0xf5e99f,0xffc0c42ed07a1567b50e4c850556af5c6565a392f7820b950ba9d4fd379cf5e7:log:3,0xffc0c42ed07a1567b50e4c850556af5c6565a392f7820b950ba9d4fd379cf5e7,0x5654d65578cda52791879751141f2f3d7dc27fe4,0x89f0455b15cf3dd97e7ff718125d7cf5f01c595d,3262.0091182097335,,,,ATA,erc20,"{'value': '0xb0d5786a25905d3632', 'address': '0xa2120b9e674d3fc3875f415a7df52e382f141225', 'decimal': '0x12'}",{'blockTimestamp': '2022-12-05T04:11:23.000Z'}
980,0xf5e99e,0x66e80222e83d3430274bf77a688cba7ec0b9128857dbfbfc115a587bd0bc5bb4:log:4,0x66e80222e83d3430274bf77a688cba7ec0b9128857dbfbfc115a587bd0bc5bb4,0x47c62785133330467304ae83db4b4dd5fbb4ce1b,0x5654d65578cda52791879751141f2f3d7dc27fe4,8382.26562378,,,,ATA,erc20,"{'value': '0x01c6674dbdae6703e800', 'address': '0xa2120b9e674d3fc3875f415a7df52e382f141225', 'decimal': '0x12'}",{'blockTimestamp': '2022-12-05T04:11:11.000Z'}
981,0xf5e99e,0x6984a2d3c71c8467073607b4a429779c2a4bcc0bb33daf9dca05924ac57e8683:log:3,0x6984a2d3c71c8467073607b4a429779c2a4bcc0bb33daf9dca05924ac57e8683,0xa9d1e08c7793af67e9d92fe308d5697fb81d3e43,0x47c62785133330467304ae83db4b4dd5fbb4ce1b,8382.26562378,,,,ATA,erc20,"{'value': '0x01c6674dbdae6703e800', 'address': '0xa2120b9e674d3fc3875f415a7df52e382f141225', 'decimal': '0x12'}",{'blockTimestamp': '2022-12-05T04:11:11.000Z'}
982,0xf5e99b,0x7b790044f68905407b439cb92de7ca38d3663fa999cb26dc6277db5dcfaa8851:log:99,0x7b790044f68905407b439cb92de7ca38d3663fa999cb26dc6277db5dcfaa8851,0x21a31ee1afc51d94c2efccaa2092ad1028285549,0xc24d30475eca133302192b502085a3cc124b0b9b,126.0,,,,ATA,erc20,"{'value': '0x06d499ec6c63380000', 'address': '0xa2120b9e674d3fc3875f415a7df52e382f141225', 'decimal': '0x12'}",{'blockTimestamp': '2022-12-05T04:10:35.000Z'}
983,0xf5e997,0x178566f403a46b90a738b3f5c9ea866c840a16eefb45312d54c01bccccc4375e:log:20,0x178566f403a46b90a738b3f5c9ea866c840a16eefb45312d54c01bccccc4375e,0xe8c060f8052e07423f71d445277c61ac5138a2e5,0x5654d65578cda52791879751141f2f3d7dc27fe4,156.0524089133582,,,,ATA,erc20,"{'value': '0x0875a9871b08b76687', 'address': '0xa2120b9e674d3fc3875f415a7df52e382f141225', 'decimal': '0x12'}",{'blockTimestamp': '2022-12-05T04:09:47.000Z'}
984,0xf5e997,0x61211069e889cdf25dc98b7a34fbaabafe50d84a071445057a171fe802b23cbe:log:18,0x61211069e889cdf25dc98b7a34fbaabafe50d84a071445057a171fe802b23cbe,0xb7c1cca934641da45f84eda0cf06af73f4a5a523,0x572801f8dcd8c1a42af931c2aed94d30b8bcecd5,3834.453535709947,,,,ATA,erc20,"{'value': '0xcfddbb86ec3401c10a', 'address': '0xa2120b9e674d3fc3875f415a7df52e382f141225', 'decimal': '0x12'}",{'blockTimestamp': '2022-12-05T04:09:47.000Z'}
985,0xf5e997,0x61211069e889cdf25dc98b7a34fbaabafe50d84a071445057a171fe802b23cbe:log:16,0x61211069e889cdf25dc98b7a34fbaabafe50d84a071445057a171fe802b23cbe,0x22f9dcf4647084d6c31b2765f6910cd85c178c18,0xb7c1cca934641da45f84eda0cf06af73f4a5a523,3834.453535709947,,,,ATA,erc20,"{'value': '0xcfddbb86ec3401c10a', 'address': '0xa2120b9e674d3fc3875f415a7df52e382f141225', 'decimal': '0x12'}",{'blockTimestamp': '2022-12-05T04:09:47.000Z'}
986,0xf5e997,0x61211069e889cdf25dc98b7a34fbaabafe50d84a071445057a171fe802b23cbe:log:15,0x61211069e889cdf25dc98b7a34fbaabafe50d84a071445057a171fe802b23cbe,0x22f9dcf4647084d6c31b2765f6910cd85c178c18,0x714ca428e11b780a48193fde2035c2e8bcac3a6f,23.006409853290144,,,,ATA,erc20,"{'value': '0x013f472fde4e67d993', 'address': '0xa2120b9e674d3fc3875f415a7df52e382f141225', 'decimal': '0x12'}",{'blockTimestamp': '2022-12-05T04:09:47.000Z'}
987,0xf5e997,0x61211069e889cdf25dc98b7a34fbaabafe50d84a071445057a171fe802b23cbe:log:11,0x61211069e889cdf25dc98b7a34fbaabafe50d84a071445057a171fe802b23cbe,0x5654d65578cda52791879751141f2f3d7dc27fe4,0x22f9dcf4647084d6c31b2765f6910cd85c178c18,3857.459945563237,,,,ATA,erc20,"{'value': '0xd11d02b6ca82699a9d', 'address': '0xa2120b9e674d3fc3875f415a7df52e382f141225', 'decimal': '0x12'}",{'blockTimestamp': '2022-12-05T04:09:47.000Z'}
988,0xf5e997,0xb0410ea696ef402135223b85f8e1f731bc39fd5bc0faf403f34c93972438d51e:log:1,0xb0410ea696ef402135223b85f8e1f731bc39fd5bc0faf403f34c93972438d51e,0x5654d65578cda52791879751141f2f3d7dc27fe4,0xe8c060f8052e07423f71d445277c61ac5138a2e5,156.0524089133582,,,,ATA,erc20,"{'value': '0x0875a9871b08b76687', 'address': '0xa2120b9e674d3fc3875f415a7df52e382f141225', 'decimal': '0x12'}",{'blockTimestamp': '2022-12-05T04:09:47.000Z'}
989,0xf5e8b3,0x013462d97a84a8fab47185602026c3c23a8bf9cdf365886b3df3bbf18647ef7b:log:73,0x013462d97a84a8fab47185602026c3c23a8bf9cdf365886b3df3bbf18647ef7b,0xe653e7d07b0fedfac957f917a75e1417e004feaf,0x855a7ec2be95a5fe7ed47b705ec6fe60928333d2,8.417508,,,,ATA,erc20,"{'value': '0x74d0feed9a024000', 'address': '0xa2120b9e674d3fc3875f415a7df52e382f141225', 'decimal': '0x12'}",{'blockTimestamp': '2022-12-05T03:23:59.000Z'}
990,0xf5e7d9,0x471320a42ef6a9bfaf35239c857e0edd9dff0591b3d4d579d786a6c4d71efb1d:log:92,0x471320a42ef6a9bfaf35239c857e0edd9dff0591b3d4d579d786a6c4d71efb1d,0x28c6c06298d514db089934071355e5743bf21d60,0xd45a819e3d086a05b4edffe4c6d8cfa7c89898eb,5243.673,,,,ATA,erc20,"{'value': '0x011c4294cb546ae28000', 'address': '0xa2120b9e674d3fc3875f415a7df52e382f141225', 'decimal': '0x12'}",{'blockTimestamp': '2022-12-05T02:39:59.000Z'}
991,0xf5e7c2,0x9364648711773639e37e08e43df361f62ad93dfd2285ac5b9c1048a610a35e00:log:112,0x9364648711773639e37e08e43df361f62ad93dfd2285ac5b9c1048a610a35e00,0xdfd5293d8e347dfe59e90efd55b2956a1343963d,0x00fb4fad7e3dbb778d448720b29d45f3aac4585c,26.0,,,,ATA,erc20,"{'value': '0x0168d28e3f00280000', 'address': '0xa2120b9e674d3fc3875f415a7df52e382f141225', 'decimal': '0x12'}",{'blockTimestamp': '2022-12-05T02:35:23.000Z'}
992,0xf5e2dc,0x44cdc56017b8e4b5de3f5f3503b9b6a9676af31deaa68b349b5c210c5e2fb1df:log:376,0x44cdc56017b8e4b5de3f5f3503b9b6a9676af31deaa68b349b5c210c5e2fb1df,0xaf63977a00d25a301c21d4ad076bc10da23f6f63,0xa10645360df68307753ad25be5c7d8f0b828a3b1,1785.3571428571427,,,,ATA,erc20,"{'value': '0x60c8cebe3376556db7', 'address': '0xa2120b9e674d3fc3875f415a7df52e382f141225', 'decimal': '0x12'}",{'blockTimestamp': '2022-12-04T22:22:47.000Z'}
993,0xf5dd35,0x1ea1d3879b1bc80258d37fb0d45e8b7bd1f65142eb5b9cb69c74a7c15f12b962:log:49,0x1ea1d3879b1bc80258d37fb0d45e8b7bd1f65142eb5b9cb69c74a7c15f12b962,0x21a31ee1afc51d94c2efccaa2092ad1028285549,0x919cfa334ff0593427e1628da9412861d51c5742,166.617,,,,ATA,erc20,"{'value': '0x0908467eb9ad428000', 'address': '0xa2120b9e674d3fc3875f415a7df52e382f141225', 'decimal': '0x12'}",{'blockTimestamp': '2022-12-04T17:31:35.000Z'}
994,0xf5d6e0,0xf36e952986d694572f2ac9e3dc03aae3e097d5e1f17937daccbf1550143cd886:log:46,0xf36e952986d694572f2ac9e3dc03aae3e097d5e1f17937daccbf1550143cd886,0x28c6c06298d514db089934071355e5743bf21d60,0x521ac400f4c7861997d9c7c96140c7a60c2d9e33,1165.807,,,,ATA,erc20,"{'value': '0x3f32d279ca2fd18000', 'address': '0xa2120b9e674d3fc3875f415a7df52e382f141225', 'decimal': '0x12'}",{'blockTimestamp': '2022-12-04T12:05:23.000Z'}
995,0xf5d4ce,0xdd4bad39b125643ddfecd8609877f500680dadcf425a1f49465ae54af77097c0:log:423,0xdd4bad39b125643ddfecd8609877f500680dadcf425a1f49465ae54af77097c0,0x3c02290922a3618a4646e3bbca65853ea45fe7c6,0xe202532077de92d653012cd5a0aa302b8f77baa4,2349.697,,,,ATA,erc20,"{'value': '0x7f6098ac4591068000', 'address': '0xa2120b9e674d3fc3875f415a7df52e382f141225', 'decimal': '0x12'}",{'blockTimestamp': '2022-12-04T10:18:23.000Z'}
996,0xf5d35d,0xebb9fc5cec844b7e0f29bb583cf680cb88f558699e16e611f555ed5fcadd0d38:log:75,0xebb9fc5cec844b7e0f29bb583cf680cb88f558699e16e611f555ed5fcadd0d38,0x28c6c06298d514db089934071355e5743bf21d60,0x1824ffb249cd510573840155b3defbbdb4abb916,1064077.5125196,,,,ATA,erc20,"{'value': '0xe153c1ee084afc80e000', 'address': '0xa2120b9e674d3fc3875f415a7df52e382f141225', 'decimal': '0x12'}",{'blockTimestamp': '2022-12-04T09:03:23.000Z'}
997,0xf5bfa8,0xfec4496b7ae2ba3ae3b83035fefc134d30af04cc66dbba5c1587c2bc4a79bb14:log:25,0xfec4496b7ae2ba3ae3b83035fefc134d30af04cc66dbba5c1587c2bc4a79bb14,0xb638c9ed38621892c52611fac202aca483482c0d,0xa9d1e08c7793af67e9d92fe308d5697fb81d3e43,956901.8200000001,,,,ATA,erc20,"{'value': '0xcaa1c0692edf4c460000', 'address': '0xa2120b9e674d3fc3875f415a7df52e382f141225', 'decimal': '0x12'}",{'blockTimestamp': '2022-12-03T16:09:11.000Z'}
998,0xf5bf98,0x2a3a84604ca468a46dad306079464493800d80006b486ff0f27d0e6800f1aefa:log:71,0x2a3a84604ca468a46dad306079464493800d80006b486ff0f27d0e6800f1aefa,0x28c6c06298d514db089934071355e5743bf21d60,0xf980f06e01d1c5c507ab57f48755005fa3fd10f2,540000.0,,,,ATA,erc20,"{'value': '0x7259756a8d6199800000', 'address': '0xa2120b9e674d3fc3875f415a7df52e382f141225', 'decimal': '0x12'}",{'blockTimestamp': '2022-12-03T16:05:59.000Z'}
999,0xf5bf7b,0xb2b841dbde98c0e5c81bc6225887be70db4121b2a592ead014834847836a722d:log:177,0xb2b841dbde98c0e5c81bc6225887be70db4121b2a592ead014834847836a722d,0x73f9b272abda7a97cb1b237d85f9a7236edb6f16,0x28c6c06298d514db089934071355e5743bf21d60,569429.9576505,,,,ATA,erc20,"{'value': '0x7894dc1fa9e9a3ada800', 'address': '0xa2120b9e674d3fc3875f415a7df52e382f141225', 'decimal': '0x12'}",{'blockTimestamp': '2022-12-03T16:00:11.000Z'}
0,0xf5bee6,0x2bb369c0faca09b69b661959bcd58a5a3d3845049861a5012622773d3063a0bf:log:70,0x2bb369c0faca09b69b661959bcd58a5a3d3845049861a5012622773d3063a0bf,0xa9843f1973974aed637712069ab59ee903adf3fc,0x28c6c06298d514db089934071355e5743bf21d60,1280.0,,,,ATA,erc20,"{'value': '0x4563918244f4000000', 'address': '0xa2120b9e674d3fc3875f415a7df52e382f141225', 'decimal': '0x12'}",{'blockTimestamp': '2022-12-03T15:30:11.000Z'}
1,0xf5be8e,0xda79319dae9d1d3a2250bf583f662d5366a6c9d2ef78ee9eae1e80582b1b896f:log:242,0xda79319dae9d1d3a2250bf583f662d5366a6c9d2ef78ee9eae1e80582b1b896f,0x3c02290922a3618a4646e3bbca65853ea45fe7c6,0xa9843f1973974aed637712069ab59ee903adf3fc,1280.0,,,,ATA,erc20,"{'value': '0x4563918244f4000000', 'address': '0xa2120b9e674d3fc3875f415a7df52e382f141225', 'decimal': '0x12'}",{'blockTimestamp': '2022-12-03T15:12:23.000Z'}
2,0xf5bd7d,0x80321d87de2b93cd24b1a36a530c52afd109909017574d5b32a6d4259649832f:log:142,0x80321d87de2b93cd24b1a36a530c52afd109909017574d5b32a6d4259649832f,0x28c6c06298d514db089934071355e5743bf21d60,0xf980f06e01d1c5c507ab57f48755005fa3fd10f2,9974.0,,,,ATA,erc20,"{'value': '0x021cb10e3b7bb2180000', 'address': '0xa2120b9e674d3fc3875f415a7df52e382f141225', 'decimal': '0x12'}",{'blockTimestamp': '2022-12-03T14:17:11.000Z'}
3,0xf5bb7c,0x3c713393de35762ea270de1e68f2b654f0b566402255a8adcadb889a7a6ebf2b:log:104,0x3c713393de35762ea270de1e68f2b654f0b566402255a8adcadb889a7a6ebf2b,0xa9d1e08c7793af67e9d92fe308d5697fb81d3e43,0x73f9b272abda7a97cb1b237d85f9a7236edb6f16,569429.9576505,,,,ATA,erc20,"{'value': '0x7894dc1fa9e9a3ada800', 'address': '0xa2120b9e674d3fc3875f415a7df52e382f141225', 'decimal': '0x12'}",{'blockTimestamp': '2022-12-03T12:34:11.000Z'}
4,0xf5ba58,0x567de49f68f4322cdbdd99bafc4f9b45c358ed38ee297f021c7e3e6e58c5881f:log:36,0x567de49f68f4322cdbdd99bafc4f9b45c358ed38ee297f021c7e3e6e58c5881f,0xdfd5293d8e347dfe59e90efd55b2956a1343963d,0x1670212deac98bc769933e228f3bf3c9b529eb88,117.37869969,,,,ATA,erc20,"{'value': '0x065cf4e97813b42400', 'address': '0xa2120b9e674d3fc3875f415a7df52e382f141225', 'decimal': '0x12'}",{'blockTimestamp': '2022-12-03T11:35:23.000Z'}
5,0xf5ba3e,0x678a018349b6357c5e6ff4858dc98ee7bb5e41525d234623bdc2ab0043a0e5e9:log:266,0x678a018349b6357c5e6ff4858dc98ee7bb5e41525d234623bdc2ab0043a0e5e9,0x114b906dc423deb365f943ab6df1ffdc9f3e639c,0x28c6c06298d514db089934071355e5743bf21d60,22320.535714285714,,,,ATA,erc20,"{'value': '0x04b9ffa88ce053da2492', 'address': '0xa2120b9e674d3fc3875f415a7df52e382f141225', 'decimal': '0x12'}",{'blockTimestamp': '2022-12-03T11:30:11.000Z'}
6,0xf5b9f8,0x7a162c4f76ba2c4541f6ee156cd32c560ae364b9832571c19af0ce3b5ddde5b4:log:60,0x7a162c4f76ba2c4541f6ee156cd32c560ae364b9832571c19af0ce3b5ddde5b4,0xb14025f7eb7717cff43e7a33b66d86eabd6bc7d7,0x114b906dc423deb365f943ab6df1ffdc9f3e639c,22320.535714285714,,,,ATA,erc20,"{'value': '0x04b9ffa88ce053da2492', 'address': '0xa2120b9e674d3fc3875f415a7df52e382f141225', 'decimal': '0x12'}",{'blockTimestamp': '2022-12-03T11:15:47.000Z'}
7,0xf5b855,0x765b5d5cf7e25822c232e3707d8dabc3d5e2b057c7b65a5c1ffec38aee58216a:log:206,0x765b5d5cf7e25822c232e3707d8dabc3d5e2b057c7b65a5c1ffec38aee58216a,0xa2120b9e674d3fc3875f415a7df52e382f141225,0xb14025f7eb7717cff43e7a33b66d86eabd6bc7d7,22320.535714285714,,,,ATA,erc20,"{'value': '0x04b9ffa88ce053da2492', 'address': '0xa2120b9e674d3fc3875f415a7df52e382f141225', 'decimal': '0x12'}",{'blockTimestamp': '2022-12-03T09:51:23.000Z'}
8,0xf5b7ec,0x9187988232320f9cdd814ecfeccced4e0fa07e11a17691049aa912d1f6c187d7:log:126,0x9187988232320f9cdd814ecfeccced4e0fa07e11a17691049aa912d1f6c187d7,0x27b4238fb109db408c8adb46a55c9e908aed11e3,0x28c6c06298d514db089934071355e5743bf21d60,1533.432,,,,ATA,erc20,"{'value': '0x5320a4d78770cc0000', 'address': '0xa2120b9e674d3fc3875f415a7df52e382f141225', 'decimal': '0x12'}",{'blockTimestamp': '2022-12-03T09:30:11.000Z'}
9,0xf5b7a4,0xfa45545974d3ade4bf6c377fce155ae4974fbac6476aa5819e5cbc006cad0571:log:62,0xfa45545974d3ade4bf6c377fce155ae4974fbac6476aa5819e5cbc006cad0571,0x21a31ee1afc51d94c2efccaa2092ad1028285549,0xf819d79d9b94a1259ce02ad1f1d1e48c63d48449,4677.0,,,,ATA,erc20,"{'value': '0xfd8a69e03125f40000', 'address': '0xa2120b9e674d3fc3875f415a7df52e382f141225', 'decimal': '0x12'}",{'blockTimestamp': '2022-12-03T09:15:47.000Z'}
10,0xf5b789,0xc90ae9bd1f88284f6d35da1f625b97cdd41fa13f93c3dccf65af278143e32794:log:111,0xc90ae9bd1f88284f6d35da1f625b97cdd41fa13f93c3dccf65af278143e32794,0x3c02290922a3618a4646e3bbca65853ea45fe7c6,0x27b4238fb109db408c8adb46a55c9e908aed11e3,1533.432,,,,ATA,erc20,"{'value': '0x5320a4d78770cc0000', 'address': '0xa2120b9e674d3fc3875f415a7df52e382f141225', 'decimal': '0x12'}",{'blockTimestamp': '2022-12-03T09:10:23.000Z'}
11,0xf5b62b,0x270165290530004102d098c7dd930d47c9b792e735bc27363b4d8b11234f6866:log:185,0x270165290530004102d098c7dd930d47c9b792e735bc27363b4d8b11234f6866,0xf05e2a70346560d3228c7002194bb7c5dc8fe100,0x28c6c06298d514db089934071355e5743bf21d60,37820.0,,,,ATA,erc20,"{'value': '0x080239ef550d59700000', 'address': '0xa2120b9e674d3fc3875f415a7df52e382f141225', 'decimal': '0x12'}",{'blockTimestamp': '2022-12-03T08:00:11.000Z'}
12,0xf5b5bd,0xe81f4f95846a18af89ea4fc9775cd3825d7020385925a46d4d1d4eca55fb6bc9:log:150,0xe81f4f95846a18af89ea4fc9775cd3825d7020385925a46d4d1d4eca55fb6bc9,0xa9d1e08c7793af67e9d92fe308d5697fb81d3e43,0xf2bfc8e77e4f1367443822278577513b4da6158c,648.68280947,,,,ATA,erc20,"{'value': '0x232a484a5819bf6c00', 'address': '0xa2120b9e674d3fc3875f415a7df52e382f141225', 'decimal': '0x12'}",{'blockTimestamp': '2022-12-03T07:38:11.000Z'}
13,0xf5b5a6,0xc2480b9eb3858dbc4a7a06abdf0b82929b27df4fc983a767ab5bf5fdd2a372a1:log:29,0xc2480b9eb3858dbc4a7a06abdf0b82929b27df4fc983a767ab5bf5fdd2a372a1,0xf16e9b0d03470827a95cdfd0cb8a8a3b46969b91,0xf05e2a70346560d3228c7002194bb7c5dc8fe100,37820.0,,,,ATA,erc20,"{'value': '0x080239ef550d59700000', 'address': '0xa2120b9e674d3fc3875f415a7df52e382f141225', 'decimal': '0x12'}",{'blockTimestamp': '2022-12-03T07:33:35.000Z'}
14,0xf5b595,0x6566d6e6265fa52f3dc827f4a8a10157382b43fcc7f8a131a3b1a8ee48dd5c88:log:301,0x6566d6e6265fa52f3dc827f4a8a10157382b43fcc7f8a131a3b1a8ee48dd5c88,0x4ea40d1f42c91bd37825e88d67bc2a27e162dff3,0x28c6c06298d514db089934071355e5743bf21d60,24999.999999999996,,,,ATA,erc20,"{'value': '0x054b40b1f852bda00000', 'address': '0xa2120b9e674d3fc3875f415a7df52e382f141225', 'decimal': '0x12'}",{'blockTimestamp': '2022-12-03T07:30:11.000Z'}
15,0xf5b55a,0xb70e48158b66c16daad6082ea193387efb9aea11f3f08c5b39eecdbe6a98c439:log:90,0xb70e48158b66c16daad6082ea193387efb9aea11f3f08c5b39eecdbe6a98c439,0x02742aa3d0ca88052cd8f7db2bc7629842e3dff3,0x4ea40d1f42c91bd37825e88d67bc2a27e162dff3,24999.999999999996,,,,ATA,erc20,"{'value': '0x054b40b1f852bda00000', 'address': '0xa2120b9e674d3fc3875f415a7df52e382f141225', 'decimal': '0x12'}",{'blockTimestamp': '2022-12-03T07:18:23.000Z'}
16,0xf5b2b2,0x45b98aaf4bcfcace28da1b2907d3eebd69f485a5556131909f4ef58005471918:log:31,0x45b98aaf4bcfcace28da1b2907d3eebd69f485a5556131909f4ef58005471918,0x28c6c06298d514db089934071355e5743bf21d60,0x329550de4c4d336e3b294ac9ae47c78ebf48917b,1540.432,,,,ATA,erc20,"{'value': '0x5381c9d67104880000', 'address': '0xa2120b9e674d3fc3875f415a7df52e382f141225', 'decimal': '0x12'}",{'blockTimestamp': '2022-12-03T05:01:35.000Z'}
17,0xf5b288,0xe76ed3083ee0107aa853796d0958d3dfe811bc9979db9f0d8beb573e9e049bb6:log:39,0xe76ed3083ee0107aa853796d0958d3dfe811bc9979db9f0d8beb573e9e049bb6,0xdfd5293d8e347dfe59e90efd55b2956a1343963d,0xa503fba23252ce9c41d38a03e60802adc2cdea4c,1287.0,,,,ATA,erc20,"{'value': '0x45c4b6812e87bc0000', 'address': '0xa2120b9e674d3fc3875f415a7df52e382f141225', 'decimal': '0x12'}",{'blockTimestamp': '2022-12-03T04:53:11.000Z'}
18,0xf5ac2f,0xbbb1cd54f2d8a319bda3a12223b776ae931bfb60841ed42b8a211305a5902cfd:log:45,0xbbb1cd54f2d8a319bda3a12223b776ae931bfb60841ed42b8a211305a5902cfd,0x21a31ee1afc51d94c2efccaa2092ad1028285549,0x394aa905e2cf9d8ac829e5e0e0c87c25ece159b8,194.02677771999998,,,,ATA,erc20,"{'value': '0x0a84a99656a246b000', 'address': '0xa2120b9e674d3fc3875f415a7df52e382f141225', 'decimal': '0x12'}",{'blockTimestamp': '2022-12-02T23:26:59.000Z'}
19,0xf5a4f5,0xe71d8ee32517917f236dda4c039f8de4fa1175a323bf9c5bb83d5a52e84e8631:log:42,0xe71d8ee32517917f236dda4c039f8de4fa1175a323bf9c5bb83d5a52e84e8631,0x28c6c06298d514db089934071355e5743bf21d60,0x5857757b4c9825a253c3519381d866238bdff36a,2519.451,,,,ATA,erc20,"{'value': '0x88946807e062af8000', 'address': '0xa2120b9e674d3fc3875f415a7df52e382f141225', 'decimal': '0x12'}",{'blockTimestamp': '2022-12-02T17:14:59.000Z'}
20,0xf5a4f3,0xa106f925c44ef5b4c33749dc5d59780518217358f1251aaced777513c632996f:log:30,0xa106f925c44ef5b4c33749dc5d59780518217358f1251aaced777513c632996f,0xdfd5293d8e347dfe59e90efd55b2956a1343963d,0x027996d61b0fcc4e7b3fca36c85d77355a0b4952,23339.61,,,,ATA,erc20,"{'value': '0x04f13e27b4724ac90000', 'address': '0xa2120b9e674d3fc3875f415a7df52e382f141225', 'decimal': '0x12'}",{'blockTimestamp': '2022-12-02T17:14:35.000Z'}
21,0xf5a3a6,0x0407ff29038e1703706b803c78b4b137606aabb13e0552778d0c13e979e1f5df:log:68,0x0407ff29038e1703706b803c78b4b137606aabb13e0552778d0c13e979e1f5df,0x21a31ee1afc51d94c2efccaa2092ad1028285549,0x5857757b4c9825a253c3519381d866238bdff36a,7634.992,,,,ATA,erc20,"{'value': '0x019de4cc841425380000', 'address': '0xa2120b9e674d3fc3875f415a7df52e382f141225', 'decimal': '0x12'}",{'blockTimestamp': '2022-12-02T16:07:35.000Z'}
22,0xf5a35e,0xcb8a989cbc86b83bf4f916976c29e098258349350b5e7b56a170cf525307caaf:log:72,0xcb8a989cbc86b83bf4f916976c29e098258349350b5e7b56a170cf525307caaf,0x28c6c06298d514db089934071355e5743bf21d60,0x027996d61b0fcc4e7b3fca36c85d77355a0b4952,8044.92,,,,ATA,erc20,"{'value': '0x01b41db1542fe38c0000', 'address': '0xa2120b9e674d3fc3875f415a7df52e382f141225', 'decimal': '0x12'}",{'blockTimestamp': '2022-12-02T15:52:59.000Z'}
23,0xf5a323,0x7e9af2bb8060fa1631a2f0e141d72d741e8739e0fa2ed665b9bdb0389d92a5c5:log:77,0x7e9af2bb8060fa1631a2f0e141d72d741e8739e0fa2ed665b9bdb0389d92a5c5,0xa9d1e08c7793af67e9d92fe308d5697fb81d3e43,0xf10692835a2af9dbf718082fd87c9f11add6c12c,76.47738908999999,,,,ATA,erc20,"{'value': '0x042556442ecac8d400', 'address': '0xa2120b9e674d3fc3875f415a7df52e382f141225', 'decimal': '0x12'}",{'blockTimestamp': '2022-12-02T15:41:11.000Z'}
24,0xf5a30a,0x1aa0305c006eaa06c508086baa72b0ed8f7310fe28c4c65640563a5b3c56b91a:log:271,0x1aa0305c006eaa06c508086baa72b0ed8f7310fe28c4c65640563a5b3c56b91a,0x01d92b36d30fe614e309aaf20c80c5c3bd380616,0xf16e9b0d03470827a95cdfd0cb8a8a3b46969b91,13095.0,,,,ATA,erc20,"{'value': '0x02c5e1a19fb76c3c0000', 'address': '0xa2120b9e674d3fc3875f415a7df52e382f141225', 'decimal': '0x12'}",{'blockTimestamp': '2022-12-02T15:36:11.000Z'}
25,0xf5a23e,0xc189d3fbb25af798408d132a3002502ac480438ae2ada9c5a7c9bd6e16e4f5b7:log:170,0xc189d3fbb25af798408d132a3002502ac480438ae2ada9c5a7c9bd6e16e4f5b7,0xaf63977a00d25a301c21d4ad076bc10da23f6f63,0x01d92b36d30fe614e309aaf20c80c5c3bd380616,13095.0,,,,ATA,erc20,"{'value': '0x02c5e1a19fb76c3c0000', 'address': '0xa2120b9e674d3fc3875f415a7df52e382f141225', 'decimal': '0x12'}",{'blockTimestamp': '2022-12-02T14:55:23.000Z'}
26,0xf5a232,0xbaa55278432bf9b20f58614cb582ad429d666d47821c2fb008b8c1787a645927:log:3,0xbaa55278432bf9b20f58614cb582ad429d666d47821c2fb008b8c1787a645927,0xa2120b9e674d3fc3875f415a7df52e382f141225,0xaf63977a00d25a301c21d4ad076bc10da23f6f63,14880.357142857143,,,,ATA,erc20,"{'value': '0x0326aa705deae2916db7', 'address': '0xa2120b9e674d3fc3875f415a7df52e382f141225', 'decimal': '0x12'}",{'blockTimestamp': '2022-12-02T14:52:59.000Z'}
27,0xf5a12d,0x6302701bda075d6550e138003134ce8ead762976f4e9bab3838a7c5f060186ad:log:172,0x6302701bda075d6550e138003134ce8ead762976f4e9bab3838a7c5f060186ad,0xe202532077de92d653012cd5a0aa302b8f77baa4,0x28c6c06298d514db089934071355e5743bf21d60,1070.5230000000001,,,,ATA,erc20,"{'value': '0x3a087db4a0457f8000', 'address': '0xa2120b9e674d3fc3875f415a7df52e382f141225', 'decimal': '0x12'}",{'blockTimestamp': '2022-12-02T14:00:11.000Z'}
28,0xf5a098,0xd477ac23c165678a24fa9ca2266798688e4e75b588f74e60d78e01ffae2b448b:log:416,0xd477ac23c165678a24fa9ca2266798688e4e75b588f74e60d78e01ffae2b448b,0x3c02290922a3618a4646e3bbca65853ea45fe7c6,0xe202532077de92d653012cd5a0aa302b8f77baa4,1070.5230000000001,,,,ATA,erc20,"{'value': '0x3a087db4a0457f8000', 'address': '0xa2120b9e674d3fc3875f415a7df52e382f141225', 'decimal': '0x12'}",{'blockTimestamp': '2022-12-02T13:30:23.000Z'}
29,0xf5a001,0x86e697f05e36644740a6c940ff6f42e7f83e66c6cde5969247a5766b82c65bac:log:201,0x86e697f05e36644740a6c940ff6f42e7f83e66c6cde5969247a5766b82c65bac,0x43e94bc9d1d59fde92453d022ccb012218c6f038,0x28c6c06298d514db089934071355e5743bf21d60,29761.142942857143,,,,ATA,erc20,"{'value': '0x064d5ad3a13c3f91edb7', 'address': '0xa2120b9e674d3fc3875f415a7df52e382f141225', 'decimal': '0x12'}",{'blockTimestamp': '2022-12-02T13:00:11.000Z'}
30,0xf59fd6,0x1676d2e638086d9eeb234f82ebf2dcc5e4392d58663d20d6fde089924ba27693:log:111,0x1676d2e638086d9eeb234f82ebf2dcc5e4392d58663d20d6fde089924ba27693,0xdedea2917faa29bdd6245987d4c0647d246afabd,0x43e94bc9d1d59fde92453d022ccb012218c6f038,29761.142942857143,,,,ATA,erc20,"{'value': '0x064d5ad3a13c3f91edb7', 'address': '0xa2120b9e674d3fc3875f415a7df52e382f141225', 'decimal': '0x12'}",{'blockTimestamp': '2022-12-02T12:51:35.000Z'}
31,0xf59fbb,0xe4b1520c28d29a4fb3de5303ec84e98f70e65962764a7d00115cf8f768569840:log:129,0xe4b1520c28d29a4fb3de5303ec84e98f70e65962764a7d00115cf8f768569840,0xa2120b9e674d3fc3875f415a7df52e382f141225,0xdedea2917faa29bdd6245987d4c0647d246afabd,29760.714285714286,,,,ATA,erc20,"{'value': '0x064d54e0bbd5c522db6e', 'address': '0xa2120b9e674d3fc3875f415a7df52e382f141225', 'decimal': '0x12'}",{'blockTimestamp': '2022-12-02T12:45:59.000Z'}
32,0xf59ed8,0x57ce3e270205d2e6d05fcacfb0605d7bc95d172defd7d6e0aebef804fda6e40c:log:278,0x57ce3e270205d2e6d05fcacfb0605d7bc95d172defd7d6e0aebef804fda6e40c,0x1b6ccc5509bc04cfc32f72716588da4bf807cf4e,0x28c6c06298d514db089934071355e5743bf21d60,14880.357142857143,,,,ATA,erc20,"{'value': '0x0326aa705deae2916db7', 'address': '0xa2120b9e674d3fc3875f415a7df52e382f141225', 'decimal': '0x12'}",{'blockTimestamp': '2022-12-02T12:00:23.000Z'}
33,0xf59e8b,0x962d1e452656f577d4504fc27516de79c4f0d0ac7e8b096280a46921e037cda1:log:121,0x962d1e452656f577d4504fc27516de79c4f0d0ac7e8b096280a46921e037cda1,0xcbbc8d8963a44349843b44c9018587c99ef5c28e,0x1b6ccc5509bc04cfc32f72716588da4bf807cf4e,14880.357142857143,,,,ATA,erc20,"{'value': '0x0326aa705deae2916db7', 'address': '0xa2120b9e674d3fc3875f415a7df52e382f141225', 'decimal': '0x12'}",{'blockTimestamp': '2022-12-02T11:44:47.000Z'}
34,0xf59e83,0x441fc4687f4b73fc4efb825246904b26b9ba2dc05792d2db4b21b5445585a7c0:log:66,0x441fc4687f4b73fc4efb825246904b26b9ba2dc05792d2db4b21b5445585a7c0,0xa2120b9e674d3fc3875f415a7df52e382f141225,0xcbbc8d8963a44349843b44c9018587c99ef5c28e,14880.357142857143,,,,ATA,erc20,"{'value': '0x0326aa705deae2916db7', 'address': '0xa2120b9e674d3fc3875f415a7df52e382f141225', 'decimal': '0x12'}",{'blockTimestamp': '2022-12-02T11:43:11.000Z'}
35,0xf59ad2,0x5fbc20b10ecbc50f1854c40650fbbc0e6113b396de1de830290c88d8c47dd036:log:30,0x5fbc20b10ecbc50f1854c40650fbbc0e6113b396de1de830290c88d8c47dd036,0xdfd5293d8e347dfe59e90efd55b2956a1343963d,0xe3b82cfe738a7296c49cf6559f92a422607c40c0,750.0,,,,ATA,erc20,"{'value': '0x28a857425466f80000', 'address': '0xa2120b9e674d3fc3875f415a7df52e382f141225', 'decimal': '0x12'}",{'blockTimestamp': '2022-12-02T08:33:35.000Z'}
36,0xf59acf,0xb668d3ab4a021c3c1293bf42d1654921ad1eab6967482034810701dadfc5a61e:log:128,0xb668d3ab4a021c3c1293bf42d1654921ad1eab6967482034810701dadfc5a61e,0x21a31ee1afc51d94c2efccaa2092ad1028285549,0x78f36b20b3297de1844b9accb1acdcdb721bd4c1,1000.0,,,,ATA,erc20,"{'value': '0x3635c9adc5dea00000', 'address': '0xa2120b9e674d3fc3875f415a7df52e382f141225', 'decimal': '0x12'}",{'blockTimestamp': '2022-12-02T08:32:59.000Z'}
37,0xf59996,0x51a5be32c69fb5669f3528aa6c23b6250aeecb164e3792325050df43c95edc43:log:311,0x51a5be32c69fb5669f3528aa6c23b6250aeecb164e3792325050df43c95edc43,0x930cc25706752e96620113208267b44d68c1113f,0x28c6c06298d514db089934071355e5743bf21d60,4278.661,,,,ATA,erc20,"{'value': '0xe7f259762eb5a08000', 'address': '0xa2120b9e674d3fc3875f415a7df52e382f141225', 'decimal': '0x12'}",{'blockTimestamp': '2022-12-02T07:30:11.000Z'}
38,0xf598e5,0xba77cfc42f52a25193c8b8c996d1367a2f7db8876d49bad79bbeaac06ae31e5e:log:85,0xba77cfc42f52a25193c8b8c996d1367a2f7db8876d49bad79bbeaac06ae31e5e,0x5857757b4c9825a253c3519381d866238bdff36a,0x930cc25706752e96620113208267b44d68c1113f,4278.661,,,,ATA,erc20,"{'value': '0xe7f259762eb5a08000', 'address': '0xa2120b9e674d3fc3875f415a7df52e382f141225', 'decimal': '0x12'}",{'blockTimestamp': '2022-12-02T06:54:35.000Z'}
39,0xf597d5,0x7d2f3984906298928afc4fc62450cc939ff1b7d9c0a47b71185de7675cb8424c:log:299,0x7d2f3984906298928afc4fc62450cc939ff1b7d9c0a47b71185de7675cb8424c,0xf05e2a70346560d3228c7002194bb7c5dc8fe100,0x28c6c06298d514db089934071355e5743bf21d60,79657.0,,,,ATA,erc20,"{'value': '0x10de36f183204b040000', 'address': '0xa2120b9e674d3fc3875f415a7df52e382f141225', 'decimal': '0x12'}",{'blockTimestamp': '2022-12-02T06:00:11.000Z'}
40,0xf597c3,0x8cbb880681344a63ece80bd7583bc4df3adf760002c43a827e6333c82ad387f6:log:129,0x8cbb880681344a63ece80bd7583bc4df3adf760002c43a827e6333c82ad387f6,0x28c6c06298d514db089934071355e5743bf21d60,0xa36cadac75fb676191d05d8a502d78053ae7afd1,500.0,,,,ATA,erc20,"{'value': '0x1b1ae4d6e2ef500000', 'address': '0xa2120b9e674d3fc3875f415a7df52e382f141225', 'decimal': '0x12'}",{'blockTimestamp': '2022-12-02T05:56:35.000Z'}
41,0xf597bb,0x9eb3ca4a177fc124985fe2cbd645d177fc0d16dd899c85303935d7419256fdb3:log:68,0x9eb3ca4a177fc124985fe2cbd645d177fc0d16dd899c85303935d7419256fdb3,0xdfd5293d8e347dfe59e90efd55b2956a1343963d,0x45c89ad67a1725541785936841f03d934a018dfe,750.0,,,,ATA,erc20,"{'value': '0x28a857425466f80000', 'address': '0xa2120b9e674d3fc3875f415a7df52e382f141225', 'decimal': '0x12'}",{'blockTimestamp': '2022-12-02T05:54:59.000Z'}
42,0xf59773,0xff3f1c463829c3e68af97f6fc5596db274fcad40e72838e5cad775c754d3a2cc:log:51,0xff3f1c463829c3e68af97f6fc5596db274fcad40e72838e5cad775c754d3a2cc,0x28c6c06298d514db089934071355e5743bf21d60,0x21a31ee1afc51d94c2efccaa2092ad1028285549,124085.2677,,,,ATA,erc20,"{'value': '0x1a46ad03e539b8134000', 'address': '0xa2120b9e674d3fc3875f415a7df52e382f141225', 'decimal': '0x12'}",{'blockTimestamp': '2022-12-02T05:40:35.000Z'}
43,0xf5975c,0xfcab1ec8b58ee83e458072a5de502bbb052295d2b7fdbad1563fccab60440afb:log:162,0xfcab1ec8b58ee83e458072a5de502bbb052295d2b7fdbad1563fccab60440afb,0x733c5570597e609c796399333f0a176e444386ee,0xf16e9b0d03470827a95cdfd0cb8a8a3b46969b91,99825.0,,,,ATA,erc20,"{'value': '0x1523862afc7b89240000', 'address': '0xa2120b9e674d3fc3875f415a7df52e382f141225', 'decimal': '0x12'}",{'blockTimestamp': '2022-12-02T05:35:59.000Z'}
44,0xf59714,0x500feb8219e9ebe71ac7bd44ebec180ed37eaad1104b75d1561545d3469e0767:log:20,0x500feb8219e9ebe71ac7bd44ebec180ed37eaad1104b75d1561545d3469e0767,0x21a31ee1afc51d94c2efccaa2092ad1028285549,0x733c5570597e609c796399333f0a176e444386ee,99825.0,,,,ATA,erc20,"{'value': '0x1523862afc7b89240000', 'address': '0xa2120b9e674d3fc3875f415a7df52e382f141225', 'decimal': '0x12'}",{'blockTimestamp': '2022-12-02T05:21:23.000Z'}
45,0xf59709,0xfefa37735e58f51bfc4342a09c09d491c3765e658b4a13f4679373a1146ecc89:log:226,0xfefa37735e58f51bfc4342a09c09d491c3765e658b4a13f4679373a1146ecc89,0xa9d1e08c7793af67e9d92fe308d5697fb81d3e43,0xf10692835a2af9dbf718082fd87c9f11add6c12c,8.89284126,,,,ATA,erc20,"{'value': '0x7b69b8027a3cb800', 'address': '0xa2120b9e674d3fc3875f415a7df52e382f141225', 'decimal': '0x12'}",{'blockTimestamp': '2022-12-02T05:19:11.000Z'}
46,0xf596a3,0x5c2324cfd1745b5a9f4bd1f5474cc0230f33dfd0bf4c158ea09f0e0386f372ac:log:228,0x5c2324cfd1745b5a9f4bd1f5474cc0230f33dfd0bf4c158ea09f0e0386f372ac,0xf16e9b0d03470827a95cdfd0cb8a8a3b46969b91,0xf05e2a70346560d3228c7002194bb7c5dc8fe100,79657.0,,,,ATA,erc20,"{'value': '0x10de36f183204b040000', 'address': '0xa2120b9e674d3fc3875f415a7df52e382f141225', 'decimal': '0x12'}",{'blockTimestamp': '2022-12-02T04:58:47.000Z'}
47,0xf58815,0x5b41967bde47a207a89ff21356c89b6366db564c521af557a12d9859c98465a8:log:320,0x5b41967bde47a207a89ff21356c89b6366db564c521af557a12d9859c98465a8,0x649ae85d11017ac43f0cbab561982e0c9ceeda1f,0x28c6c06298d514db089934071355e5743bf21d60,8977.703183029436,,,,ATA,erc20,"{'value': '0x01e6aea8e70e233d4063', 'address': '0xa2120b9e674d3fc3875f415a7df52e382f141225', 'decimal': '0x12'}",{'blockTimestamp': '2022-12-01T16:30:11.000Z'}
48,0xf587eb,0xde8f849193b4c07486df89dcfff2069b652deab0ede4143c9c634c585724fe63:log:135,0xde8f849193b4c07486df89dcfff2069b652deab0ede4143c9c634c585724fe63,0x1bad1270426b8059a783704308cec80753de0b38,0x649ae85d11017ac43f0cbab561982e0c9ceeda1f,8977.703183029436,,,,ATA,erc20,"{'value': '0x01e6aea8e70e233d4063', 'address': '0xa2120b9e674d3fc3875f415a7df52e382f141225', 'decimal': '0x12'}",{'blockTimestamp': '2022-12-01T16:21:47.000Z'}
49,0xf587da,0xf6c175205735bf572f3c205774e1e20c32a3b0b920ecbb715ca25f737f044f7c:log:51,0xf6c175205735bf572f3c205774e1e20c32a3b0b920ecbb715ca25f737f044f7c,0x40ec5b33f54e0e8a33a975908c5ba1c14e5bbbdf,0x1bad1270426b8059a783704308cec80753de0b38,8977.703183029436,,,,ATA,erc20,"{'value': '0x01e6aea8e70e233d4063', 'address': '0xa2120b9e674d3fc3875f415a7df52e382f141225', 'decimal': '0x12'}",{'blockTimestamp': '2022-12-01T16:18:23.000Z'}
50,0xf58498,0x9d0afa254335347a194a8413852f4b1c0bfa263dd12f89eeacf50f6d6ec42c38:log:231,0x9d0afa254335347a194a8413852f4b1c0bfa263dd12f89eeacf50f6d6ec42c38,0xbc84b15d34ae33ff2fff69b4d49f600714cdf6f5,0x28c6c06298d514db089934071355e5743bf21d60,10837.527,,,,ATA,erc20,"{'value': '0x024b80e66ad230d58000', 'address': '0xa2120b9e674d3fc3875f415a7df52e382f141225', 'decimal': '0x12'}",{'blockTimestamp': '2022-12-01T13:30:11.000Z'}
51,0xf58498,0x3960b2454f3bac9275ef2256a2e20f035feab088af66691fbdea00ccba4dcf87:log:222,0x3960b2454f3bac9275ef2256a2e20f035feab088af66691fbdea00ccba4dcf87,0xf05e2a70346560d3228c7002194bb7c5dc8fe100,0x28c6c06298d514db089934071355e5743bf21d60,72525.0,,,,ATA,erc20,"{'value': '0x0f5b968f8e14e5140000', 'address': '0xa2120b9e674d3fc3875f415a7df52e382f141225', 'decimal': '0x12'}",{'blockTimestamp': '2022-12-01T13:30:11.000Z'}
52,0xf5846b,0x155b3e1c847454990c94fcb29689964248d71a06e3f3d8c93f71afbfb02dbd28:log:64,0x155b3e1c847454990c94fcb29689964248d71a06e3f3d8c93f71afbfb02dbd28,0x9fd20765881f9d4f8e655c6b7dfd04eb887298d6,0xbc84b15d34ae33ff2fff69b4d49f600714cdf6f5,10837.527,,,,ATA,erc20,"{'value': '0x024b80e66ad230d58000', 'address': '0xa2120b9e674d3fc3875f415a7df52e382f141225', 'decimal': '0x12'}",{'blockTimestamp': '2022-12-01T13:21:11.000Z'}
53,0xf583f0,0xb5565b4eaaf5929fd1314a069beb8db79bd9cfcff866a476aeb99a611947fd35:log:54,0xb5565b4eaaf5929fd1314a069beb8db79bd9cfcff866a476aeb99a611947fd35,0xf16e9b0d03470827a95cdfd0cb8a8a3b46969b91,0xf05e2a70346560d3228c7002194bb7c5dc8fe100,72525.0,,,,ATA,erc20,"{'value': '0x0f5b968f8e14e5140000', 'address': '0xa2120b9e674d3fc3875f415a7df52e382f141225', 'decimal': '0x12'}",{'blockTimestamp': '2022-12-01T12:56:35.000Z'}
54,0xf58083,0xe75ea801ae6d291df7d662c90c7dc5b42bc9297c2281241ff35b252a3b273257:log:268,0xe75ea801ae6d291df7d662c90c7dc5b42bc9297c2281241ff35b252a3b273257,0x4b8a339be06ff31752a806995b72e76e93dd9106,0x28c6c06298d514db089934071355e5743bf21d60,27268.405480489997,,,,ATA,erc20,"{'value': '0x05c63925264d315d2400', 'address': '0xa2120b9e674d3fc3875f415a7df52e382f141225', 'decimal': '0x12'}",{'blockTimestamp': '2022-12-01T10:00:11.000Z'}
55,0xf57fd7,0x0915692d8ccdb7002a676bb6066ecc7c1818945a1a17c61184341af3e8c1cd42:log:135,0x0915692d8ccdb7002a676bb6066ecc7c1818945a1a17c61184341af3e8c1cd42,0xa9d1e08c7793af67e9d92fe308d5697fb81d3e43,0x4b8a339be06ff31752a806995b72e76e93dd9106,27268.405480489997,,,,ATA,erc20,"{'value': '0x05c63925264d315d2400', 'address': '0xa2120b9e674d3fc3875f415a7df52e382f141225', 'decimal': '0x12'}",{'blockTimestamp': '2022-12-01T09:25:11.000Z'}
56,0xf57d05,0x3897a7bd3efc865e6d12414edb423982487e495e389b0f2fa06e07f7349ac56b:log:171,0x3897a7bd3efc865e6d12414edb423982487e495e389b0f2fa06e07f7349ac56b,0xf7bb3785a9d73d1140d18371be511c8d6ca06536,0x28c6c06298d514db089934071355e5743bf21d60,14880.357142857143,,,,ATA,erc20,"{'value': '0x0326aa705deae2916db7', 'address': '0xa2120b9e674d3fc3875f415a7df52e382f141225', 'decimal': '0x12'}",{'blockTimestamp': '2022-12-01T07:00:11.000Z'}
57,0xf57cbe,0x1d5aebb34aaaf33b64a036241eb4bca61e1a4b5f5841efac2d1edb1175983db2:log:10,0x1d5aebb34aaaf33b64a036241eb4bca61e1a4b5f5841efac2d1edb1175983db2,0x4d883824258f7253101f266a23207dcb2dd45768,0xf7bb3785a9d73d1140d18371be511c8d6ca06536,14880.357142857143,,,,ATA,erc20,"{'value': '0x0326aa705deae2916db7', 'address': '0xa2120b9e674d3fc3875f415a7df52e382f141225', 'decimal': '0x12'}",{'blockTimestamp': '2022-12-01T06:45:59.000Z'}
58,0xf57be2,0x831457e767c940fafceb43d7198f8d72604da89a81020a6774e7d537f13c70ce:log:58,0x831457e767c940fafceb43d7198f8d72604da89a81020a6774e7d537f13c70ce,0xa2120b9e674d3fc3875f415a7df52e382f141225,0x4d883824258f7253101f266a23207dcb2dd45768,14880.357142857143,,,,ATA,erc20,"{'value': '0x0326aa705deae2916db7', 'address': '0xa2120b9e674d3fc3875f415a7df52e382f141225', 'decimal': '0x12'}",{'blockTimestamp': '2022-12-01T06:01:59.000Z'}
59,0xf57984,0x655443c4f2c6e661c45ee40df89deb646a8e6bd1ba655e45560bb45c2b5d071e:log:217,0x655443c4f2c6e661c45ee40df89deb646a8e6bd1ba655e45560bb45c2b5d071e,0x4b8a339be06ff31752a806995b72e76e93dd9106,0x28c6c06298d514db089934071355e5743bf21d60,53471.015372040005,,,,ATA,erc20,"{'value': '0x0b52ab67bb4a07c85000', 'address': '0xa2120b9e674d3fc3875f415a7df52e382f141225', 'decimal': '0x12'}",{'blockTimestamp': '2022-12-01T04:00:11.000Z'}
60,0xf57925,0x42f20bafb76ddd9fb1bc5a4b90706b434dfbfe6619a87f1148ccaa1957126ef5:log:131,0x42f20bafb76ddd9fb1bc5a4b90706b434dfbfe6619a87f1148ccaa1957126ef5,0xa9d1e08c7793af67e9d92fe308d5697fb81d3e43,0x4b8a339be06ff31752a806995b72e76e93dd9106,53471.015372040005,,,,ATA,erc20,"{'value': '0x0b52ab67bb4a07c85000', 'address': '0xa2120b9e674d3fc3875f415a7df52e382f141225', 'decimal': '0x12'}",{'blockTimestamp': '2022-12-01T03:41:11.000Z'}
61,0xf578ee,0xfd37073e2946ebc00fda4909cb5192de09e0919ddb26af2bc8807d4754344d29:log:178,0xfd37073e2946ebc00fda4909cb5192de09e0919ddb26af2bc8807d4754344d29,0xf05e2a70346560d3228c7002194bb7c5dc8fe100,0x28c6c06298d514db089934071355e5743bf21d60,106234.0,,,,ATA,erc20,"{'value': '0x167ef4e8f4252fa80000', 'address': '0xa2120b9e674d3fc3875f415a7df52e382f141225', 'decimal': '0x12'}",{'blockTimestamp': '2022-12-01T03:30:11.000Z'}
62,0xf578ee,0xbea7c3c365173fb7496f6ccf125e8cd43179a385c6f3fa276ff7aa066ff78bd4:log:177,0xbea7c3c365173fb7496f6ccf125e8cd43179a385c6f3fa276ff7aa066ff78bd4,0x4b8a339be06ff31752a806995b72e76e93dd9106,0x28c6c06298d514db089934071355e5743bf21d60,42758.7754802,,,,ATA,erc20,"{'value': '0x090df536898a43b15000', 'address': '0xa2120b9e674d3fc3875f415a7df52e382f141225', 'decimal': '0x12'}",{'blockTimestamp': '2022-12-01T03:30:11.000Z'}
63,0xf57895,0x97f9cbff20f73e2647e1a1fde57eeddfff6c0f6bed326623f359dfd14c22c3a0:log:194,0x97f9cbff20f73e2647e1a1fde57eeddfff6c0f6bed326623f359dfd14c22c3a0,0xa9d1e08c7793af67e9d92fe308d5697fb81d3e43,0x4b8a339be06ff31752a806995b72e76e93dd9106,42758.7754802,,,,ATA,erc20,"{'value': '0x090df536898a43b15000', 'address': '0xa2120b9e674d3fc3875f415a7df52e382f141225', 'decimal': '0x12'}",{'blockTimestamp': '2022-12-01T03:12:11.000Z'}
64,0xf57884,0x2461b2d9179b958875625f9ebef9c74cb56318d700a1f5ca8dd7a7847c1084f0:log:38,0x2461b2d9179b958875625f9ebef9c74cb56318d700a1f5ca8dd7a7847c1084f0,0xf16e9b0d03470827a95cdfd0cb8a8a3b46969b91,0xf05e2a70346560d3228c7002194bb7c5dc8fe100,105774.0,,,,ATA,erc20,"{'value': '0x16660520a95467f80000', 'address': '0xa2120b9e674d3fc3875f415a7df52e382f141225', 'decimal': '0x12'}",{'blockTimestamp': '2022-12-01T03:08:47.000Z'}
65,0xf57847,0xf5d509c52da0ee131afa63e3d86880937764bec78ac7c3252644ba6bd6081739:log:52,0xf5d509c52da0ee131afa63e3d86880937764bec78ac7c3252644ba6bd6081739,0xf16e9b0d03470827a95cdfd0cb8a8a3b46969b91,0xf05e2a70346560d3228c7002194bb7c5dc8fe100,460.0,,,,ATA,erc20,"{'value': '0x18efc84ad0c7b00000', 'address': '0xa2120b9e674d3fc3875f415a7df52e382f141225', 'decimal': '0x12'}",{'blockTimestamp': '2022-12-01T02:56:35.000Z'}
66,0xf57514,0x4221affd3a76645b10354267d42da78749c9d428ea89c606fb807d6b75285679:log:171,0x4221affd3a76645b10354267d42da78749c9d428ea89c606fb807d6b75285679,0x5654d65578cda52791879751141f2f3d7dc27fe4,0x461070a653720c148ced5de33fb25b3edb447728,24.0587792650544,,,,ATA,erc20,"{'value': '0x014de1f445cf19e457', 'address': '0xa2120b9e674d3fc3875f415a7df52e382f141225', 'decimal': '0x12'}",{'blockTimestamp': '2022-12-01T00:11:59.000Z'}
67,0xf56ef7,0x0dc703078517b2cb4bb0e0bde5f276e42a6a2adfadeb9ba6cb31ed568e215121:log:118,0x0dc703078517b2cb4bb0e0bde5f276e42a6a2adfadeb9ba6cb31ed568e215121,0x28c6c06298d514db089934071355e5743bf21d60,0x76f9bcdaf318d2bf213687c3c66a22d7ba42e00f,35.0,,,,ATA,erc20,"{'value': '0x01e5b8fa8fe2ac0000', 'address': '0xa2120b9e674d3fc3875f415a7df52e382f141225', 'decimal': '0x12'}",{'blockTimestamp': '2022-11-30T18:55:35.000Z'}
68,0xf56e76,0x2d6f3f686a3386bad83d19419b2f49dd23cec0c0d77d1588950e7720d7776ce8:log:183,0x2d6f3f686a3386bad83d19419b2f49dd23cec0c0d77d1588950e7720d7776ce8,0x91715128a71c9c734cdc20e5edeeea02e72e428e,0x44c3d1b168be54dc31a53dda240ce6aa6108b998,1845214.2857142857,,,,ATA,erc20,"{'value': '0x0186bd44512cdc6ff92492', 'address': '0xa2120b9e674d3fc3875f415a7df52e382f141225', 'decimal': '0x12'}",{'blockTimestamp': '2022-11-30T18:29:47.000Z'}
69,0xf56e6f,0x722f658b152cf94b244fda56568081f7db5f279818f31b03c983ea2503ed3d91:log:44,0x722f658b152cf94b244fda56568081f7db5f279818f31b03c983ea2503ed3d91,0xa2120b9e674d3fc3875f415a7df52e382f141225,0x91715128a71c9c734cdc20e5edeeea02e72e428e,1845214.2857142857,,,,ATA,erc20,"{'value': '0x0186bd44512cdc6ff92492', 'address': '0xa2120b9e674d3fc3875f415a7df52e382f141225', 'decimal': '0x12'}",{'blockTimestamp': '2022-11-30T18:28:23.000Z'}
70,0xf56df0,0xbf5adc4325bd8b18a8b0235017fc8639cb1c91a41e2cc32ba5ec7d93a9c22116:log:231,0xbf5adc4325bd8b18a8b0235017fc8639cb1c91a41e2cc32ba5ec7d93a9c22116,0x8992a7c145bf2e7e19cd55d38318b11328d3e7ad,0x28c6c06298d514db089934071355e5743bf21d60,167826.00000000003,,,,ATA,erc20,"{'value': '0x2389dd9ddbbe53080000', 'address': '0xa2120b9e674d3fc3875f415a7df52e382f141225', 'decimal': '0x12'}",{'blockTimestamp': '2022-11-30T18:02:59.000Z'}
71,0xf56dbc,0xeae1e552954a90eb11b6cc268a3554732ab176cc931499df60bd7fe11b6c5c20:log:278,0xeae1e552954a90eb11b6cc268a3554732ab176cc931499df60bd7fe11b6c5c20,0x1d682ed9f8d15026200085cb6341c3895b60c007,0x8992a7c145bf2e7e19cd55d38318b11328d3e7ad,166726.0,,,,ATA,erc20,"{'value': '0x234e3c0ccfcb11580000', 'address': '0xa2120b9e674d3fc3875f415a7df52e382f141225', 'decimal': '0x12'}",{'blockTimestamp': '2022-11-30T17:52:23.000Z'}
72,0xf56da9,0x246de8f3badc70be807c86cb5c278759ac2b664e661dc9ff7db3204434ae697d:log:42,0x246de8f3badc70be807c86cb5c278759ac2b664e661dc9ff7db3204434ae697d,0x1d682ed9f8d15026200085cb6341c3895b60c007,0x8992a7c145bf2e7e19cd55d38318b11328d3e7ad,1000.0,,,,ATA,erc20,"{'value': '0x3635c9adc5dea00000', 'address': '0xa2120b9e674d3fc3875f415a7df52e382f141225', 'decimal': '0x12'}",{'blockTimestamp': '2022-11-30T17:48:35.000Z'}
73,0xf56d96,0x73d35588f138c0e55614d2c415838d88957b9dc2a5d1961de59af262848fd7c3:log:31,0x73d35588f138c0e55614d2c415838d88957b9dc2a5d1961de59af262848fd7c3,0x1d682ed9f8d15026200085cb6341c3895b60c007,0x8992a7c145bf2e7e19cd55d38318b11328d3e7ad,100.0,,,,ATA,erc20,"{'value': '0x056bc75e2d63100000', 'address': '0xa2120b9e674d3fc3875f415a7df52e382f141225', 'decimal': '0x12'}",{'blockTimestamp': '2022-11-30T17:44:47.000Z'}
74,0xf56b08,0x6f5f4e8c59a700b03bc2948675908f7a48ff715a9353320353913d950502ac2b:log:294,0x6f5f4e8c59a700b03bc2948675908f7a48ff715a9353320353913d950502ac2b,0x8992a7c145bf2e7e19cd55d38318b11328d3e7ad,0x28c6c06298d514db089934071355e5743bf21d60,5534.000000000001,,,,ATA,erc20,"{'value': '0x012bffad7f9c83b80000', 'address': '0xa2120b9e674d3fc3875f415a7df52e382f141225', 'decimal': '0x12'}",{'blockTimestamp': '2022-11-30T15:33:35.000Z'}
75,0xf56a84,0x713e7ddae4f861907d150442655e6b2404ca89575fc5a13fd6296fdc9011bea5:log:191,0x713e7ddae4f861907d150442655e6b2404ca89575fc5a13fd6296fdc9011bea5,0x73b3342cc5faab60dd314360bc67ad6ce694e9b5,0x8992a7c145bf2e7e19cd55d38318b11328d3e7ad,5033.999999999999,,,,ATA,erc20,"{'value': '0x0110e4c8a8b994680000', 'address': '0xa2120b9e674d3fc3875f415a7df52e382f141225', 'decimal': '0x12'}",{'blockTimestamp': '2022-11-30T15:06:59.000Z'}
76,0xf56755,0x35ef631e65f6ad00cf34412300730dbe2e73a846648a57322413ea2fc5f66df6:log:69,0x35ef631e65f6ad00cf34412300730dbe2e73a846648a57322413ea2fc5f66df6,0x28c6c06298d514db089934071355e5743bf21d60,0xf977814e90da44bfa03b6295a0616a897441acec,8004432.835,,,,ATA,erc20,"{'value': '0x069f012c67f1c26eb38000', 'address': '0xa2120b9e674d3fc3875f415a7df52e382f141225', 'decimal': '0x12'}",{'blockTimestamp': '2022-11-30T12:21:59.000Z'}
77,0xf566f6,0xa2403ed0afb8a384096552ac9ad459be050cbf3646dc69c9e49feabaad03eca1:log:94,0xa2403ed0afb8a384096552ac9ad459be050cbf3646dc69c9e49feabaad03eca1,0x5a52e96bacdabb82fd05763e25335261b270efcb,0x28c6c06298d514db089934071355e5743bf21d60,8000000.0,,,,ATA,erc20,"{'value': '0x069e10de76676d08000000', 'address': '0xa2120b9e674d3fc3875f415a7df52e382f141225', 'decimal': '0x12'}",{'blockTimestamp': '2022-11-30T12:02:59.000Z'}
78,0xf565aa,0x7fe969f46a6e3363a6c6fd3c7071bf4e48afa2536f79fe2b9ddef125fbd9ed7a:log:43,0x7fe969f46a6e3363a6c6fd3c7071bf4e48afa2536f79fe2b9ddef125fbd9ed7a,0xa2120b9e674d3fc3875f415a7df52e382f141225,0xc16415770ce17f438dac86f5226f1216e950e60f,49999.99999999999,,,,ATA,erc20,"{'value': '0x0a968163f0a57b400000', 'address': '0xa2120b9e674d3fc3875f415a7df52e382f141225', 'decimal': '0x12'}",{'blockTimestamp': '2022-11-30T10:56:23.000Z'}
79,0xf56572,0x9c2e529686f32c96ce53de69d5e6087c6ec66f7b405911b7be28637113ddc053:log:77,0x9c2e529686f32c96ce53de69d5e6087c6ec66f7b405911b7be28637113ddc053,0xa9d1e08c7793af67e9d92fe308d5697fb81d3e43,0xf2bfc8e77e4f1367443822278577513b4da6158c,180.18252934,,,,ATA,erc20,"{'value': '0x09c488efc96a195800', 'address': '0xa2120b9e674d3fc3875f415a7df52e382f141225', 'decimal': '0x12'}",{'blockTimestamp': '2022-11-30T10:45:11.000Z'}
80,0xf561e5,0xc4c1454accf6d1b994f8246bc660593c6e55f3e8887bd45fc34d14499437b039:log:54,0xc4c1454accf6d1b994f8246bc660593c6e55f3e8887bd45fc34d14499437b039,0x28c6c06298d514db089934071355e5743bf21d60,0xf977814e90da44bfa03b6295a0616a897441acec,7687500.0,,,,ATA,erc20,"{'value': '0x065be435c5c762c5b00000', 'address': '0xa2120b9e674d3fc3875f415a7df52e382f141225', 'decimal': '0x12'}",{'blockTimestamp': '2022-11-30T07:41:59.000Z'}
81,0xf561ac,0x3a56dcc422c587028d99233e4d0cf9dc77ee68e5c4d24e9de069f2b3d6082921:log:76,0x3a56dcc422c587028d99233e4d0cf9dc77ee68e5c4d24e9de069f2b3d6082921,0x8c4c88a34a3221fa084e2573c0d2ee66b6d8f41f,0x28c6c06298d514db089934071355e5743bf21d60,7500000.0,,,,ATA,erc20,"{'value': '0x06342fd08f00f637800000', 'address': '0xa2120b9e674d3fc3875f415a7df52e382f141225', 'decimal': '0x12'}",{'blockTimestamp': '2022-11-30T07:30:23.000Z'}
82,0xf560db,0xba1944bf2df35fafd1f13a2568127f56e6a76e08991c611e5bd47d9125c3b5dd:log:199,0xba1944bf2df35fafd1f13a2568127f56e6a76e08991c611e5bd47d9125c3b5dd,0xdfd5293d8e347dfe59e90efd55b2956a1343963d,0xffe9be91eeee0a168d9b92abc6cb3aeaf0e76e43,75000.0,,,,ATA,erc20,"{'value': '0x0fe1c215e8f838e00000', 'address': '0xa2120b9e674d3fc3875f415a7df52e382f141225', 'decimal': '0x12'}",{'blockTimestamp': '2022-11-30T06:48:23.000Z'}
83,0xf560c6,0x1edafe3b0b458917200b1eb3afaaaceef91191719fccfc964c11c02f8b9823d2:log:62,0x1edafe3b0b458917200b1eb3afaaaceef91191719fccfc964c11c02f8b9823d2,0x21a31ee1afc51d94c2efccaa2092ad1028285549,0x02742aa3d0ca88052cd8f7db2bc7629842e3dff3,24999.999999999996,,,,ATA,erc20,"{'value': '0x054b40b1f852bda00000', 'address': '0xa2120b9e674d3fc3875f415a7df52e382f141225', 'decimal': '0x12'}",{'blockTimestamp': '2022-11-30T06:43:59.000Z'}
84,0xf560c2,0x5260be43a44c6232f91e38b0df5533048c5a4253216c9ca5489fa19b1a77e4bb:log:147,0x5260be43a44c6232f91e38b0df5533048c5a4253216c9ca5489fa19b1a77e4bb,0x28c6c06298d514db089934071355e5743bf21d60,0x27f904be4e0c76fecbcec4f2ebe8c8ddb7f06b02,24999.999999999996,,,,ATA,erc20,"{'value': '0x054b40b1f852bda00000', 'address': '0xa2120b9e674d3fc3875f415a7df52e382f141225', 'decimal': '0x12'}",{'blockTimestamp': '2022-11-30T06:43:11.000Z'}
85,0xf56092,0x31476eabb944fa7afc4ef2f6729bb65d1249e1a0783a9f4dca22fd179c373671:log:171,0x31476eabb944fa7afc4ef2f6729bb65d1249e1a0783a9f4dca22fd179c373671,0x073cb862d8963fdb06ecf4e04a00c6aa33b2d857,0x28c6c06298d514db089934071355e5743bf21d60,312500.0,,,,ATA,erc20,"{'value': '0x422ca8b0a00a42500000', 'address': '0xa2120b9e674d3fc3875f415a7df52e382f141225', 'decimal': '0x12'}",{'blockTimestamp': '2022-11-30T06:33:35.000Z'}
86,0xf56047,0xc402289959c4a799375fa78be8cab22bb341df40dd0f6fc6c3a5fb39ae5f9b72:log:129,0xc402289959c4a799375fa78be8cab22bb341df40dd0f6fc6c3a5fb39ae5f9b72,0x61f92a958f2116c1ed916a6d29ef55b1da016d55,0x073cb862d8963fdb06ecf4e04a00c6aa33b2d857,312500.0,,,,ATA,erc20,"{'value': '0x422ca8b0a00a42500000', 'address': '0xa2120b9e674d3fc3875f415a7df52e382f141225', 'decimal': '0x12'}",{'blockTimestamp': '2022-11-30T06:18:35.000Z'}
87,0xf55c10,0x9c16acb61b6e9c5e7b1ff10eb4227ca82bf3ff947329647a314cfc81a76c5edc:log:110,0x9c16acb61b6e9c5e7b1ff10eb4227ca82bf3ff947329647a314cfc81a76c5edc,0x28c6c06298d514db089934071355e5743bf21d60,0xf977814e90da44bfa03b6295a0616a897441acec,7358637.609,,,,ATA,erc20,"{'value': '0x0616408b4ad4823aca8000', 'address': '0xa2120b9e674d3fc3875f415a7df52e382f141225', 'decimal': '0x12'}",{'blockTimestamp': '2022-11-30T02:41:59.000Z'}
88,0xf55c10,0x56ce9afc68309e5402d68aa44b539e78248954d8406cc9f3008fe133d615df4b:log:104,0x56ce9afc68309e5402d68aa44b539e78248954d8406cc9f3008fe133d615df4b,0xdfd5293d8e347dfe59e90efd55b2956a1343963d,0xf977814e90da44bfa03b6295a0616a897441acec,1390506.318,,,,ATA,erc20,"{'value': '0x0126737fa06ac852fb0000', 'address': '0xa2120b9e674d3fc3875f415a7df52e382f141225', 'decimal': '0x12'}",{'blockTimestamp': '2022-11-30T02:41:59.000Z'}
89,0xf55c10,0x84b3ae33a2d1b5cb2372e3815bc02627cdc9a786ec84953295f4cd7b90f5e5fc:log:92,0x84b3ae33a2d1b5cb2372e3815bc02627cdc9a786ec84953295f4cd7b90f5e5fc,0x21a31ee1afc51d94c2efccaa2092ad1028285549,0xf977814e90da44bfa03b6295a0616a897441acec,788817.302,,,,ATA,erc20,"{'value': '0xa709df22e3d0dccf0000', 'address': '0xa2120b9e674d3fc3875f415a7df52e382f141225', 'decimal': '0x12'}",{'blockTimestamp': '2022-11-30T02:41:59.000Z'}
90,0xf55b6c,0xfc478e7c1ce7733bbed753bd11da9f1b4dbeebbe7fc0d6b15994d1330893257d:log:116,0xfc478e7c1ce7733bbed753bd11da9f1b4dbeebbe7fc0d6b15994d1330893257d,0xa2120b9e674d3fc3875f415a7df52e382f141225,0x61f92a958f2116c1ed916a6d29ef55b1da016d55,312500.0,,,,ATA,erc20,"{'value': '0x422ca8b0a00a42500000', 'address': '0xa2120b9e674d3fc3875f415a7df52e382f141225', 'decimal': '0x12'}",{'blockTimestamp': '2022-11-30T02:09:11.000Z'}
91,0xf554cd,0x69e4fea405ab1515f2c1cd226b64dbf50dc7200c3e241c1236828b62256e51c1:log:81,0x69e4fea405ab1515f2c1cd226b64dbf50dc7200c3e241c1236828b62256e51c1,0xdfd5293d8e347dfe59e90efd55b2956a1343963d,0x041a0c7b17731647dc7ad039b11650dc3a0291b6,3021.95,,,,ATA,erc20,"{'value': '0xa3d1fb1a05cfb30000', 'address': '0xa2120b9e674d3fc3875f415a7df52e382f141225', 'decimal': '0x12'}",{'blockTimestamp': '2022-11-29T20:27:35.000Z'}
92,0xf54e60,0x8e7306db342605121ed1de6f5087e3c9ea870c6efbf6a8e3b884a9790551262b:log:74,0x8e7306db342605121ed1de6f5087e3c9ea870c6efbf6a8e3b884a9790551262b,0x21a31ee1afc51d94c2efccaa2092ad1028285549,0x1ca1b4077eca5c705c7801ba8fb897a777ae641c,4708.281,,,,ATA,erc20,"{'value': '0xff3c864ff548f28000', 'address': '0xa2120b9e674d3fc3875f415a7df52e382f141225', 'decimal': '0x12'}",{'blockTimestamp': '2022-11-29T14:55:59.000Z'}
93,0xf54e1a,0xd188d3b2d5f1738989028c8c5287a3ff6735db64a5489d7062fd2037626d2847:log:234,0xd188d3b2d5f1738989028c8c5287a3ff6735db64a5489d7062fd2037626d2847,0x733c5570597e609c796399333f0a176e444386ee,0xf16e9b0d03470827a95cdfd0cb8a8a3b46969b91,19420.0,,,,ATA,erc20,"{'value': '0x041cc2a3a46e25f00000', 'address': '0xa2120b9e674d3fc3875f415a7df52e382f141225', 'decimal': '0x12'}",{'blockTimestamp': '2022-11-29T14:41:59.000Z'}
94,0xf54dac,0x881572c4691f93e2d7146544b3d192b828e02bfafe42bc6a04b1c9b6ed86c705:log:56,0x881572c4691f93e2d7146544b3d192b828e02bfafe42bc6a04b1c9b6ed86c705,0x28c6c06298d514db089934071355e5743bf21d60,0x733c5570597e609c796399333f0a176e444386ee,19420.0,,,,ATA,erc20,"{'value': '0x041cc2a3a46e25f00000', 'address': '0xa2120b9e674d3fc3875f415a7df52e382f141225', 'decimal': '0x12'}",{'blockTimestamp': '2022-11-29T14:19:59.000Z'}
95,0xf54bcc,0x57a81ecb61d4addfe135c71a4e57e3b0991d8c3cd220c440d893cc99ed16b13c:log:226,0x57a81ecb61d4addfe135c71a4e57e3b0991d8c3cd220c440d893cc99ed16b13c,0xc22db436c5768e0072ae4d16af8c54e4cde01f9c,0xb930e831c2a231bada1a28e2b2e7d9406188dd88,110.94334921,,,,ATA,erc20,"{'value': '0x0603a5f44dae2a0400', 'address': '0xa2120b9e674d3fc3875f415a7df52e382f141225', 'decimal': '0x12'}",{'blockTimestamp': '2022-11-29T12:43:35.000Z'}
96,0xf54a7f,0xf559b473ddd995f86356747d67718fe9c1cb6f1485fdc7f052208948cb036c40:log:215,0xf559b473ddd995f86356747d67718fe9c1cb6f1485fdc7f052208948cb036c40,0x733c5570597e609c796399333f0a176e444386ee,0xf16e9b0d03470827a95cdfd0cb8a8a3b46969b91,50319.0,,,,ATA,erc20,"{'value': '0x0aa7cc679a8310dc0000', 'address': '0xa2120b9e674d3fc3875f415a7df52e382f141225', 'decimal': '0x12'}",{'blockTimestamp': '2022-11-29T11:36:23.000Z'}
97,0xf54a28,0x0af86da98867d50011bcf0a56be47d4ee3f98944a48040fd56171affb69ea012:log:48,0x0af86da98867d50011bcf0a56be47d4ee3f98944a48040fd56171affb69ea012,0xdfd5293d8e347dfe59e90efd55b2956a1343963d,0x733c5570597e609c796399333f0a176e444386ee,50319.0,,,,ATA,erc20,"{'value': '0x0aa7cc679a8310dc0000', 'address': '0xa2120b9e674d3fc3875f415a7df52e382f141225', 'decimal': '0x12'}",{'blockTimestamp': '2022-11-29T11:18:59.000Z'}
98,0xf54954,0x8e45673e51cee98d69f8e4834ac7fa34fdb8b1b86a21eaba043774e4ab1061fd:log:63,0x8e45673e51cee98d69f8e4834ac7fa34fdb8b1b86a21eaba043774e4ab1061fd,0x18367e7fb5d2928e2d52996e4b9cc8780d864a57,0x6e90b6005d7eef5e0da2d9410646b88c2ed97d50,200.0,,,,ATA,erc20,"{'value': '0x0ad78ebc5ac6200000', 'address': '0xa2120b9e674d3fc3875f415a7df52e382f141225', 'decimal': '0x12'}",{'blockTimestamp': '2022-11-29T10:36:35.000Z'}
99,0xf5489e,0xb149372615b9f753ef151620b648db646ef879e79826b1c2e7fad98ac476b479:log:397,0xb149372615b9f753ef151620b648db646ef879e79826b1c2e7fad98ac476b479,0xfe6612ee6b7e881fd5dd84e43f84f3f951dc703a,0x28c6c06298d514db089934071355e5743bf21d60,952342.8571428572,,,,ATA,erc20,"{'value': '0xc9aa9c177ab8a45b6db7', 'address': '0xa2120b9e674d3fc3875f415a7df52e382f141225', 'decimal': '0x12'}",{'blockTimestamp': '2022-11-29T10:00:11.000Z'}
100,0xf54845,0xba71ad6db20fa298a0a5e36ee42931552afd072701bb8cbf6c9783f433c9f8cc:log:64,0xba71ad6db20fa298a0a5e36ee42931552afd072701bb8cbf6c9783f433c9f8cc,0x28c6c06298d514db089934071355e5743bf21d60,0xf977814e90da44bfa03b6295a0616a897441acec,21563705.528,,,,ATA,erc20,"{'value': '0x11d64ad1aaf39aa2ac0000', 'address': '0xa2120b9e674d3fc3875f415a7df52e382f141225', 'decimal': '0x12'}",{'blockTimestamp': '2022-11-29T09:42:11.000Z'}
101,0xf54836,0x82ac68bb18d2c2c6f5e637dee9732cf6d6726c472c371ea34123d7493802072f:log:125,0x82ac68bb18d2c2c6f5e637dee9732cf6d6726c472c371ea34123d7493802072f,0x27e5d34338d3a160398d80d1df674befc06c096b,0xfe6612ee6b7e881fd5dd84e43f84f3f951dc703a,952342.8571428572,,,,ATA,erc20,"{'value': '0xc9aa9c177ab8a45b6db7', 'address': '0xa2120b9e674d3fc3875f415a7df52e382f141225', 'decimal': '0x12'}",{'blockTimestamp': '2022-11-29T09:39:11.000Z'}
102,0xf5482f,0x71e52f446bfaa609bf8e935fc614ce351297c19f8e0be1b49cf3f6e1d47aedad:log:21,0x71e52f446bfaa609bf8e935fc614ce351297c19f8e0be1b49cf3f6e1d47aedad,0xa2120b9e674d3fc3875f415a7df52e382f141225,0x27e5d34338d3a160398d80d1df674befc06c096b,476171.4285714286,,,,ATA,erc20,"{'value': '0x64d54e0bbd5c522db6dc', 'address': '0xa2120b9e674d3fc3875f415a7df52e382f141225', 'decimal': '0x12'}",{'blockTimestamp': '2022-11-29T09:37:47.000Z'}
103,0xf5480c,0x3601c1f29b1419d3aa30661c30344e4fedb4134a09da6c3ea49533fc1dcde73e:log:148,0x3601c1f29b1419d3aa30661c30344e4fedb4134a09da6c3ea49533fc1dcde73e,0x4ea40d1f42c91bd37825e88d67bc2a27e162dff3,0x28c6c06298d514db089934071355e5743bf21d60,44641.07142857143,,,,ATA,erc20,"{'value': '0x0973ff5119c0a7b44924', 'address': '0xa2120b9e674d3fc3875f415a7df52e382f141225', 'decimal': '0x12'}",{'blockTimestamp': '2022-11-29T09:30:47.000Z'}
104,0xf54809,0x435d80dd790d07afb862975d3293ce07ab8391b2eb0159bbbc4ce00c80aabe42:log:131,0x435d80dd790d07afb862975d3293ce07ab8391b2eb0159bbbc4ce00c80aabe42,0x8b880acb5166f773011558eb400af42c9fa63a01,0x28c6c06298d514db089934071355e5743bf21d60,14700000.0,,,,ATA,erc20,"{'value': '0x0c28d898c65e0b8b800000', 'address': '0xa2120b9e674d3fc3875f415a7df52e382f141225', 'decimal': '0x12'}",{'blockTimestamp': '2022-11-29T09:30:11.000Z'}
105,0xf54758,0xe785b28f0d363c1c57b88df1a782bc2d686b5a416dc88c51995c6b182e0c2bbe:log:300,0xe785b28f0d363c1c57b88df1a782bc2d686b5a416dc88c51995c6b182e0c2bbe,0x4f4ff77788ed76cc1c855a33a94de82662bc6254,0x4ea40d1f42c91bd37825e88d67bc2a27e162dff3,44641.07142857143,,,,ATA,erc20,"{'value': '0x0973ff5119c0a7b44924', 'address': '0xa2120b9e674d3fc3875f415a7df52e382f141225', 'decimal': '0x12'}",{'blockTimestamp': '2022-11-29T08:54:47.000Z'}
106,0xf54757,0x0562bfe558d12caf07a49e56a2dd6c2532cb9afd4724b0328c436e1e1f325a7a:log:78,0x0562bfe558d12caf07a49e56a2dd6c2532cb9afd4724b0328c436e1e1f325a7a,0x61068c3f88a0b6fd9d4cd6a7e604c78290987354,0x8b880acb5166f773011558eb400af42c9fa63a01,14699900.0,,,,ATA,erc20,"{'value': '0x0c28d32cfeffde28700000', 'address': '0xa2120b9e674d3fc3875f415a7df52e382f141225', 'decimal': '0x12'}",{'blockTimestamp': '2022-11-29T08:54:35.000Z'}
107,0xf54745,0x58923d280f638e0aefa695a96d7f78013b38ab8205f48e4e1714d69056c98107:log:53,0x58923d280f638e0aefa695a96d7f78013b38ab8205f48e4e1714d69056c98107,0xa2120b9e674d3fc3875f415a7df52e382f141225,0x4f4ff77788ed76cc1c855a33a94de82662bc6254,44641.07142857143,,,,ATA,erc20,"{'value': '0x0973ff5119c0a7b44924', 'address': '0xa2120b9e674d3fc3875f415a7df52e382f141225', 'decimal': '0x12'}",{'blockTimestamp': '2022-11-29T08:50:59.000Z'}
108,0xf5473b,0x7d9198828e67871be938b49af330043d510b3d1739f255dea0f328117a68e8a4:log:142,0x7d9198828e67871be938b49af330043d510b3d1739f255dea0f328117a68e8a4,0x61068c3f88a0b6fd9d4cd6a7e604c78290987354,0x8b880acb5166f773011558eb400af42c9fa63a01,100.0,,,,ATA,erc20,"{'value': '0x056bc75e2d63100000', 'address': '0xa2120b9e674d3fc3875f415a7df52e382f141225', 'decimal': '0x12'}",{'blockTimestamp': '2022-11-29T08:48:59.000Z'}
109,0xf54729,0x2f851553189888def8b993569068b023a769325014b990f0a798b0066f825835:log:190,0x2f851553189888def8b993569068b023a769325014b990f0a798b0066f825835,0xa2120b9e674d3fc3875f415a7df52e382f141225,0x61068c3f88a0b6fd9d4cd6a7e604c78290987354,14700000.0,,,,ATA,erc20,"{'value': '0x0c28d898c65e0b8b800000', 'address': '0xa2120b9e674d3fc3875f415a7df52e382f141225', 'decimal': '0x12'}",{'blockTimestamp': '2022-11-29T08:45:23.000Z'}
110,0xf546e7,0x94d3aac9c558fd68b1ad5a7b61311ce704d84c58b9fa56d1a4b63e3f7dde166b:log:287,0x94d3aac9c558fd68b1ad5a7b61311ce704d84c58b9fa56d1a4b63e3f7dde166b,0x8c64cffd734b7981be14a545570c1e96daa69066,0x8c4c88a34a3221fa084e2573c0d2ee66b6d8f41f,7499900.0,,,,ATA,erc20,"{'value': '0x06342a64c7a2c8d4700000', 'address': '0xa2120b9e674d3fc3875f415a7df52e382f141225', 'decimal': '0x12'}",{'blockTimestamp': '2022-11-29T08:31:59.000Z'}
111,0xf546b8,0x2fa983d2b2a1afb5f9619eb74d2a0acadac0747ef3712e7fbc7603f7cf6e6b0d:log:195,0x2fa983d2b2a1afb5f9619eb74d2a0acadac0747ef3712e7fbc7603f7cf6e6b0d,0x8c64cffd734b7981be14a545570c1e96daa69066,0x8c4c88a34a3221fa084e2573c0d2ee66b6d8f41f,100.0,,,,ATA,erc20,"{'value': '0x056bc75e2d63100000', 'address': '0xa2120b9e674d3fc3875f415a7df52e382f141225', 'decimal': '0x12'}",{'blockTimestamp': '2022-11-29T08:22:23.000Z'}
112,0xf545e8,0xbdc45c429a3061b43256367a3f549ff5ff6bee465b1842a48aa3b84d9d165ccb:log:75,0xbdc45c429a3061b43256367a3f549ff5ff6bee465b1842a48aa3b84d9d165ccb,0x28c6c06298d514db089934071355e5743bf21d60,0xdfd5293d8e347dfe59e90efd55b2956a1343963d,1665569.3510453,,,,ATA,erc20,"{'value': '0x0160b2b208731322760800', 'address': '0xa2120b9e674d3fc3875f415a7df52e382f141225', 'decimal': '0x12'}",{'blockTimestamp': '2022-11-29T07:40:35.000Z'}
113,0xf545b4,0xadd4e95e9e2caeb1a2486dda90329bbfe80926ba133039774d15cedca8fb99d2:log:140,0xadd4e95e9e2caeb1a2486dda90329bbfe80926ba133039774d15cedca8fb99d2,0x8c1e529e551de020a3c1741b13358519a36c6664,0x28c6c06298d514db089934071355e5743bf21d60,15000000.0,,,,ATA,erc20,"{'value': '0x0c685fa11e01ec6f000000', 'address': '0xa2120b9e674d3fc3875f415a7df52e382f141225', 'decimal': '0x12'}",{'blockTimestamp': '2022-11-29T07:30:11.000Z'}
114,0xf54515,0x257dbfbd3af15129dea9c1c3b2ded9a31b025364698d5f6eb4ac61ad01b3d7f8:log:248,0x257dbfbd3af15129dea9c1c3b2ded9a31b025364698d5f6eb4ac61ad01b3d7f8,0xa2120b9e674d3fc3875f415a7df52e382f141225,0x8c64cffd734b7981be14a545570c1e96daa69066,7500000.0,,,,ATA,erc20,"{'value': '0x06342fd08f00f637800000', 'address': '0xa2120b9e674d3fc3875f415a7df52e382f141225', 'decimal': '0x12'}",{'blockTimestamp': '2022-11-29T06:57:59.000Z'}
115,0xf54501,0x0041092045b0743ae58dd05d93f823d35d43760103f74976af9126fac163b627:log:138,0x0041092045b0743ae58dd05d93f823d35d43760103f74976af9126fac163b627,0x5c1eca67e9abf6d2eb77165814081569655bb938,0x8c1e529e551de020a3c1741b13358519a36c6664,14999900.0,,,,ATA,erc20,"{'value': '0x0c685a3556a3bf0bf00000', 'address': '0xa2120b9e674d3fc3875f415a7df52e382f141225', 'decimal': '0x12'}",{'blockTimestamp': '2022-11-29T06:53:59.000Z'}
116,0xf544e1,0x2857c54774a4c0393a5bc22767b4d11d6b444dc58fa12c0333185b120a7681c3:log:55,0x2857c54774a4c0393a5bc22767b4d11d6b444dc58fa12c0333185b120a7681c3,0x5c1eca67e9abf6d2eb77165814081569655bb938,0x8c1e529e551de020a3c1741b13358519a36c6664,100.0,,,,ATA,erc20,"{'value': '0x056bc75e2d63100000', 'address': '0xa2120b9e674d3fc3875f415a7df52e382f141225', 'decimal': '0x12'}",{'blockTimestamp': '2022-11-29T06:47:35.000Z'}
117,0xf544cb,0xb3689a90a8a52b95364aeb5830bd40933ce983a98aba2e02a05ad81ba0247696:log:200,0xb3689a90a8a52b95364aeb5830bd40933ce983a98aba2e02a05ad81ba0247696,0xa2120b9e674d3fc3875f415a7df52e382f141225,0x5c1eca67e9abf6d2eb77165814081569655bb938,15000000.0,,,,ATA,erc20,"{'value': '0x0c685fa11e01ec6f000000', 'address': '0xa2120b9e674d3fc3875f415a7df52e382f141225', 'decimal': '0x12'}",{'blockTimestamp': '2022-11-29T06:43:11.000Z'}
118,0xf53807,0x452664076fec0bdfec93cba98f0247279bf43366663a7202395ffb088a5616d0:log:163,0x452664076fec0bdfec93cba98f0247279bf43366663a7202395ffb088a5616d0,0x21a31ee1afc51d94c2efccaa2092ad1028285549,0x7e5401a1af793c3c8b6ed7aa73ead5fcc4a737e2,749.0,,,,ATA,erc20,"{'value': '0x289a768ba0bf940000', 'address': '0xa2120b9e674d3fc3875f415a7df52e382f141225', 'decimal': '0x12'}",{'blockTimestamp': '2022-11-28T19:45:59.000Z'}
119,0xf537de,0x964c95a7b4dd37a1b4a93cef3b8d2e15405a30f209e11bed185a77065aaa1a16:log:269,0x964c95a7b4dd37a1b4a93cef3b8d2e15405a30f209e11bed185a77065aaa1a16,0x733c5570597e609c796399333f0a176e444386ee,0x738cf6903e6c4e699d1c2dd9ab8b67fcdb3121ea,64143.99999999999,,,,ATA,erc20,"{'value': '0x0d9540d23685d0400000', 'address': '0xa2120b9e674d3fc3875f415a7df52e382f141225', 'decimal': '0x12'}",{'blockTimestamp': '2022-11-28T19:37:47.000Z'}
120,0xf537b5,0x2eb797859526e000d5983e20ed538893fe20486211be158d43a1736bed2534cf:log:69,0x2eb797859526e000d5983e20ed538893fe20486211be158d43a1736bed2534cf,0x28c6c06298d514db089934071355e5743bf21d60,0x733c5570597e609c796399333f0a176e444386ee,64143.99999999999,,,,ATA,erc20,"{'value': '0x0d9540d23685d0400000', 'address': '0xa2120b9e674d3fc3875f415a7df52e382f141225', 'decimal': '0x12'}",{'blockTimestamp': '2022-11-28T19:29:23.000Z'}
121,0xf5313e,0x8201f48bf019c46f4ae81e5e86a9802f19e33677acee89f74c0e32f7329d9a90:log:325,0x8201f48bf019c46f4ae81e5e86a9802f19e33677acee89f74c0e32f7329d9a90,0x6cc8dcbca746a6e4fdefb98e1d0df903b107fd21,0x4b56b693d1175b68c44fb012cfd120cb4deaaaa3,278.0,,,,ATA,erc20,"{'value': '0x0f12066717c6980000', 'address': '0xa2120b9e674d3fc3875f415a7df52e382f141225', 'decimal': '0x12'}",{'blockTimestamp': '2022-11-28T13:56:59.000Z'}
122,0xf5311d,0xcd132a237b34765fa40910b1fdaa0e66111be1d4eb9272cdf6d487ec31e09480:log:289,0xcd132a237b34765fa40910b1fdaa0e66111be1d4eb9272cdf6d487ec31e09480,0x3c02290922a3618a4646e3bbca65853ea45fe7c6,0xfa42eacd97d134c2f26ab02a31203dbd1ca00d76,5.91288498,,,,ATA,erc20,"{'value': '0x520ec98fbea48800', 'address': '0xa2120b9e674d3fc3875f415a7df52e382f141225', 'decimal': '0x12'}",{'blockTimestamp': '2022-11-28T13:50:23.000Z'}
123,0xf530d5,0x5e65b68b8ff1c0cdfbca6e522fbd0634022c6fd11d611bbb0d7cd38579024b13:log:398,0x5e65b68b8ff1c0cdfbca6e522fbd0634022c6fd11d611bbb0d7cd38579024b13,0x6cc8dcbca746a6e4fdefb98e1d0df903b107fd21,0x4b56b693d1175b68c44fb012cfd120cb4deaaaa3,74.0,,,,ATA,erc20,"{'value': '0x0402f4cfee62e80000', 'address': '0xa2120b9e674d3fc3875f415a7df52e382f141225', 'decimal': '0x12'}",{'blockTimestamp': '2022-11-28T13:35:59.000Z'}
124,0xf5309e,0x261f773549cf839dce55fca13220dfc689c9415fb66b0d523d1fab67722e22e7:log:1071,0x261f773549cf839dce55fca13220dfc689c9415fb66b0d523d1fab67722e22e7,0xce74803513a5cfb6e09a463956ce06cccf04b19b,0xc22db436c5768e0072ae4d16af8c54e4cde01f9c,110.94334921,,,,ATA,erc20,"{'value': '0x0603a5f44dae2a0400', 'address': '0xa2120b9e674d3fc3875f415a7df52e382f141225', 'decimal': '0x12'}",{'blockTimestamp': '2022-11-28T13:24:59.000Z'}
125,0xf52401,0x8d9ace5628e1220c5be8549965f9006880098e8731e7005454765e90157e7937:log:244,0x8d9ace5628e1220c5be8549965f9006880098e8731e7005454765e90157e7937,0x733c5570597e609c796399333f0a176e444386ee,0xf16e9b0d03470827a95cdfd0cb8a8a3b46969b91,51123.0,,,,ATA,erc20,"{'value': '0x0ad3622566bcc6ec0000', 'address': '0xa2120b9e674d3fc3875f415a7df52e382f141225', 'decimal': '0x12'}",{'blockTimestamp': '2022-11-28T02:36:59.000Z'}
126,0xf523d0,0xe51ccd54a7fc9b08e33dbf4cbf2f89ad882bd25334715433fd5804facf88a916:log:47,0xe51ccd54a7fc9b08e33dbf4cbf2f89ad882bd25334715433fd5804facf88a916,0x28c6c06298d514db089934071355e5743bf21d60,0x733c5570597e609c796399333f0a176e444386ee,51123.0,,,,ATA,erc20,"{'value': '0x0ad3622566bcc6ec0000', 'address': '0xa2120b9e674d3fc3875f415a7df52e382f141225', 'decimal': '0x12'}",{'blockTimestamp': '2022-11-28T02:27:11.000Z'}
127,0xf51de7,0x2f0dd29bd44d75b25f8c565a0cc3a4c74715ec84010361b9361d9ee984598823:log:132,0x2f0dd29bd44d75b25f8c565a0cc3a4c74715ec84010361b9361d9ee984598823,0xf8a9c438cd89b532607e5118a1b9fd9e8b1c0b62,0xfd51b577fbe8567a55402b16e6e4e0cf285c5a0f,575.4052819999999,,,,ATA,erc20,"{'value': '0x1f315a3759e5782000', 'address': '0xa2120b9e674d3fc3875f415a7df52e382f141225', 'decimal': '0x12'}",{'blockTimestamp': '2022-11-27T21:22:35.000Z'}
128,0xf5191f,0x6f176dc446595938bfff766705fe1e09a782953d7fac2ab3ef73965ce21e77cd:log:92,0x6f176dc446595938bfff766705fe1e09a782953d7fac2ab3ef73965ce21e77cd,0xa9d1e08c7793af67e9d92fe308d5697fb81d3e43,0x1515181faf8b70c638a927d918e54feb1f291686,136.37356845,,,,ATA,erc20,"{'value': '0x0764903df796ab1400', 'address': '0xa2120b9e674d3fc3875f415a7df52e382f141225', 'decimal': '0x12'}",{'blockTimestamp': '2022-11-27T17:15:11.000Z'}
129,0xf51732,0xe3f3231f24afc6a9ba6c37da5d08d308c32ebf60d0db7008c5c42fde73d0177e:log:259,0xe3f3231f24afc6a9ba6c37da5d08d308c32ebf60d0db7008c5c42fde73d0177e,0x733c5570597e609c796399333f0a176e444386ee,0xf16e9b0d03470827a95cdfd0cb8a8a3b46969b91,54401.0,,,,ATA,erc20,"{'value': '0x0b851588d72629640000', 'address': '0xa2120b9e674d3fc3875f415a7df52e382f141225', 'decimal': '0x12'}",{'blockTimestamp': '2022-11-27T15:36:11.000Z'}
130,0xf51714,0x2f33832d2a2c2d66f9860a638e35973ec7239b5462fd424dbbdc42c2b196e4c9:log:184,0x2f33832d2a2c2d66f9860a638e35973ec7239b5462fd424dbbdc42c2b196e4c9,0x649ae85d11017ac43f0cbab561982e0c9ceeda1f,0x28c6c06298d514db089934071355e5743bf21d60,9273.512028764995,,,,ATA,erc20,"{'value': '0x01f6b7d508fd41a0e527', 'address': '0xa2120b9e674d3fc3875f415a7df52e382f141225', 'decimal': '0x12'}",{'blockTimestamp': '2022-11-27T15:30:11.000Z'}
131,0xf516a4,0xa39067d4d0641b30ea445c27cb230633ea0137abf7baf1ad14ff83b5885f5ffc:log:163,0xa39067d4d0641b30ea445c27cb230633ea0137abf7baf1ad14ff83b5885f5ffc,0x1bad1270426b8059a783704308cec80753de0b38,0x649ae85d11017ac43f0cbab561982e0c9ceeda1f,9273.512028764995,,,,ATA,erc20,"{'value': '0x01f6b7d508fd41a0e527', 'address': '0xa2120b9e674d3fc3875f415a7df52e382f141225', 'decimal': '0x12'}",{'blockTimestamp': '2022-11-27T15:07:47.000Z'}
132,0xf516a3,0xa98a54fcdb9a824f5b2886cfa9dbcadd1c4f0d597265956e2e662c0dc9646da5:log:136,0xa98a54fcdb9a824f5b2886cfa9dbcadd1c4f0d597265956e2e662c0dc9646da5,0x21a31ee1afc51d94c2efccaa2092ad1028285549,0x733c5570597e609c796399333f0a176e444386ee,54401.0,,,,ATA,erc20,"{'value': '0x0b851588d72629640000', 'address': '0xa2120b9e674d3fc3875f415a7df52e382f141225', 'decimal': '0x12'}",{'blockTimestamp': '2022-11-27T15:07:35.000Z'}
133,0xf516a0,0xd095603ab3da76fec6ab07dabff6fd31c5935dc6b5bd69e6c12d01b0e1cf8b25:log:102,0xd095603ab3da76fec6ab07dabff6fd31c5935dc6b5bd69e6c12d01b0e1cf8b25,0x40ec5b33f54e0e8a33a975908c5ba1c14e5bbbdf,0x1bad1270426b8059a783704308cec80753de0b38,9273.512028764995,,,,ATA,erc20,"{'value': '0x01f6b7d508fd41a0e527', 'address': '0xa2120b9e674d3fc3875f415a7df52e382f141225', 'decimal': '0x12'}",{'blockTimestamp': '2022-11-27T15:06:59.000Z'}
134,0xf50c0f,0x415d08b39534814b09113d58af980fa43f79f45cb1c6aaf10cf7fa79ff469462:log:28,0x415d08b39534814b09113d58af980fa43f79f45cb1c6aaf10cf7fa79ff469462,0x28c6c06298d514db089934071355e5743bf21d60,0x5857757b4c9825a253c3519381d866238bdff36a,4278.661,,,,ATA,erc20,"{'value': '0xe7f259762eb5a08000', 'address': '0xa2120b9e674d3fc3875f415a7df52e382f141225', 'decimal': '0x12'}",{'blockTimestamp': '2022-11-27T06:03:47.000Z'}
135,0xf4fb77,0x1b47109be4409f5d1516be0e3e7ebbf6de73b9df7807876ab7db6ed3893adedc:log:102,0x1b47109be4409f5d1516be0e3e7ebbf6de73b9df7807876ab7db6ed3893adedc,0x8f8097a2af8ecb317f05ff284069afaa87763952,0x21375e8ff94a9acad555e0d8a4f17c69c5e33bd5,1910.0,,,,ATA,erc20,"{'value': '0x678a932062e4180000', 'address': '0xa2120b9e674d3fc3875f415a7df52e382f141225', 'decimal': '0x12'}",{'blockTimestamp': '2022-11-26T15:49:23.000Z'}
136,0xf4fb72,0x07db84f743470c52607e78292d6df99005694f75e1f70415516fc42fd952e8ac:log:150,0x07db84f743470c52607e78292d6df99005694f75e1f70415516fc42fd952e8ac,0x0d0707963952f2fba59dd06f2b425ace40b492fe,0x8f8097a2af8ecb317f05ff284069afaa87763952,1910.0,,,,ATA,erc20,"{'value': '0x678a932062e4180000', 'address': '0xa2120b9e674d3fc3875f415a7df52e382f141225', 'decimal': '0x12'}",{'blockTimestamp': '2022-11-26T15:48:23.000Z'}
137,0xf4fb6a,0xa966a0d7e6cad9f4841f43052f346017716641a4ceff978009361d991a48df80:log:204,0xa966a0d7e6cad9f4841f43052f346017716641a4ceff978009361d991a48df80,0x759ec1b3326de6fd4ba316f65a6f689c4e4c3092,0x5654d65578cda52791879751141f2f3d7dc27fe4,1899.0,,,,ATA,erc20,"{'value': '0x66f1eb46aab2cc0000', 'address': '0xa2120b9e674d3fc3875f415a7df52e382f141225', 'decimal': '0x12'}",{'blockTimestamp': '2022-11-26T15:46:47.000Z'}
138,0xf4fb6a,0xdd2eaba058aed7c50608204a9f4057dadb1c943731eaf51ab2a8e6e03e75a5d3:log:201,0xdd2eaba058aed7c50608204a9f4057dadb1c943731eaf51ab2a8e6e03e75a5d3,0x0d0707963952f2fba59dd06f2b425ace40b492fe,0x759ec1b3326de6fd4ba316f65a6f689c4e4c3092,1899.0,,,,ATA,erc20,"{'value': '0x66f1eb46aab2cc0000', 'address': '0xa2120b9e674d3fc3875f415a7df52e382f141225', 'decimal': '0x12'}",{'blockTimestamp': '2022-11-26T15:46:47.000Z'}
139,0xf4fb62,0x074e54a0e046da59ffd8d1f189c1c7152343c0d01b27df22098d15f23d58ddd5:log:155,0x074e54a0e046da59ffd8d1f189c1c7152343c0d01b27df22098d15f23d58ddd5,0x1111111254eeb25477b68fb85ed929f73a960582,0xdb13fea8afd91f66bb99595aa2801599da1aed3f,2029.7589477170834,,,,ATA,erc20,"{'value': '0x6e089060d32b6df495', 'address': '0xa2120b9e674d3fc3875f415a7df52e382f141225', 'decimal': '0x12'}",{'blockTimestamp': '2022-11-26T15:45:11.000Z'}
140,0xf4fb62,0x074e54a0e046da59ffd8d1f189c1c7152343c0d01b27df22098d15f23d58ddd5:log:154,0x074e54a0e046da59ffd8d1f189c1c7152343c0d01b27df22098d15f23d58ddd5,0x53222470cdcfb8081c0e3a50fd106f0d69e63f20,0x1111111254eeb25477b68fb85ed929f73a960582,2029.7589477170834,,,,ATA,erc20,"{'value': '0x6e089060d32b6df496', 'address': '0xa2120b9e674d3fc3875f415a7df52e382f141225', 'decimal': '0x12'}",{'blockTimestamp': '2022-11-26T15:45:11.000Z'}
141,0xf4fb62,0x074e54a0e046da59ffd8d1f189c1c7152343c0d01b27df22098d15f23d58ddd5:log:153,0x074e54a0e046da59ffd8d1f189c1c7152343c0d01b27df22098d15f23d58ddd5,0x53222470cdcfb8081c0e3a50fd106f0d69e63f20,0xdd9f24efc84d93deef3c8745c837ab63e80abd27,8.72e-16,,,,ATA,erc20,"{'value': '0x0368', 'address': '0xa2120b9e674d3fc3875f415a7df52e382f141225', 'decimal': '0x12'}",{'blockTimestamp': '2022-11-26T15:45:11.000Z'}
142,0xf4fb62,0x074e54a0e046da59ffd8d1f189c1c7152343c0d01b27df22098d15f23d58ddd5:log:150,0x074e54a0e046da59ffd8d1f189c1c7152343c0d01b27df22098d15f23d58ddd5,0x5654d65578cda52791879751141f2f3d7dc27fe4,0x53222470cdcfb8081c0e3a50fd106f0d69e63f20,2029.7589477170834,,,,ATA,erc20,"{'value': '0x6e089060d32b6df7fe', 'address': '0xa2120b9e674d3fc3875f415a7df52e382f141225', 'decimal': '0x12'}",{'blockTimestamp': '2022-11-26T15:45:11.000Z'}
143,0xf4fb43,0x65f6b0b6a54c653867565414644aec976322a02b70e924c6618cdaae12014dce:log:159,0x65f6b0b6a54c653867565414644aec976322a02b70e924c6618cdaae12014dce,0x74de5d4fcbf63e00296fd95d33236b9794016631,0x5654d65578cda52791879751141f2f3d7dc27fe4,106.67564261999999,,,,ATA,erc20,"{'value': '0x05c86c03c5679ed800', 'address': '0xa2120b9e674d3fc3875f415a7df52e382f141225', 'decimal': '0x12'}",{'blockTimestamp': '2022-11-26T15:38:59.000Z'}
144,0xf4fb43,0x65f6b0b6a54c653867565414644aec976322a02b70e924c6618cdaae12014dce:log:157,0x65f6b0b6a54c653867565414644aec976322a02b70e924c6618cdaae12014dce,0x20238f4c7779672e53687fecbe85689d32fe0f5c,0x74de5d4fcbf63e00296fd95d33236b9794016631,106.67564261999999,,,,ATA,erc20,"{'value': '0x05c86c03c5679ed800', 'address': '0xa2120b9e674d3fc3875f415a7df52e382f141225', 'decimal': '0x12'}",{'blockTimestamp': '2022-11-26T15:38:59.000Z'}
145,0xf4ed15,0xa5add869a657f9f06dca6026fdaebade836feaba5ba527afb13e4ea757f6ab40:log:127,0xa5add869a657f9f06dca6026fdaebade836feaba5ba527afb13e4ea757f6ab40,0xdfd5293d8e347dfe59e90efd55b2956a1343963d,0x027996d61b0fcc4e7b3fca36c85d77355a0b4952,13633.327000000001,,,,ATA,erc20,"{'value': '0x02e3106b5209adf18000', 'address': '0xa2120b9e674d3fc3875f415a7df52e382f141225', 'decimal': '0x12'}",{'blockTimestamp': '2022-11-26T03:28:47.000Z'}
146,0xf4e88d,0x3ab6577b27238cbcfe0f7e6fc2ccc7b4029f6acea83abd1bf77a6f8eb8fe8ebd:log:180,0x3ab6577b27238cbcfe0f7e6fc2ccc7b4029f6acea83abd1bf77a6f8eb8fe8ebd,0x59cff8e3d2e31704948d2adf893fcae795bfdd12,0xf16e9b0d03470827a95cdfd0cb8a8a3b46969b91,48100.57569547,,,,ATA,erc20,"{'value': '0x0a2f89953b41f536cc00', 'address': '0xa2120b9e674d3fc3875f415a7df52e382f141225', 'decimal': '0x12'}",{'blockTimestamp': '2022-11-25T23:35:59.000Z'}
147,0xf4e7ad,0x58e7cb434be0f5649f892cb46811ce4de08e8d9270e495d2632dbadfab31853a:log:34,0x58e7cb434be0f5649f892cb46811ce4de08e8d9270e495d2632dbadfab31853a,0xa9d1e08c7793af67e9d92fe308d5697fb81d3e43,0x59cff8e3d2e31704948d2adf893fcae795bfdd12,48100.57569547,,,,ATA,erc20,"{'value': '0x0a2f89953b41f536cc00', 'address': '0xa2120b9e674d3fc3875f415a7df52e382f141225', 'decimal': '0x12'}",{'blockTimestamp': '2022-11-25T22:51:11.000Z'}
148,0xf4e572,0x9545e875f8c375674a36ee8adc28084d209abd5298f280116ab163bc87e9ac3c:log:43,0x9545e875f8c375674a36ee8adc28084d209abd5298f280116ab163bc87e9ac3c,0x21a31ee1afc51d94c2efccaa2092ad1028285549,0xa850b2ade716017814d5cd8b9345eb4b33fece31,78175.75769999999,,,,ATA,erc20,"{'value': '0x108dea93bb3bf46c4000', 'address': '0xa2120b9e674d3fc3875f415a7df52e382f141225', 'decimal': '0x12'}",{'blockTimestamp': '2022-11-25T20:56:11.000Z'}
149,0xf4e45b,0xdc927d3580ee7788ee2114e1ee8f7c6eb89c0f3096ce25c6e8b494f824856409:log:409,0xdc927d3580ee7788ee2114e1ee8f7c6eb89c0f3096ce25c6e8b494f824856409,0x804d7e261f9a1280cf653015614fc4cc1556551a,0x28c6c06298d514db089934071355e5743bf21d60,5459.509000000001,,,,ATA,erc20,"{'value': '0x0127f5e84dc818188000', 'address': '0xa2120b9e674d3fc3875f415a7df52e382f141225', 'decimal': '0x12'}",{'blockTimestamp': '2022-11-25T20:00:23.000Z'}
150,0xf4e378,0xd997472eb8607d106686f297edcda77fb57b2286fbbabb48a1f8a93416a50d87:log:32,0xd997472eb8607d106686f297edcda77fb57b2286fbbabb48a1f8a93416a50d87,0xe0fb989b27a1ea36f6b00227a71b8839bf515fc6,0x804d7e261f9a1280cf653015614fc4cc1556551a,5459.509000000001,,,,ATA,erc20,"{'value': '0x0127f5e84dc818188000', 'address': '0xa2120b9e674d3fc3875f415a7df52e382f141225', 'decimal': '0x12'}",{'blockTimestamp': '2022-11-25T19:14:47.000Z'}
151,0xf4dd41,0xbb8f2deefd92fa2b974c0e8e0e9edb8b9abaf181e2687078b259efbdd0ee0e3a:log:56,0xbb8f2deefd92fa2b974c0e8e0e9edb8b9abaf181e2687078b259efbdd0ee0e3a,0x28c6c06298d514db089934071355e5743bf21d60,0xe56f1a02999701ded4e0946464e11fb997ed20ca,1767.0,,,,ATA,erc20,"{'value': '0x5fca0d1208633c0000', 'address': '0xa2120b9e674d3fc3875f415a7df52e382f141225', 'decimal': '0x12'}",{'blockTimestamp': '2022-11-25T13:53:23.000Z'}
152,0xf4d142,0x6460fe2a3f3aa9c3fc9f9b1efb463a63fc9e61e31d30c3c6e1882314adb31c74:log:154,0x6460fe2a3f3aa9c3fc9f9b1efb463a63fc9e61e31d30c3c6e1882314adb31c74,0x733c5570597e609c796399333f0a176e444386ee,0xf16e9b0d03470827a95cdfd0cb8a8a3b46969b91,20194.0,,,,ATA,erc20,"{'value': '0x0446b80c079a3e480000', 'address': '0xa2120b9e674d3fc3875f415a7df52e382f141225', 'decimal': '0x12'}",{'blockTimestamp': '2022-11-25T03:35:59.000Z'}
153,0xf4d064,0x4345040d675041f9d7ff19543d51ded9bfd06489431941adeee38fe73e624652:log:25,0x4345040d675041f9d7ff19543d51ded9bfd06489431941adeee38fe73e624652,0x21a31ee1afc51d94c2efccaa2092ad1028285549,0x733c5570597e609c796399333f0a176e444386ee,20194.0,,,,ATA,erc20,"{'value': '0x0446b80c079a3e480000', 'address': '0xa2120b9e674d3fc3875f415a7df52e382f141225', 'decimal': '0x12'}",{'blockTimestamp': '2022-11-25T02:51:23.000Z'}
154,0xf4d019,0x43c4f1e3a1091aa93f63b3e68c79eb13f066ce242274e25bf3e29f97ad49bf0f:log:226,0x43c4f1e3a1091aa93f63b3e68c79eb13f066ce242274e25bf3e29f97ad49bf0f,0x733c5570597e609c796399333f0a176e444386ee,0xf16e9b0d03470827a95cdfd0cb8a8a3b46969b91,20194.0,,,,ATA,erc20,"{'value': '0x0446b80c079a3e480000', 'address': '0xa2120b9e674d3fc3875f415a7df52e382f141225', 'decimal': '0x12'}",{'blockTimestamp': '2022-11-25T02:36:23.000Z'}
155,0xf4cfe8,0xa185379f20844ec0b922b91391e20f82e49f1979f1e44042ccaadfb4d7e5153a:log:68,0xa185379f20844ec0b922b91391e20f82e49f1979f1e44042ccaadfb4d7e5153a,0x21a31ee1afc51d94c2efccaa2092ad1028285549,0x733c5570597e609c796399333f0a176e444386ee,20194.0,,,,ATA,erc20,"{'value': '0x0446b80c079a3e480000', 'address': '0xa2120b9e674d3fc3875f415a7df52e382f141225', 'decimal': '0x12'}",{'blockTimestamp': '2022-11-25T02:26:23.000Z'}
156,0xf4cabc,0x5a6d41b05a3ffd9c450986354e0132abadcb72aea75f567959c6a647647429da:log:178,0x5a6d41b05a3ffd9c450986354e0132abadcb72aea75f567959c6a647647429da,0xd184f8c260533d29ae99ba00224a7ac07f096f40,0x28c6c06298d514db089934071355e5743bf21d60,200907.86500000002,,,,ATA,erc20,"{'value': '0x2a8b3cb82a02bf028000', 'address': '0xa2120b9e674d3fc3875f415a7df52e382f141225', 'decimal': '0x12'}",{'blockTimestamp': '2022-11-24T22:00:11.000Z'}
157,0xf4ca72,0xfeb4ea21bcd6a578d2473cf6299026ff867a56f08d907c697a0e952c680921e7:log:125,0xfeb4ea21bcd6a578d2473cf6299026ff867a56f08d907c697a0e952c680921e7,0xe9e4b222e9b28b21f6dac636672b3435c0c6a160,0xd184f8c260533d29ae99ba00224a7ac07f096f40,200907.86500000002,,,,ATA,erc20,"{'value': '0x2a8b3cb82a02bf028000', 'address': '0xa2120b9e674d3fc3875f415a7df52e382f141225', 'decimal': '0x12'}",{'blockTimestamp': '2022-11-24T21:45:23.000Z'}
158,0xf4ca42,0x56348811d89c462cdbb7a8575af644404f64ce09b9efa381082c54aa58779e80:log:28,0x56348811d89c462cdbb7a8575af644404f64ce09b9efa381082c54aa58779e80,0x6b09a2aeda9dbb977f2b9dff0a294d4818862bc3,0xe9e4b222e9b28b21f6dac636672b3435c0c6a160,200907.86500000002,,,,ATA,erc20,"{'value': '0x2a8b3cb82a02bf028000', 'address': '0xa2120b9e674d3fc3875f415a7df52e382f141225', 'decimal': '0x12'}",{'blockTimestamp': '2022-11-24T21:35:47.000Z'}
159,0xf4c4e7,0x2fde8fe546a1596dd9bf5b842c3f308c26b367211541967e13c8144484fe0f6b:log:647,0x2fde8fe546a1596dd9bf5b842c3f308c26b367211541967e13c8144484fe0f6b,0xa9d1e08c7793af67e9d92fe308d5697fb81d3e43,0x64674a31825c6b474ac4749303a6ae9b40f10c87,262.260345,,,,ATA,erc20,"{'value': '0x0e3797ea433c649000', 'address': '0xa2120b9e674d3fc3875f415a7df52e382f141225', 'decimal': '0x12'}",{'blockTimestamp': '2022-11-24T17:00:11.000Z'}
160,0xf4c1b8,0x94679b89c7ae6dc048bd7c8021837d678e52024e10af356ffc0da66cb024af58:log:112,0x94679b89c7ae6dc048bd7c8021837d678e52024e10af356ffc0da66cb024af58,0x28c6c06298d514db089934071355e5743bf21d60,0xdaec4efc0e4d593d8a27f6cbf95b47b71d0cba92,170.946,,,,ATA,erc20,"{'value': '0x09445a314a0ded0000', 'address': '0xa2120b9e674d3fc3875f415a7df52e382f141225', 'decimal': '0x12'}",{'blockTimestamp': '2022-11-24T14:16:23.000Z'}
161,0xf4b8c8,0x9770847fe778f41d776c20a93d1e403e3153693f48c540849095e79b90528275:log:123,0x9770847fe778f41d776c20a93d1e403e3153693f48c540849095e79b90528275,0x733c5570597e609c796399333f0a176e444386ee,0xf16e9b0d03470827a95cdfd0cb8a8a3b46969b91,17198.0,,,,ATA,erc20,"{'value': '0x03a44e31d9173ff80000', 'address': '0xa2120b9e674d3fc3875f415a7df52e382f141225', 'decimal': '0x12'}",{'blockTimestamp': '2022-11-24T06:35:59.000Z'}
162,0xf4b8b0,0xa18a95e1be86df670c873cd443a5731c42289a99679ea59860b2c369aa329e5b:log:25,0xa18a95e1be86df670c873cd443a5731c42289a99679ea59860b2c369aa329e5b,0xdfd5293d8e347dfe59e90efd55b2956a1343963d,0x733c5570597e609c796399333f0a176e444386ee,17198.0,,,,ATA,erc20,"{'value': '0x03a44e31d9173ff80000', 'address': '0xa2120b9e674d3fc3875f415a7df52e382f141225', 'decimal': '0x12'}",{'blockTimestamp': '2022-11-24T06:30:59.000Z'}
163,0xf4a75f,0xef131349b26aa71f5a57956e5ee94933c3c8fcd3dbf6d7b17f741b39fb2ca9b6:log:197,0xef131349b26aa71f5a57956e5ee94933c3c8fcd3dbf6d7b17f741b39fb2ca9b6,0x733c5570597e609c796399333f0a176e444386ee,0xf16e9b0d03470827a95cdfd0cb8a8a3b46969b91,25669.0,,,,ATA,erc20,"{'value': '0x056f84ef6bcf2df40000', 'address': '0xa2120b9e674d3fc3875f415a7df52e382f141225', 'decimal': '0x12'}",{'blockTimestamp': '2022-11-23T15:36:23.000Z'}
164,0xf4a6df,0xc0bf5b366db867f6c2b89452408dfe16ba10901ee188e82e2272f84701168c6e:log:77,0xc0bf5b366db867f6c2b89452408dfe16ba10901ee188e82e2272f84701168c6e,0x21a31ee1afc51d94c2efccaa2092ad1028285549,0x733c5570597e609c796399333f0a176e444386ee,25669.0,,,,ATA,erc20,"{'value': '0x056f84ef6bcf2df40000', 'address': '0xa2120b9e674d3fc3875f415a7df52e382f141225', 'decimal': '0x12'}",{'blockTimestamp': '2022-11-23T15:10:47.000Z'}
165,0xf4a6b9,0xbc214edfc3a841e2086eb3aa22888e813e73169fb086350808870f2fe225867d:log:111,0xbc214edfc3a841e2086eb3aa22888e813e73169fb086350808870f2fe225867d,0x28c6c06298d514db089934071355e5743bf21d60,0x18367e7fb5d2928e2d52996e4b9cc8780d864a57,200.0,,,,ATA,erc20,"{'value': '0x0ad78ebc5ac6200000', 'address': '0xa2120b9e674d3fc3875f415a7df52e382f141225', 'decimal': '0x12'}",{'blockTimestamp': '2022-11-23T15:03:11.000Z'}
166,0xf4a6aa,0x175b67949166b399c4b3d0de55ff8babd1c300eff3fa5abdb4bc2612c0ba2172:log:255,0x175b67949166b399c4b3d0de55ff8babd1c300eff3fa5abdb4bc2612c0ba2172,0x4b8a339be06ff31752a806995b72e76e93dd9106,0x28c6c06298d514db089934071355e5743bf21d60,81174.61533606,,,,ATA,erc20,"{'value': '0x11307c16469a2061d800', 'address': '0xa2120b9e674d3fc3875f415a7df52e382f141225', 'decimal': '0x12'}",{'blockTimestamp': '2022-11-23T15:00:11.000Z'}
167,0xf4a65f,0xdf0a08b992b2ecffa6fecf63d00573c732ed68961ea210e6c35cba49b0fe6d0f:log:407,0xdf0a08b992b2ecffa6fecf63d00573c732ed68961ea210e6c35cba49b0fe6d0f,0xa9d1e08c7793af67e9d92fe308d5697fb81d3e43,0x4b8a339be06ff31752a806995b72e76e93dd9106,81174.61533606,,,,ATA,erc20,"{'value': '0x11307c16469a2061d800', 'address': '0xa2120b9e674d3fc3875f415a7df52e382f141225', 'decimal': '0x12'}",{'blockTimestamp': '2022-11-23T14:45:11.000Z'}
168,0xf4a060,0x5b8d737055b446987d393c8debc928294c9743ba98a6aaf1c4584e6e29afc997:log:96,0x5b8d737055b446987d393c8debc928294c9743ba98a6aaf1c4584e6e29afc997,0xdfd5293d8e347dfe59e90efd55b2956a1343963d,0x124c472fc4cc40fba13b3fe5f4f05a997706b9a7,29.17115485,,,,ATA,erc20,"{'value': '0x0194d4c2c7da29d400', 'address': '0xa2120b9e674d3fc3875f415a7df52e382f141225', 'decimal': '0x12'}",{'blockTimestamp': '2022-11-23T09:36:11.000Z'}
169,0xf4999b,0x238b7b17c855c464b06ff95b0267b09a78a3266f8c2ee8af6fb005aac3208f60:log:22,0x238b7b17c855c464b06ff95b0267b09a78a3266f8c2ee8af6fb005aac3208f60,0x21a31ee1afc51d94c2efccaa2092ad1028285549,0x9a473842e2f7aaba94926ceb07887e16dbd51f6e,20382.026,,,,ATA,erc20,"{'value': '0x0450e96e9265e7e10000', 'address': '0xa2120b9e674d3fc3875f415a7df52e382f141225', 'decimal': '0x12'}",{'blockTimestamp': '2022-11-23T03:46:35.000Z'}
170,0xf492e7,0xc181325495bca801312e703cd06669831fdd605eb50104745a8850a52e930a24:log:48,0xc181325495bca801312e703cd06669831fdd605eb50104745a8850a52e930a24,0xa9d1e08c7793af67e9d92fe308d5697fb81d3e43,0x7ecccabb5e4ff4537f70b0a5018e8c0cfd53fff4,493.21126532999995,,,,ATA,erc20,"{'value': '0x1abcae68ac1f957400', 'address': '0xa2120b9e674d3fc3875f415a7df52e382f141225', 'decimal': '0x12'}",{'blockTimestamp': '2022-11-22T22:02:11.000Z'}
171,0xf492e3,0x900cf5d546cdd60d1a06ab20f0c35dc9a92875608d8fdf5b2af315ee369434ee:log:97,0x900cf5d546cdd60d1a06ab20f0c35dc9a92875608d8fdf5b2af315ee369434ee,0x28c6c06298d514db089934071355e5743bf21d60,0xb638c9ed38621892c52611fac202aca483482c0d,467.82,,,,ATA,erc20,"{'value': '0x195c4e8362273e0000', 'address': '0xa2120b9e674d3fc3875f415a7df52e382f141225', 'decimal': '0x12'}",{'blockTimestamp': '2022-11-22T22:01:23.000Z'}
172,0xf491a3,0xfc98b10ef79f1a704c2f9840efe6a6f1f50cfb9505f1b4e423b825ca813e6580:log:86,0xfc98b10ef79f1a704c2f9840efe6a6f1f50cfb9505f1b4e423b825ca813e6580,0xdfd5293d8e347dfe59e90efd55b2956a1343963d,0x682c2df29758a7a08d536b224fb6a908db398de1,8600.0,,,,ATA,erc20,"{'value': '0x01d234f9a33f47600000', 'address': '0xa2120b9e674d3fc3875f415a7df52e382f141225', 'decimal': '0x12'}",{'blockTimestamp': '2022-11-22T20:56:47.000Z'}
173,0xf48dee,0x557be11a4903953736479b968ee3b6e5d8aa2d728022d8870f72f3f08ec775ed:log:110,0x557be11a4903953736479b968ee3b6e5d8aa2d728022d8870f72f3f08ec775ed,0x01eeb8b289ed1a943930bb95530273a1082c2fdb,0xd19042da5bc210842e4523ad0ea5989de3aa8147,114.2228359416082,,,,ATA,erc20,"{'value': '0x063129081c4146f030', 'address': '0xa2120b9e674d3fc3875f415a7df52e382f141225', 'decimal': '0x12'}",{'blockTimestamp': '2022-11-22T17:45:47.000Z'}
174,0xf48d6b,0xa3d4b671e98d32d9b013372250d7e564870d15a5e11ec2c9985a0bec2b72fae5:log:83,0xa3d4b671e98d32d9b013372250d7e564870d15a5e11ec2c9985a0bec2b72fae5,0xe66b31678d6c16e9ebf358268a790b763c133750,0x5654d65578cda52791879751141f2f3d7dc27fe4,47.47924634150789,,,,ATA,erc20,"{'value': '0x0292e82afde4d7c2bc', 'address': '0xa2120b9e674d3fc3875f415a7df52e382f141225', 'decimal': '0x12'}",{'blockTimestamp': '2022-11-22T17:18:59.000Z'}
175,0xf48d6b,0xa3d4b671e98d32d9b013372250d7e564870d15a5e11ec2c9985a0bec2b72fae5:log:80,0xa3d4b671e98d32d9b013372250d7e564870d15a5e11ec2c9985a0bec2b72fae5,0x01eeb8b289ed1a943930bb95530273a1082c2fdb,0xe66b31678d6c16e9ebf358268a790b763c133750,47.47924634150789,,,,ATA,erc20,"{'value': '0x0292e82afde4d7c2bc', 'address': '0xa2120b9e674d3fc3875f415a7df52e382f141225', 'decimal': '0x12'}",{'blockTimestamp': '2022-11-22T17:18:59.000Z'}
176,0xf48d6b,0xa3d4b671e98d32d9b013372250d7e564870d15a5e11ec2c9985a0bec2b72fae5:log:78,0xa3d4b671e98d32d9b013372250d7e564870d15a5e11ec2c9985a0bec2b72fae5,0x01eeb8b289ed1a943930bb95530273a1082c2fdb,0x382ffce2287252f930e1c8dc9328dac5bf282ba1,0.4795883468839181,,,,ATA,erc20,"{'value': '0x06a7d70f7e6ec914', 'address': '0xa2120b9e674d3fc3875f415a7df52e382f141225', 'decimal': '0x12'}",{'blockTimestamp': '2022-11-22T17:18:59.000Z'}
177,0xf48a31,0x67a38b16bac3a35d390db8ef3d0d93746740c6d7203657674c4e6e607d72429d:log:116,0x67a38b16bac3a35d390db8ef3d0d93746740c6d7203657674c4e6e607d72429d,0x21a31ee1afc51d94c2efccaa2092ad1028285549,0x027996d61b0fcc4e7b3fca36c85d77355a0b4952,15009.901,,,,ATA,erc20,"{'value': '0x032db03899a2dc848000', 'address': '0xa2120b9e674d3fc3875f415a7df52e382f141225', 'decimal': '0x12'}",{'blockTimestamp': '2022-11-22T14:31:59.000Z'}
178,0xf488db,0xb9d27dda6811d1040c659ead3e4ebea7bf215082643c256d9c427537782a64f7:log:112,0xb9d27dda6811d1040c659ead3e4ebea7bf215082643c256d9c427537782a64f7,0xa9d1e08c7793af67e9d92fe308d5697fb81d3e43,0x01eeb8b289ed1a943930bb95530273a1082c2fdb,162.18167063,,,,ATA,erc20,"{'value': '0x08cab90a29a48d7c00', 'address': '0xa2120b9e674d3fc3875f415a7df52e382f141225', 'decimal': '0x12'}",{'blockTimestamp': '2022-11-22T13:23:11.000Z'}
179,0xf47fb0,0x9116eee112bffc8f980eda6612fdcede9abdff6d4f13a1bb69efad94ab281f35:log:118,0x9116eee112bffc8f980eda6612fdcede9abdff6d4f13a1bb69efad94ab281f35,0x28c6c06298d514db089934071355e5743bf21d60,0x6b09a2aeda9dbb977f2b9dff0a294d4818862bc3,200907.86500000002,,,,ATA,erc20,"{'value': '0x2a8b3cb82a02bf028000', 'address': '0xa2120b9e674d3fc3875f415a7df52e382f141225', 'decimal': '0x12'}",{'blockTimestamp': '2022-11-22T05:30:23.000Z'}
180,0xf47d75,0x990cb370c621fc1476b211c00dc7dcef2be2a9b351f7c00a6004a7322c4d417b:log:185,0x990cb370c621fc1476b211c00dc7dcef2be2a9b351f7c00a6004a7322c4d417b,0x733c5570597e609c796399333f0a176e444386ee,0xf16e9b0d03470827a95cdfd0cb8a8a3b46969b91,10083.999999999998,,,,ATA,erc20,"{'value': '0x0222a79cbcad9f100000', 'address': '0xa2120b9e674d3fc3875f415a7df52e382f141225', 'decimal': '0x12'}",{'blockTimestamp': '2022-11-22T03:35:47.000Z'}
181,0xf47c4c,0xd75a26f038b35d879d5ecae6bd21515dec057dc1da382c8bedf90fb98024f239:log:169,0xd75a26f038b35d879d5ecae6bd21515dec057dc1da382c8bedf90fb98024f239,0x733c5570597e609c796399333f0a176e444386ee,0xf16e9b0d03470827a95cdfd0cb8a8a3b46969b91,10083.999999999998,,,,ATA,erc20,"{'value': '0x0222a79cbcad9f100000', 'address': '0xa2120b9e674d3fc3875f415a7df52e382f141225', 'decimal': '0x12'}",{'blockTimestamp': '2022-11-22T02:35:59.000Z'}
182,0xf47c49,0x8704f1d908de9fb9137e3913499f97738ba0678fa957724fbaa4142e4ce95da0:log:112,0x8704f1d908de9fb9137e3913499f97738ba0678fa957724fbaa4142e4ce95da0,0xdfd5293d8e347dfe59e90efd55b2956a1343963d,0x733c5570597e609c796399333f0a176e444386ee,10083.999999999998,,,,ATA,erc20,"{'value': '0x0222a79cbcad9f100000', 'address': '0xa2120b9e674d3fc3875f415a7df52e382f141225', 'decimal': '0x12'}",{'blockTimestamp': '2022-11-22T02:35:23.000Z'}
183,0xf47ba3,0xc2e37a836635b32439d5ed6c309c472e4ecefffecc8fe62a8f4fa9cc5e6753f3:log:88,0xc2e37a836635b32439d5ed6c309c472e4ecefffecc8fe62a8f4fa9cc5e6753f3,0x22f9dcf4647084d6c31b2765f6910cd85c178c18,0x5654d65578cda52791879751141f2f3d7dc27fe4,144.5552228142,,,,ATA,erc20,"{'value': '0x07d61b51435bd56e00', 'address': '0xa2120b9e674d3fc3875f415a7df52e382f141225', 'decimal': '0x12'}",{'blockTimestamp': '2022-11-22T02:01:59.000Z'}
184,0xf47ba3,0xc2e37a836635b32439d5ed6c309c472e4ecefffecc8fe62a8f4fa9cc5e6753f3:log:85,0xc2e37a836635b32439d5ed6c309c472e4ecefffecc8fe62a8f4fa9cc5e6753f3,0xe66b31678d6c16e9ebf358268a790b763c133750,0x22f9dcf4647084d6c31b2765f6910cd85c178c18,144.5552228142,,,,ATA,erc20,"{'value': '0x07d61b51435bd56e00', 'address': '0xa2120b9e674d3fc3875f415a7df52e382f141225', 'decimal': '0x12'}",{'blockTimestamp': '2022-11-22T02:01:59.000Z'}
185,0xf47ba3,0xc2e37a836635b32439d5ed6c309c472e4ecefffecc8fe62a8f4fa9cc5e6753f3:log:82,0xc2e37a836635b32439d5ed6c309c472e4ecefffecc8fe62a8f4fa9cc5e6753f3,0x01eeb8b289ed1a943930bb95530273a1082c2fdb,0xe66b31678d6c16e9ebf358268a790b763c133750,144.5552228142,,,,ATA,erc20,"{'value': '0x07d61b51435bd56e00', 'address': '0xa2120b9e674d3fc3875f415a7df52e382f141225', 'decimal': '0x12'}",{'blockTimestamp': '2022-11-22T02:01:59.000Z'}
186,0xf47ba3,0xc2e37a836635b32439d5ed6c309c472e4ecefffecc8fe62a8f4fa9cc5e6753f3:log:80,0xc2e37a836635b32439d5ed6c309c472e4ecefffecc8fe62a8f4fa9cc5e6753f3,0x01eeb8b289ed1a943930bb95530273a1082c2fdb,0x382ffce2287252f930e1c8dc9328dac5bf282ba1,1.4601537658,,,,ATA,erc20,"{'value': '0x1443821d1ff53a00', 'address': '0xa2120b9e674d3fc3875f415a7df52e382f141225', 'decimal': '0x12'}",{'blockTimestamp': '2022-11-22T02:01:59.000Z'}
187,0xf47b53,0x000f677e2c664c90671ba99de031020f416cb4f896064c4af26ade3912325259:log:54,0x000f677e2c664c90671ba99de031020f416cb4f896064c4af26ade3912325259,0x21a31ee1afc51d94c2efccaa2092ad1028285549,0x733c5570597e609c796399333f0a176e444386ee,10083.999999999998,,,,ATA,erc20,"{'value': '0x0222a79cbcad9f100000', 'address': '0xa2120b9e674d3fc3875f415a7df52e382f141225', 'decimal': '0x12'}",{'blockTimestamp': '2022-11-22T01:45:59.000Z'}
188,0xf47b20,0xb5668047dd689ee432b0d176e86a3f2bd79fe30581f74a3ef3c3425aad345c06:log:54,0xb5668047dd689ee432b0d176e86a3f2bd79fe30581f74a3ef3c3425aad345c06,0x733c5570597e609c796399333f0a176e444386ee,0xf16e9b0d03470827a95cdfd0cb8a8a3b46969b91,10083.0,,,,ATA,erc20,"{'value': '0x022299bc05f9f7ac0000', 'address': '0xa2120b9e674d3fc3875f415a7df52e382f141225', 'decimal': '0x12'}",{'blockTimestamp': '2022-11-22T01:35:47.000Z'}
189,0xf47a1b,0xc2fc8f1e176de0de058a8f9a72f3930e48784c55e072022de76e26685061bf43:log:123,0xc2fc8f1e176de0de058a8f9a72f3930e48784c55e072022de76e26685061bf43,0x28c6c06298d514db089934071355e5743bf21d60,0x733c5570597e609c796399333f0a176e444386ee,10083.0,,,,ATA,erc20,"{'value': '0x022299bc05f9f7ac0000', 'address': '0xa2120b9e674d3fc3875f415a7df52e382f141225', 'decimal': '0x12'}",{'blockTimestamp': '2022-11-22T00:43:23.000Z'}
190,0xf478d5,0xc8612470afb5cf70c91601c3387657033411437b51657800efef47f4c397639d:log:329,0xc8612470afb5cf70c91601c3387657033411437b51657800efef47f4c397639d,0x733c5570597e609c796399333f0a176e444386ee,0xf16e9b0d03470827a95cdfd0cb8a8a3b46969b91,10083.0,,,,ATA,erc20,"{'value': '0x022299bc05f9f7ac0000', 'address': '0xa2120b9e674d3fc3875f415a7df52e382f141225', 'decimal': '0x12'}",{'blockTimestamp': '2022-11-21T23:37:47.000Z'}
191,0xf478ab,0x375ca5d1d326e5592db8f585a6f7bab81b9d8210afb2710b53167a03a2923fa4:log:175,0x375ca5d1d326e5592db8f585a6f7bab81b9d8210afb2710b53167a03a2923fa4,0xdfd5293d8e347dfe59e90efd55b2956a1343963d,0x733c5570597e609c796399333f0a176e444386ee,10083.0,,,,ATA,erc20,"{'value': '0x022299bc05f9f7ac0000', 'address': '0xa2120b9e674d3fc3875f415a7df52e382f141225', 'decimal': '0x12'}",{'blockTimestamp': '2022-11-21T23:29:23.000Z'}
192,0xf477b3,0xf94cef23d8546cb1f03fe601414aeea75329da0b8e167d52ea626878245fcc51:log:51,0xf94cef23d8546cb1f03fe601414aeea75329da0b8e167d52ea626878245fcc51,0x21a31ee1afc51d94c2efccaa2092ad1028285549,0xb638c9ed38621892c52611fac202aca483482c0d,405463.0,,,,ATA,erc20,"{'value': '0x55dc317a58f4f0fc0000', 'address': '0xa2120b9e674d3fc3875f415a7df52e382f141225', 'decimal': '0x12'}",{'blockTimestamp': '2022-11-21T22:39:35.000Z'}
193,0xf473bb,0x0b43477407534fd9083d8b39365bb12f2afbc44df3dbb086b7db8924087055d5:log:115,0x0b43477407534fd9083d8b39365bb12f2afbc44df3dbb086b7db8924087055d5,0x28c6c06298d514db089934071355e5743bf21d60,0x783b43b7b19764865788e89ab74f41e98c88596b,697.548,,,,ATA,erc20,"{'value': '0x25d06c523b782e0000', 'address': '0xa2120b9e674d3fc3875f415a7df52e382f141225', 'decimal': '0x12'}",{'blockTimestamp': '2022-11-21T19:14:59.000Z'}
194,0xf4724b,0xee92a50f6ea9e8610c47695d8d59d13925b163eb0afd10b12e071435e246392a:log:86,0xee92a50f6ea9e8610c47695d8d59d13925b163eb0afd10b12e071435e246392a,0x28c6c06298d514db089934071355e5743bf21d60,0x21a31ee1afc51d94c2efccaa2092ad1028285549,1654135.99263656,,,,ATA,erc20,"{'value': '0x015e46e44fa2dad159a000', 'address': '0xa2120b9e674d3fc3875f415a7df52e382f141225', 'decimal': '0x12'}",{'blockTimestamp': '2022-11-21T18:00:35.000Z'}
195,0xf4724a,0x11782c222af33f9a7c7f282d2b15a965e489ff09fda28264679d37e6433775a0:log:249,0x11782c222af33f9a7c7f282d2b15a965e489ff09fda28264679d37e6433775a0,0x7ecccabb5e4ff4537f70b0a5018e8c0cfd53fff4,0x28c6c06298d514db089934071355e5743bf21d60,150047.0166,,,,ATA,erc20,"{'value': '0x1fc610a85688dc618000', 'address': '0xa2120b9e674d3fc3875f415a7df52e382f141225', 'decimal': '0x12'}",{'blockTimestamp': '2022-11-21T18:00:23.000Z'}
196,0xf471f5,0x176de941cbed16a583de16c87651b57d943ce2e0a69563b96686ff11e592e449:log:215,0x176de941cbed16a583de16c87651b57d943ce2e0a69563b96686ff11e592e449,0x0d0707963952f2fba59dd06f2b425ace40b492fe,0x7ecccabb5e4ff4537f70b0a5018e8c0cfd53fff4,150047.0166,,,,ATA,erc20,"{'value': '0x1fc610a85688dc618000', 'address': '0xa2120b9e674d3fc3875f415a7df52e382f141225', 'decimal': '0x12'}",{'blockTimestamp': '2022-11-21T17:43:23.000Z'}
197,0xf471c1,0x79d56ad10afea55ed9f7c863bb3d5ef4eba7d694b9817eace5d995f4ac60a836:log:177,0x79d56ad10afea55ed9f7c863bb3d5ef4eba7d694b9817eace5d995f4ac60a836,0x6a8a830eb287e3af5cd609f9d277571de4e3a1b2,0x0d0707963952f2fba59dd06f2b425ace40b492fe,110042.0,,,,ATA,erc20,"{'value': '0x174d6386a47f1f280000', 'address': '0xa2120b9e674d3fc3875f415a7df52e382f141225', 'decimal': '0x12'}",{'blockTimestamp': '2022-11-21T17:32:59.000Z'}
198,0xf470f5,0x681f64c86488b462ab1c0c65edee6ce37a09061ddf175057667abb2d3757a16f:log:205,0x681f64c86488b462ab1c0c65edee6ce37a09061ddf175057667abb2d3757a16f,0x1ab6a77b974c8b077ef6cf3a3d3375eef9438bd9,0x0d0707963952f2fba59dd06f2b425ace40b492fe,624.5672351999999,,,,ATA,erc20,"{'value': '0x21db9c8f50bbd90000', 'address': '0xa2120b9e674d3fc3875f415a7df52e382f141225', 'decimal': '0x12'}",{'blockTimestamp': '2022-11-21T16:52:11.000Z'}
199,0xf4707a,0xd98341b4c095439ce5fb9f79a1a53d55e8dff1f3c01da941f31243d41d647248:log:206,0xd98341b4c095439ce5fb9f79a1a53d55e8dff1f3c01da941f31243d41d647248,0x0d0707963952f2fba59dd06f2b425ace40b492fe,0xb638c9ed38621892c52611fac202aca483482c0d,3014.0,,,,ATA,erc20,"{'value': '0xa363a70724c3580000', 'address': '0xa2120b9e674d3fc3875f415a7df52e382f141225', 'decimal': '0x12'}",{'blockTimestamp': '2022-11-21T16:27:35.000Z'}
200,0xf46d22,0x07878d1146b1a581cd17f0df6e8c0516f49b55434de35c7de2b4604fbe9362dc:log:234,0x07878d1146b1a581cd17f0df6e8c0516f49b55434de35c7de2b4604fbe9362dc,0x733c5570597e609c796399333f0a176e444386ee,0x738cf6903e6c4e699d1c2dd9ab8b67fcdb3121ea,121793.0,,,,ATA,erc20,"{'value': '0x19ca69691507be640000', 'address': '0xa2120b9e674d3fc3875f415a7df52e382f141225', 'decimal': '0x12'}",{'blockTimestamp': '2022-11-21T13:35:47.000Z'}
201,0xf46c21,0xfb0cd93d2482f081685827bfc0f677496597a29dca8c2ebd0a1a2df763cb8efa:log:153,0xfb0cd93d2482f081685827bfc0f677496597a29dca8c2ebd0a1a2df763cb8efa,0x28c6c06298d514db089934071355e5743bf21d60,0x733c5570597e609c796399333f0a176e444386ee,121793.0,,,,ATA,erc20,"{'value': '0x19ca69691507be640000', 'address': '0xa2120b9e674d3fc3875f415a7df52e382f141225', 'decimal': '0x12'}",{'blockTimestamp': '2022-11-21T12:43:59.000Z'}
202,0xf46b60,0x3e1396556354871e32306ad5ebfc05aee5237e81496b4492f27367037f6f1c3e:log:233,0x3e1396556354871e32306ad5ebfc05aee5237e81496b4492f27367037f6f1c3e,0xa9d1e08c7793af67e9d92fe308d5697fb81d3e43,0xe8072734080c02700b37ff41d90fcce9f3927a1a,90.3805576,,,,ATA,erc20,"{'value': '0x04e6483e47cdbb4000', 'address': '0xa2120b9e674d3fc3875f415a7df52e382f141225', 'decimal': '0x12'}",{'blockTimestamp': '2022-11-21T12:05:11.000Z'}
203,0xf46904,0x80119d9aea38c3f35b72a28c9e12d577032f07462c6b81cb05246978d6c4a99b:log:217,0x80119d9aea38c3f35b72a28c9e12d577032f07462c6b81cb05246978d6c4a99b,0x7ecccabb5e4ff4537f70b0a5018e8c0cfd53fff4,0x28c6c06298d514db089934071355e5743bf21d60,349993.55539614,,,,ATA,erc20,"{'value': '0x4a1d304bbf758d56b800', 'address': '0xa2120b9e674d3fc3875f415a7df52e382f141225', 'decimal': '0x12'}",{'blockTimestamp': '2022-11-21T10:03:35.000Z'}
204,0xf468e1,0x24273749108a9b7a23552df361dd8eee79f438879a765fcfd3c6bb0ad6fa2289:log:81,0x24273749108a9b7a23552df361dd8eee79f438879a765fcfd3c6bb0ad6fa2289,0x21a31ee1afc51d94c2efccaa2092ad1028285549,0x8b984b975b38b89abe294f8944a598a45ce1686d,86.0,,,,ATA,erc20,"{'value': '0x04a97d605a3b980000', 'address': '0xa2120b9e674d3fc3875f415a7df52e382f141225', 'decimal': '0x12'}",{'blockTimestamp': '2022-11-21T09:56:35.000Z'}
205,0xf46899,0x705d0513361472b2ffa1c2c6b9a1b229961ff898685b512bf7f4b235ebf10561:log:234,0x705d0513361472b2ffa1c2c6b9a1b229961ff898685b512bf7f4b235ebf10561,0xa9d1e08c7793af67e9d92fe308d5697fb81d3e43,0x7ecccabb5e4ff4537f70b0a5018e8c0cfd53fff4,349993.55539614,,,,ATA,erc20,"{'value': '0x4a1d304bbf758d56b800', 'address': '0xa2120b9e674d3fc3875f415a7df52e382f141225', 'decimal': '0x12'}",{'blockTimestamp': '2022-11-21T09:42:11.000Z'}
206,0xf464e3,0xac571d4a33d0acf6fc93ed5609ed2ee6b3ae9d8f5dd412e5c1f111f20df18aa4:log:70,0xac571d4a33d0acf6fc93ed5609ed2ee6b3ae9d8f5dd412e5c1f111f20df18aa4,0x28c6c06298d514db089934071355e5743bf21d60,0xcae83d4569584123d562e065ec5fe1aabfc0fb84,351.62,,,,ATA,erc20,"{'value': '0x130fb52f0992da0000', 'address': '0xa2120b9e674d3fc3875f415a7df52e382f141225', 'decimal': '0x12'}",{'blockTimestamp': '2022-11-21T06:30:35.000Z'}
207,0xf459d7,0x4c466062c0eea94957ff57d4fc270bf142514fe9d5fcebf7d1e36f3ecba51ecb:log:100,0x4c466062c0eea94957ff57d4fc270bf142514fe9d5fcebf7d1e36f3ecba51ecb,0xdfd5293d8e347dfe59e90efd55b2956a1343963d,0xcc85d6ff4abe3500bcdabfebedad09edcbb606a9,16534.093,,,,ATA,erc20,"{'value': '0x038050a25e1ef0b48000', 'address': '0xa2120b9e674d3fc3875f415a7df52e382f141225', 'decimal': '0x12'}",{'blockTimestamp': '2022-11-20T21:02:35.000Z'}
208,0xf45632,0x8ce84fdd25086e369fea7c95ed2633ebe34c0569e0d6b0de20d3ac31e6fdcd02:log:263,0x8ce84fdd25086e369fea7c95ed2633ebe34c0569e0d6b0de20d3ac31e6fdcd02,0x28c6c06298d514db089934071355e5743bf21d60,0xb638c9ed38621892c52611fac202aca483482c0d,185112.0,,,,ATA,erc20,"{'value': '0x2732f10e82971d600000', 'address': '0xa2120b9e674d3fc3875f415a7df52e382f141225', 'decimal': '0x12'}",{'blockTimestamp': '2022-11-20T17:54:59.000Z'}
209,0xf45382,0xfcbbfc31e7074b58b734e140428e645531c2a201580268802faa28f0bd28db7e:log:415,0xfcbbfc31e7074b58b734e140428e645531c2a201580268802faa28f0bd28db7e,0x1bb9f974b333726d218932ecad5b6123d4b7eba3,0x738cf6903e6c4e699d1c2dd9ab8b67fcdb3121ea,6219.5874,,,,ATA,erc20,"{'value': '0x01512a1d3b837f5c8000', 'address': '0xa2120b9e674d3fc3875f415a7df52e382f141225', 'decimal': '0x12'}",{'blockTimestamp': '2022-11-20T15:36:47.000Z'}
210,0xf4532f,0x3f14f153585f3af48da752f318c6b233e7fdd221fd35698d92e0d783d6ecdea2:log:274,0x3f14f153585f3af48da752f318c6b233e7fdd221fd35698d92e0d783d6ecdea2,0x3c02290922a3618a4646e3bbca65853ea45fe7c6,0x1bb9f974b333726d218932ecad5b6123d4b7eba3,6219.5874,,,,ATA,erc20,"{'value': '0x01512a1d3b837f5c8000', 'address': '0xa2120b9e674d3fc3875f415a7df52e382f141225', 'decimal': '0x12'}",{'blockTimestamp': '2022-11-20T15:20:11.000Z'}
211,0xf452a0,0xfc83fa34af397eccdeb95ced0edd1432fb366e119dedb171e15375e1ef6e3744:log:196,0xfc83fa34af397eccdeb95ced0edd1432fb366e119dedb171e15375e1ef6e3744,0x19ba25635c49c910313715b5f6937781d43b6582,0x3c02290922a3618a4646e3bbca65853ea45fe7c6,6228.5874,,,,ATA,erc20,"{'value': '0x0151a703a7d461e08000', 'address': '0xa2120b9e674d3fc3875f415a7df52e382f141225', 'decimal': '0x12'}",{'blockTimestamp': '2022-11-20T14:51:35.000Z'}
212,0xf4529f,0x6f03bf9b72b9b6dbbb047df94cedc92890f1e60811e8e53b712f8d8f520de5bf:log:207,0x6f03bf9b72b9b6dbbb047df94cedc92890f1e60811e8e53b712f8d8f520de5bf,0xa8810994379423b7271e6235b1dcad6ced50f55f,0x3c02290922a3618a4646e3bbca65853ea45fe7c6,8391.572,,,,ATA,erc20,"{'value': '0x01c6e874a18bca420000', 'address': '0xa2120b9e674d3fc3875f415a7df52e382f141225', 'decimal': '0x12'}",{'blockTimestamp': '2022-11-20T14:51:23.000Z'}
213,0xf4529f,0xed02402e52762c1ecf6052a27ee6a80d4d350b729e17a7356b410d34273c9607:log:174,0xed02402e52762c1ecf6052a27ee6a80d4d350b729e17a7356b410d34273c9607,0xf431666bdc13d00bc0d2661ef756755f0c7086dd,0x3c02290922a3618a4646e3bbca65853ea45fe7c6,11606.0,,,,ATA,erc20,"{'value': '0x0275299af4c6cf980000', 'address': '0xa2120b9e674d3fc3875f415a7df52e382f141225', 'decimal': '0x12'}",{'blockTimestamp': '2022-11-20T14:51:23.000Z'}
214,0xf4529f,0xb53ed2a2ac5c11283d71673fbf0ed7f2097f4a6f7153b2398ce9099e79034b6f:log:147,0xb53ed2a2ac5c11283d71673fbf0ed7f2097f4a6f7153b2398ce9099e79034b6f,0x3d20031848995e6c4078be6716526b37764b5145,0x3c02290922a3618a4646e3bbca65853ea45fe7c6,18628.034,,,,ATA,erc20,"{'value': '0x03f1d3e733722aed0000', 'address': '0xa2120b9e674d3fc3875f415a7df52e382f141225', 'decimal': '0x12'}",{'blockTimestamp': '2022-11-20T14:51:23.000Z'}
215,0xf451c2,0xc3de651734150981d55968b1a471af75311de019b6636e4806266fe276eefbe0:log:44,0xc3de651734150981d55968b1a471af75311de019b6636e4806266fe276eefbe0,0x4bff1e6f00450aee0a4ffc8a661b50030d079fae,0xbf786d2c25f1373858302efc18aa0a25c9f0bfd9,320.0,,,,ATA,erc20,"{'value': '0x1158e460913d000000', 'address': '0xa2120b9e674d3fc3875f415a7df52e382f141225', 'decimal': '0x12'}",{'blockTimestamp': '2022-11-20T14:06:59.000Z'}
216,0xf451a1,0x21bd9a7845097ce0914293339da4cbd579fda3fff299672bd52c836cc91cb9a6:log:334,0x21bd9a7845097ce0914293339da4cbd579fda3fff299672bd52c836cc91cb9a6,0xcb9ecf7e53e84bd70d4eb110674d5981b6b9adf0,0x28c6c06298d514db089934071355e5743bf21d60,13001.26969553,,,,ATA,erc20,"{'value': '0x02c0ccdcb067ccad2400', 'address': '0xa2120b9e674d3fc3875f415a7df52e382f141225', 'decimal': '0x12'}",{'blockTimestamp': '2022-11-20T14:00:23.000Z'}
217,0xf451a1,0x611b0d89e7cfc81b8a1f1a09b78bd6bdf2724be5b2a26ea8b4551429b3ecdbb7:log:125,0x611b0d89e7cfc81b8a1f1a09b78bd6bdf2724be5b2a26ea8b4551429b3ecdbb7,0x73064f451b0d7e1b0fc16b46deb268d460b87072,0x28c6c06298d514db089934071355e5743bf21d60,8383.572,,,,ATA,erc20,"{'value': '0x01c6796eebee8f220000', 'address': '0xa2120b9e674d3fc3875f415a7df52e382f141225', 'decimal': '0x12'}",{'blockTimestamp': '2022-11-20T14:00:23.000Z'}
218,0xf45148,0x49fe12e5ff95475ee23010644dff3c90b67140ba9b210dc8be1a27ce0b644bfb:log:129,0x49fe12e5ff95475ee23010644dff3c90b67140ba9b210dc8be1a27ce0b644bfb,0x3c02290922a3618a4646e3bbca65853ea45fe7c6,0xcb9ecf7e53e84bd70d4eb110674d5981b6b9adf0,13001.26969553,,,,ATA,erc20,"{'value': '0x02c0ccdcb067ccad2400', 'address': '0xa2120b9e674d3fc3875f415a7df52e382f141225', 'decimal': '0x12'}",{'blockTimestamp': '2022-11-20T13:42:23.000Z'}
219,0xf45148,0xc4b3ebe10a4b87eb3052172105b4f2e68a3477681cbc56b6a2fa3549dbf88b83:log:128,0xc4b3ebe10a4b87eb3052172105b4f2e68a3477681cbc56b6a2fa3549dbf88b83,0x3c02290922a3618a4646e3bbca65853ea45fe7c6,0x73064f451b0d7e1b0fc16b46deb268d460b87072,8383.572,,,,ATA,erc20,"{'value': '0x01c6796eebee8f220000', 'address': '0xa2120b9e674d3fc3875f415a7df52e382f141225', 'decimal': '0x12'}",{'blockTimestamp': '2022-11-20T13:42:23.000Z'}
220,0xf45123,0xc07bc5e2da000a5f4fe46c561039d73177756aeee1ba3f43735543173ac47141:log:34,0xc07bc5e2da000a5f4fe46c561039d73177756aeee1ba3f43735543173ac47141,0x28c6c06298d514db089934071355e5743bf21d60,0xf431666bdc13d00bc0d2661ef756755f0c7086dd,11606.0,,,,ATA,erc20,"{'value': '0x0275299af4c6cf980000', 'address': '0xa2120b9e674d3fc3875f415a7df52e382f141225', 'decimal': '0x12'}",{'blockTimestamp': '2022-11-20T13:34:59.000Z'}
221,0xf45118,0xc25c1ff09d411f4664f13dc2d75352e481942a0492346e6e7fefa17e3650b823:log:68,0xc25c1ff09d411f4664f13dc2d75352e481942a0492346e6e7fefa17e3650b823,0xf16e9b0d03470827a95cdfd0cb8a8a3b46969b91,0x19ba25635c49c910313715b5f6937781d43b6582,6228.5874,,,,ATA,erc20,"{'value': '0x0151a703a7d461e08000', 'address': '0xa2120b9e674d3fc3875f415a7df52e382f141225', 'decimal': '0x12'}",{'blockTimestamp': '2022-11-20T13:32:47.000Z'}
222,0xf45112,0x2602977b1256f5b1f227f4cf463aef24238b3ffa65b0a38c1ff00df2d89c7260:log:31,0x2602977b1256f5b1f227f4cf463aef24238b3ffa65b0a38c1ff00df2d89c7260,0xdfd5293d8e347dfe59e90efd55b2956a1343963d,0xa8810994379423b7271e6235b1dcad6ced50f55f,8391.572,,,,ATA,erc20,"{'value': '0x01c6e874a18bca420000', 'address': '0xa2120b9e674d3fc3875f415a7df52e382f141225', 'decimal': '0x12'}",{'blockTimestamp': '2022-11-20T13:31:35.000Z'}
223,0xf4510d,0x0c07d4b10148bfabb4f165ac9d48fa52ac6321e1c2bb06a51157468126071729:log:108,0x0c07d4b10148bfabb4f165ac9d48fa52ac6321e1c2bb06a51157468126071729,0x21a31ee1afc51d94c2efccaa2092ad1028285549,0xcb8b64477e1b071480b440983fba05af9ea5240d,2803.25998017,,,,ATA,erc20,"{'value': '0x97f70c13a81d6ae400', 'address': '0xa2120b9e674d3fc3875f415a7df52e382f141225', 'decimal': '0x12'}",{'blockTimestamp': '2022-11-20T13:30:35.000Z'}
224,0xf4510a,0x65fb851cd627fd157d2c894c97998a0fb49ec728a5da8796d9aceb24cbc7f081:log:110,0x65fb851cd627fd157d2c894c97998a0fb49ec728a5da8796d9aceb24cbc7f081,0x28c6c06298d514db089934071355e5743bf21d60,0x3d20031848995e6c4078be6716526b37764b5145,18628.034,,,,ATA,erc20,"{'value': '0x03f1d3e733722aed0000', 'address': '0xa2120b9e674d3fc3875f415a7df52e382f141225', 'decimal': '0x12'}",{'blockTimestamp': '2022-11-20T13:29:59.000Z'}
225,0xf45089,0x2dedd07eda94dba29ddbdc9f240f531bdabb8b9e2158b7865ca7f4e4728dc3c0:log:46,0x2dedd07eda94dba29ddbdc9f240f531bdabb8b9e2158b7865ca7f4e4728dc3c0,0xf16e9b0d03470827a95cdfd0cb8a8a3b46969b91,0x3b89dafeded79642301edac07ea2dcda7bcccfd1,6577.0,,,,ATA,erc20,"{'value': '0x01648a35dd8f80240000', 'address': '0xa2120b9e674d3fc3875f415a7df52e382f141225', 'decimal': '0x12'}",{'blockTimestamp': '2022-11-20T13:03:47.000Z'}
226,0xf45042,0x03c1eb4576f11241f9b16cd2403b314cd04489ecd14f0440d79d0a1a7fd86fb5:log:74,0x03c1eb4576f11241f9b16cd2403b314cd04489ecd14f0440d79d0a1a7fd86fb5,0x21a31ee1afc51d94c2efccaa2092ad1028285549,0x6a8a830eb287e3af5cd609f9d277571de4e3a1b2,110042.0,,,,ATA,erc20,"{'value': '0x174d6386a47f1f280000', 'address': '0xa2120b9e674d3fc3875f415a7df52e382f141225', 'decimal': '0x12'}",{'blockTimestamp': '2022-11-20T12:49:23.000Z'}
227,0xf44470,0x4459664a408e2c19bf8408e43db02e95080bbde58cd5141a7eb2824b7b7f9530:log:125,0x4459664a408e2c19bf8408e43db02e95080bbde58cd5141a7eb2824b7b7f9530,0x21a31ee1afc51d94c2efccaa2092ad1028285549,0x4e7f6b11bce54784ab18fef04617c37d9f58724e,1122.201,,,,ATA,erc20,"{'value': '0x3cd5aad7d304228000', 'address': '0xa2120b9e674d3fc3875f415a7df52e382f141225', 'decimal': '0x12'}",{'blockTimestamp': '2022-11-20T02:40:23.000Z'}
228,0xf439be,0xcc9780d441242831af23c210ab0dd8e343bf031d10706cdcfa04c415436c2641:log:39,0xcc9780d441242831af23c210ab0dd8e343bf031d10706cdcfa04c415436c2641,0x28c6c06298d514db089934071355e5743bf21d60,0x348a4c98669e0aa52f0b369da451be01f6c22364,43.15118007,,,,ATA,erc20,"{'value': '0x0256d7c9a61f43fc00', 'address': '0xa2120b9e674d3fc3875f415a7df52e382f141225', 'decimal': '0x12'}",{'blockTimestamp': '2022-11-19T17:30:59.000Z'}
229,0xf42ef2,0x3196feb506c58eebb5f70bb2be8e9402f944b079c3de5934a96a2ca53110a849:log:95,0x3196feb506c58eebb5f70bb2be8e9402f944b079c3de5934a96a2ca53110a849,0x1bad1270426b8059a783704308cec80753de0b38,0x40ec5b33f54e0e8a33a975908c5ba1c14e5bbbdf,10196.765,,,,ATA,erc20,"{'value': '0x0228c48a7eb93ffc8000', 'address': '0xa2120b9e674d3fc3875f415a7df52e382f141225', 'decimal': '0x12'}",{'blockTimestamp': '2022-11-19T08:15:23.000Z'}
230,0xf42ee6,0x0572f422caa80db3b0238061867c1225a1fccec5fb9179a05c41bc5aa14dbc55:log:34,0x0572f422caa80db3b0238061867c1225a1fccec5fb9179a05c41bc5aa14dbc55,0xdfd5293d8e347dfe59e90efd55b2956a1343963d,0x1bad1270426b8059a783704308cec80753de0b38,10196.765,,,,ATA,erc20,"{'value': '0x0228c48a7eb93ffc8000', 'address': '0xa2120b9e674d3fc3875f415a7df52e382f141225', 'decimal': '0x12'}",{'blockTimestamp': '2022-11-19T08:12:59.000Z'}
231,0xf42ec4,0xc2ebde45bbac4bf5a32c56d8c6f13789f8ba4659fa23ba28023420efe66e3fe0:log:89,0xc2ebde45bbac4bf5a32c56d8c6f13789f8ba4659fa23ba28023420efe66e3fe0,0x21a31ee1afc51d94c2efccaa2092ad1028285549,0xb0c6ae30108d9454f3de050b340af857048d714a,381.0,,,,ATA,erc20,"{'value': '0x14a76fe9601fd40000', 'address': '0xa2120b9e674d3fc3875f415a7df52e382f141225', 'decimal': '0x12'}",{'blockTimestamp': '2022-11-19T08:05:59.000Z'}
232,0xf42a07,0x37d8be812a4556af0d0c0ae5673f1b71ce436f4ce124086da03321591fabc460:log:224,0x37d8be812a4556af0d0c0ae5673f1b71ce436f4ce124086da03321591fabc460,0xa9d1e08c7793af67e9d92fe308d5697fb81d3e43,0x01eeb8b289ed1a943930bb95530273a1082c2fdb,28.450984140000003,,,,ATA,erc20,"{'value': '0x018ad63355e6f8f800', 'address': '0xa2120b9e674d3fc3875f415a7df52e382f141225', 'decimal': '0x12'}",{'blockTimestamp': '2022-11-19T04:02:11.000Z'}
233,0xf4269e,0x794f2ea97d5615858932c542f10a13171d1101adb493344f049e9755523b435b:log:64,0x794f2ea97d5615858932c542f10a13171d1101adb493344f049e9755523b435b,0x28c6c06298d514db089934071355e5743bf21d60,0x5510155b5775518ebc9af9c69d8da4f71f4baff9,316.92849884000003,,,,ATA,erc20,"{'value': '0x112e4436892bfff000', 'address': '0xa2120b9e674d3fc3875f415a7df52e382f141225', 'decimal': '0x12'}",{'blockTimestamp': '2022-11-19T01:06:35.000Z'}
234,0xf424eb,0x4478538ec866bff9879439a387ccc14292c03c2bf39f2c2f4c1a14245c37caa3:log:90,0x4478538ec866bff9879439a387ccc14292c03c2bf39f2c2f4c1a14245c37caa3,0xa9d1e08c7793af67e9d92fe308d5697fb81d3e43,0x2b4c9f431be0f258a7fbceffa17caf1f14d7dcd0,22.41182016,,,,ATA,erc20,"{'value': '0x013706c7b14ebd0000', 'address': '0xa2120b9e674d3fc3875f415a7df52e382f141225', 'decimal': '0x12'}",{'blockTimestamp': '2022-11-18T23:39:11.000Z'}
235,0xf420b7,0x6fe090f8d0e73a1d261c065cb8e103eae3366bc7cee9b83cdc04f0221702c8cc:log:29,0x6fe090f8d0e73a1d261c065cb8e103eae3366bc7cee9b83cdc04f0221702c8cc,0xdfd5293d8e347dfe59e90efd55b2956a1343963d,0xc691d3fd65a2284f6a278f45e3a1c81d7af84e77,9374.671,,,,ATA,erc20,"{'value': '0x01fc33b1e55d44018000', 'address': '0xa2120b9e674d3fc3875f415a7df52e382f141225', 'decimal': '0x12'}",{'blockTimestamp': '2022-11-18T20:02:59.000Z'}
236,0xf41e56,0xbfddbc9f854ff4801bf42b6d35f8b300a31e0e6601bca7e42b6df782cb7348d7:log:61,0xbfddbc9f854ff4801bf42b6d35f8b300a31e0e6601bca7e42b6df782cb7348d7,0xdb45adf74fbd18a2f101950e6c33147b2f584fd9,0x28c6c06298d514db089934071355e5743bf21d60,20018.951,,,,ATA,erc20,"{'value': '0x043d3ac10d8d46ed8000', 'address': '0xa2120b9e674d3fc3875f415a7df52e382f141225', 'decimal': '0x12'}",{'blockTimestamp': '2022-11-18T18:00:23.000Z'}
237,0xf41e25,0xf2553f0d8edd666d527b072723e1a6f2824efde038071b348790fcedb12b810c:log:189,0xf2553f0d8edd666d527b072723e1a6f2824efde038071b348790fcedb12b810c,0x027996d61b0fcc4e7b3fca36c85d77355a0b4952,0xdb45adf74fbd18a2f101950e6c33147b2f584fd9,20018.951,,,,ATA,erc20,"{'value': '0x043d3ac10d8d46ed8000', 'address': '0xa2120b9e674d3fc3875f415a7df52e382f141225', 'decimal': '0x12'}",{'blockTimestamp': '2022-11-18T17:50:35.000Z'}
238,0xf41474,0x240ba32e9df6824f203c903a1623683ce8ad5a1aaa7bd68cb4d60eaa6509c1c1:log:73,0x240ba32e9df6824f203c903a1623683ce8ad5a1aaa7bd68cb4d60eaa6509c1c1,0x21a31ee1afc51d94c2efccaa2092ad1028285549,0x4a69a4db1f29dc1692d6b60cde21de72d0125b1d,152.0,,,,ATA,erc20,"{'value': '0x083d6c7aab63600000', 'address': '0xa2120b9e674d3fc3875f415a7df52e382f141225', 'decimal': '0x12'}",{'blockTimestamp': '2022-11-18T09:31:59.000Z'}
239,0xf40d19,0xbf866adb997e25c77bb231e48710ca5c2a24a62f45123bb9ce6e8ee761bc87bc:log:47,0xbf866adb997e25c77bb231e48710ca5c2a24a62f45123bb9ce6e8ee761bc87bc,0x7dd8364b72f8e709c3d77986bec00b6a76759d0c,0xeed44b6fd91364dd5bd6ee96d79a578531426286,20.0,,,,ATA,erc20,"{'value': '0x01158e460913d00000', 'address': '0xa2120b9e674d3fc3875f415a7df52e382f141225', 'decimal': '0x12'}",{'blockTimestamp': '2022-11-18T03:13:23.000Z'}
240,0xf40c99,0xeab0adbb4252430965f7c9d054eceee28d97542007eeea75efb36c92ceef8cf7:log:283,0xeab0adbb4252430965f7c9d054eceee28d97542007eeea75efb36c92ceef8cf7,0xeed44b6fd91364dd5bd6ee96d79a578531426286,0x7dd8364b72f8e709c3d77986bec00b6a76759d0c,20.0,,,,ATA,erc20,"{'value': '0x01158e460913d00000', 'address': '0xa2120b9e674d3fc3875f415a7df52e382f141225', 'decimal': '0x12'}",{'blockTimestamp': '2022-11-18T02:47:35.000Z'}
241,0xf3fe9b,0xd5b35d12bfcd4d1b65df5b9317dce6dc1c61755a6c00acc4528ddbecfc0099a5:log:74,0xd5b35d12bfcd4d1b65df5b9317dce6dc1c61755a6c00acc4528ddbecfc0099a5,0x28c6c06298d514db089934071355e5743bf21d60,0x29800c4d078edfd94023dcf7f40e09171e3c18aa,1611.127,,,,ATA,erc20,"{'value': '0x5756e0ee6220c58000', 'address': '0xa2120b9e674d3fc3875f415a7df52e382f141225', 'decimal': '0x12'}",{'blockTimestamp': '2022-11-17T14:46:35.000Z'}
242,0xf3fe7f,0x124958d0dd7de0685ed3cee5ffcd0fd1d05ec326b1fd108439118e8c78f73577:log:146,0x124958d0dd7de0685ed3cee5ffcd0fd1d05ec326b1fd108439118e8c78f73577,0xdfd5293d8e347dfe59e90efd55b2956a1343963d,0x67def357814c85f1b21dfeffc073ce5a58ad29eb,36.76477896,,,,ATA,erc20,"{'value': '0x01fe36bbad0c8e2000', 'address': '0xa2120b9e674d3fc3875f415a7df52e382f141225', 'decimal': '0x12'}",{'blockTimestamp': '2022-11-17T14:40:59.000Z'}
243,0xf3f78f,0xf8495640a6238ff97b965c3a4c93b09d6aab9e508cff589db7d4a7638ae14ce5:log:150,0xf8495640a6238ff97b965c3a4c93b09d6aab9e508cff589db7d4a7638ae14ce5,0x21a31ee1afc51d94c2efccaa2092ad1028285549,0xf5fccadf0c3927fabfb3152ae2cfe0083ec7aed5,3155.2079999999996,,,,ATA,erc20,"{'value': '0xab0b4e9efdd6b40000', 'address': '0xa2120b9e674d3fc3875f415a7df52e382f141225', 'decimal': '0x12'}",{'blockTimestamp': '2022-11-17T08:43:11.000Z'}
244,0xf3f758,0xbdb21de4ec992063696d0a0059623d7d47b0be3f61b9d76b33037a511f1a904a:log:165,0xbdb21de4ec992063696d0a0059623d7d47b0be3f61b9d76b33037a511f1a904a,0x3c02290922a3618a4646e3bbca65853ea45fe7c6,0x5475675079d3276396bf8d944ea96df423fcbbd5,881.06195169,,,,ATA,erc20,"{'value': '0x2fc330d8feead36400', 'address': '0xa2120b9e674d3fc3875f415a7df52e382f141225', 'decimal': '0x12'}",{'blockTimestamp': '2022-11-17T08:32:11.000Z'}
245,0xf3f40e,0xfc47f469f338251e4ff33defd2c215fed9487a730fcdd3b7fe0c62324cdf6521:log:89,0xfc47f469f338251e4ff33defd2c215fed9487a730fcdd3b7fe0c62324cdf6521,0x28c6c06298d514db089934071355e5743bf21d60,0x3ed9b54b568d1c6d908acc53ce3d11ae9e51529d,890.06195169,,,,ATA,erc20,"{'value': '0x304017454fcd576400', 'address': '0xa2120b9e674d3fc3875f415a7df52e382f141225', 'decimal': '0x12'}",{'blockTimestamp': '2022-11-17T05:42:59.000Z'}
246,0xf3ee97,0x488c898edac1b5cb442ce1af940697b2f424c03dd8bea5ef3d9e7c1be7190e1c:log:370,0x488c898edac1b5cb442ce1af940697b2f424c03dd8bea5ef3d9e7c1be7190e1c,0x5654d65578cda52791879751141f2f3d7dc27fe4,0xeed44b6fd91364dd5bd6ee96d79a578531426286,84.70391906191237,,,,ATA,erc20,"{'value': '0x049780c59b30b9caa6', 'address': '0xa2120b9e674d3fc3875f415a7df52e382f141225', 'decimal': '0x12'}",{'blockTimestamp': '2022-11-17T01:02:11.000Z'}
247,0xf3ee47,0xc02a08abf9e2b6c14eeccb1f506f4bcd74a1d33362dc00a640a54735ef4fdc0f:log:265,0xc02a08abf9e2b6c14eeccb1f506f4bcd74a1d33362dc00a640a54735ef4fdc0f,0x1fe970be3e34ba07e29575b0dd61edb537ff849a,0xdf2f037c6f5845017ed009991d3a382a22b7c9f2,2571.9574231560546,,,,ATA,erc20,"{'value': '0x8b6d14518bc5ab5f5d', 'address': '0xa2120b9e674d3fc3875f415a7df52e382f141225', 'decimal': '0x12'}",{'blockTimestamp': '2022-11-17T00:45:59.000Z'}
248,0xf3e645,0x7edb5eff58afa3b59ef1ec0b6ac2bf7b787a920a657723aa8c635758dfd4810e:log:176,0x7edb5eff58afa3b59ef1ec0b6ac2bf7b787a920a657723aa8c635758dfd4810e,0xf16e9b0d03470827a95cdfd0cb8a8a3b46969b91,0xc2772d6cbd3251697f62bd0f7ff0e7b7ab7ec21e,481.1074,,,,ATA,erc20,"{'value': '0x1a14b4d748a3c48000', 'address': '0xa2120b9e674d3fc3875f415a7df52e382f141225', 'decimal': '0x12'}",{'blockTimestamp': '2022-11-16T17:53:35.000Z'}
249,0xf3e1d1,0x52501fe8552e6691cce97ad6127c877aa60ab7fe158851dd97ead2bc78601fff:log:206,0x52501fe8552e6691cce97ad6127c877aa60ab7fe158851dd97ead2bc78601fff,0xa2120b9e674d3fc3875f415a7df52e382f141225,0x46494ef7b2d64fe15de493477ea5c73eede4a82f,14880.357142857143,,,,ATA,erc20,"{'value': '0x0326aa705deae2916db7', 'address': '0xa2120b9e674d3fc3875f415a7df52e382f141225', 'decimal': '0x12'}",{'blockTimestamp': '2022-11-16T14:03:23.000Z'}
250,0xf3e196,0xb1c91054925e50b736359ae7a03a173895533910d91237c9e1d1f0aaf22d6481:log:154,0xb1c91054925e50b736359ae7a03a173895533910d91237c9e1d1f0aaf22d6481,0xf431666bdc13d00bc0d2661ef756755f0c7086dd,0x3c02290922a3618a4646e3bbca65853ea45fe7c6,11589.0,,,,ATA,erc20,"{'value': '0x02743daed2d8b1f40000', 'address': '0xa2120b9e674d3fc3875f415a7df52e382f141225', 'decimal': '0x12'}",{'blockTimestamp': '2022-11-16T13:51:23.000Z'}
251,0xf3e0c0,0x955a80e76f3ab660cc0691aabfe6ace1833da4f5a23038a10c8b65f420cb034a:log:125,0x955a80e76f3ab660cc0691aabfe6ace1833da4f5a23038a10c8b65f420cb034a,0xdfd5293d8e347dfe59e90efd55b2956a1343963d,0xf431666bdc13d00bc0d2661ef756755f0c7086dd,11589.0,,,,ATA,erc20,"{'value': '0x02743daed2d8b1f40000', 'address': '0xa2120b9e674d3fc3875f415a7df52e382f141225', 'decimal': '0x12'}",{'blockTimestamp': '2022-11-16T13:07:59.000Z'}
252,0xf3de5e,0x9023ca83b9d7793ebd1811ddbf7bd762b14941f90c1f368685f23c3330a1cc0a:log:64,0x9023ca83b9d7793ebd1811ddbf7bd762b14941f90c1f368685f23c3330a1cc0a,0x21a31ee1afc51d94c2efccaa2092ad1028285549,0xd9d30b37f75a044a8d4025324b5b82570139c034,11891.070000000002,,,,ATA,erc20,"{'value': '0x02849dbf0b6938330000', 'address': '0xa2120b9e674d3fc3875f415a7df52e382f141225', 'decimal': '0x12'}",{'blockTimestamp': '2022-11-16T11:04:59.000Z'}
253,0xf3d1ed,0x97dc315ec0a74e5b88c9db7b9259cecf9ef969ba9baf281ca5f55f25bcbbab00:log:135,0x97dc315ec0a74e5b88c9db7b9259cecf9ef969ba9baf281ca5f55f25bcbbab00,0x28c6c06298d514db089934071355e5743bf21d60,0x02469440f4eb8c81e2d319d4f1d54d9340758752,2026.27739,,,,ATA,erc20,"{'value': '0x6dd83f6686fba6e000', 'address': '0xa2120b9e674d3fc3875f415a7df52e382f141225', 'decimal': '0x12'}",{'blockTimestamp': '2022-11-16T00:24:23.000Z'}
254,0xf3c97c,0xf6eab302f0c36930ce318375087a3855a58c0a02ed379f5baf8c3f35137faff3:log:70,0xf6eab302f0c36930ce318375087a3855a58c0a02ed379f5baf8c3f35137faff3,0xdfd5293d8e347dfe59e90efd55b2956a1343963d,0xb140ce20bae50956f4ba81b05a64b6d2c089081b,127.78511148999999,,,,ATA,erc20,"{'value': '0x06ed5fe9dd99231400', 'address': '0xa2120b9e674d3fc3875f415a7df52e382f141225', 'decimal': '0x12'}",{'blockTimestamp': '2022-11-15T17:08:23.000Z'}
255,0xf3c832,0xd2e50bd7ff457432d65c11b2b349e585b63be35c03c8fec7b65c5f7ed54f5f54:log:125,0xd2e50bd7ff457432d65c11b2b349e585b63be35c03c8fec7b65c5f7ed54f5f54,0xf16e9b0d03470827a95cdfd0cb8a8a3b46969b91,0x8702cf69b3c3dba746d4a4b9b6fd8098e32168e6,166.95286425999998,,,,ATA,erc20,"{'value': '0x090cefb97d834f2800', 'address': '0xa2120b9e674d3fc3875f415a7df52e382f141225', 'decimal': '0x12'}",{'blockTimestamp': '2022-11-15T16:01:47.000Z'}
256,0xf3c4ef,0x96f1bacc131406b015877c2a5bf99a7e07b42df8427697728209b103ff4eb572:log:141,0x96f1bacc131406b015877c2a5bf99a7e07b42df8427697728209b103ff4eb572,0x21a31ee1afc51d94c2efccaa2092ad1028285549,0xa144064424989beb1112204d116b2c35d1cca3fe,27.0,,,,ATA,erc20,"{'value': '0x0176b344f2a78c0000', 'address': '0xa2120b9e674d3fc3875f415a7df52e382f141225', 'decimal': '0x12'}",{'blockTimestamp': '2022-11-15T13:13:59.000Z'}
257,0xf3c3ab,0x26c54b3f453942aee5a6030971c397b33f14a0baa5c58e9ca8a8d309adf380b3:log:127,0x26c54b3f453942aee5a6030971c397b33f14a0baa5c58e9ca8a8d309adf380b3,0x28c6c06298d514db089934071355e5743bf21d60,0x6a59c2c35015f90c337eefcd96d5d6cdf79fae18,1364.607,,,,ATA,erc20,"{'value': '0x49f9b9f48093798000', 'address': '0xa2120b9e674d3fc3875f415a7df52e382f141225', 'decimal': '0x12'}",{'blockTimestamp': '2022-11-15T12:08:35.000Z'}
258,0xf3c16b,0xa9a69ebf33a03ac8a465b0439bd52683ac373405c812fa13518f0df17abce123:log:69,0xa9a69ebf33a03ac8a465b0439bd52683ac373405c812fa13518f0df17abce123,0xf16e9b0d03470827a95cdfd0cb8a8a3b46969b91,0xb2afac1532c4c7dcebb5e677c710eecaccb80224,1532.28142602,,,,ATA,erc20,"{'value': '0x5310ad2e971b16e800', 'address': '0xa2120b9e674d3fc3875f415a7df52e382f141225', 'decimal': '0x12'}",{'blockTimestamp': '2022-11-15T10:12:47.000Z'}
259,0xf3be1a,0xf1cc66b0ba4f7cb5406c2f57c64bc0e1a3b9c00f74aca32dc48d991cdba06558:log:144,0xf1cc66b0ba4f7cb5406c2f57c64bc0e1a3b9c00f74aca32dc48d991cdba06558,0xdfd5293d8e347dfe59e90efd55b2956a1343963d,0xedb3ce88b36ae048ec9cb49a9dc72487308c0e9b,33181.777,,,,ATA,erc20,"{'value': '0x0706c9a908e92ace8000', 'address': '0xa2120b9e674d3fc3875f415a7df52e382f141225', 'decimal': '0x12'}",{'blockTimestamp': '2022-11-15T07:21:59.000Z'}
260,0xf3bd12,0x78a72f26568d57bbac460afc7b55e32210c2bfceb99e87d101bc99c4230b275d:log:70,0x78a72f26568d57bbac460afc7b55e32210c2bfceb99e87d101bc99c4230b275d,0x979715bfd3e217122d9ab7dbff5dfc230bf378be,0x9e3823fb682339a98782cdf9c379f6a2e346f684,0.1,,,,ATA,erc20,"{'value': '0x016345785d8a0000', 'address': '0xa2120b9e674d3fc3875f415a7df52e382f141225', 'decimal': '0x12'}",{'blockTimestamp': '2022-11-15T06:29:11.000Z'}
261,0xf3bc55,0x3c258504770c4835cbbb73067c2434d4f44b74f7eb3fe1e4f59ac8135b6e6eab:log:244,0x3c258504770c4835cbbb73067c2434d4f44b74f7eb3fe1e4f59ac8135b6e6eab,0xc7e45a394902662cbec921995c6cd3ee8475b4f7,0x3c02290922a3618a4646e3bbca65853ea45fe7c6,16973.0,,,,ATA,erc20,"{'value': '0x03981bb1453121140000', 'address': '0xa2120b9e674d3fc3875f415a7df52e382f141225', 'decimal': '0x12'}",{'blockTimestamp': '2022-11-15T05:51:11.000Z'}
262,0xf3bc24,0xf2a747d1b5fef315e19084c3aafb2ccc13622349b64a5e5beb035ccf9763b878:log:106,0xf2a747d1b5fef315e19084c3aafb2ccc13622349b64a5e5beb035ccf9763b878,0x21a31ee1afc51d94c2efccaa2092ad1028285549,0xc7e45a394902662cbec921995c6cd3ee8475b4f7,16973.0,,,,ATA,erc20,"{'value': '0x03981bb1453121140000', 'address': '0xa2120b9e674d3fc3875f415a7df52e382f141225', 'decimal': '0x12'}",{'blockTimestamp': '2022-11-15T05:41:23.000Z'}
263,0xf3ba1c,0xe436de73682141a80e90e60164d8dd2b38ed4a36fc0a1a2dd355b7cd3575165c:log:61,0xe436de73682141a80e90e60164d8dd2b38ed4a36fc0a1a2dd355b7cd3575165c,0x74de5d4fcbf63e00296fd95d33236b9794016631,0x5654d65578cda52791879751141f2f3d7dc27fe4,140.0,,,,ATA,erc20,"{'value': '0x0796e3ea3f8ab00000', 'address': '0xa2120b9e674d3fc3875f415a7df52e382f141225', 'decimal': '0x12'}",{'blockTimestamp': '2022-11-15T03:56:59.000Z'}
264,0xf3ba1c,0xe436de73682141a80e90e60164d8dd2b38ed4a36fc0a1a2dd355b7cd3575165c:log:59,0xe436de73682141a80e90e60164d8dd2b38ed4a36fc0a1a2dd355b7cd3575165c,0x7f7868f761e74fb98ce684aa99927600d7d328b4,0x74de5d4fcbf63e00296fd95d33236b9794016631,140.0,,,,ATA,erc20,"{'value': '0x0796e3ea3f8ab00000', 'address': '0xa2120b9e674d3fc3875f415a7df52e382f141225', 'decimal': '0x12'}",{'blockTimestamp': '2022-11-15T03:56:59.000Z'}
265,0xf3b208,0x8ae5380e5f376df5c5c3ea6e816062b14fb01fb660fe27ededd5ce640b06d5a7:log:360,0x8ae5380e5f376df5c5c3ea6e816062b14fb01fb660fe27ededd5ce640b06d5a7,0x7df1155185f8d3ebbe960926b9a1914e2cfd215d,0x28c6c06298d514db089934071355e5743bf21d60,1875.45730516,,,,ATA,erc20,"{'value': '0x65ab32d271c12cd000', 'address': '0xa2120b9e674d3fc3875f415a7df52e382f141225', 'decimal': '0x12'}",{'blockTimestamp': '2022-11-14T21:00:23.000Z'}
266,0xf3b163,0x0718593c7953ac5c092b759595af95d1b7c85025beec8afb5652695d62f094b2:log:174,0x0718593c7953ac5c092b759595af95d1b7c85025beec8afb5652695d62f094b2,0xa9d1e08c7793af67e9d92fe308d5697fb81d3e43,0x7df1155185f8d3ebbe960926b9a1914e2cfd215d,1875.45730516,,,,ATA,erc20,"{'value': '0x65ab32d271c12cd000', 'address': '0xa2120b9e674d3fc3875f415a7df52e382f141225', 'decimal': '0x12'}",{'blockTimestamp': '2022-11-14T20:27:23.000Z'}
267,0xf3ae21,0xff76bd13d420044de3f579f4a42bcc289ba4cca5c11060c469699bdbbc8b3790:log:77,0xff76bd13d420044de3f579f4a42bcc289ba4cca5c11060c469699bdbbc8b3790,0x28c6c06298d514db089934071355e5743bf21d60,0x3d95ea64f73e38988d24dfaced89fff7aa8d5245,585.389,,,,ATA,erc20,"{'value': '0x1fbbe781f9e5248000', 'address': '0xa2120b9e674d3fc3875f415a7df52e382f141225', 'decimal': '0x12'}",{'blockTimestamp': '2022-11-14T17:39:35.000Z'}
268,0xf3abf6,0xbb6f86909c249844e90065fbe58c20fd7c6dcb8f4d4b6554c3a6b90bca1156f6:log:325,0xbb6f86909c249844e90065fbe58c20fd7c6dcb8f4d4b6554c3a6b90bca1156f6,0xdfd5293d8e347dfe59e90efd55b2956a1343963d,0xfb94e3c54030a3d8513c3ee7e91e8b3911b4d3ec,533.4409999999999,,,,ATA,erc20,"{'value': '0x1ceafb23355d268000', 'address': '0xa2120b9e674d3fc3875f415a7df52e382f141225', 'decimal': '0x12'}",{'blockTimestamp': '2022-11-14T15:48:23.000Z'}
269,0xf3ab5e,0xa1fc4cdd19773f43497d87428bf78304d8fbe25684473f99d8a370f66036b4d7:log:160,0xa1fc4cdd19773f43497d87428bf78304d8fbe25684473f99d8a370f66036b4d7,0xf16e9b0d03470827a95cdfd0cb8a8a3b46969b91,0xca47f66063c35b99232a361149f4f10b31a48a6b,4318.838,,,,ATA,erc20,"{'value': '0xea1fead6d0ca7f0000', 'address': '0xa2120b9e674d3fc3875f415a7df52e382f141225', 'decimal': '0x12'}",{'blockTimestamp': '2022-11-14T15:17:47.000Z'}
270,0xf3aa64,0x00b0288f1cb1cca4efb6058df536a54b6e6205475447bff197d4e299727ff9c3:log:258,0x00b0288f1cb1cca4efb6058df536a54b6e6205475447bff197d4e299727ff9c3,0x0d0707963952f2fba59dd06f2b425ace40b492fe,0xb7fa9e9037417ce599d4f07357b2c9ef115f2c16,609.357,,,,ATA,erc20,"{'value': '0x210886f2fcfdb48000', 'address': '0xa2120b9e674d3fc3875f415a7df52e382f141225', 'decimal': '0x12'}",{'blockTimestamp': '2022-11-14T14:27:47.000Z'}
271,0xf3aa30,0x787b011da30b1051917dffeae91ef2a045de77d303615de3fe8143c22ba35e5c:log:157,0x787b011da30b1051917dffeae91ef2a045de77d303615de3fe8143c22ba35e5c,0x0d0707963952f2fba59dd06f2b425ace40b492fe,0xb7fa9e9037417ce599d4f07357b2c9ef115f2c16,13.0,,,,ATA,erc20,"{'value': '0xb469471f80140000', 'address': '0xa2120b9e674d3fc3875f415a7df52e382f141225', 'decimal': '0x12'}",{'blockTimestamp': '2022-11-14T14:17:23.000Z'}
272,0xf3a854,0xf23a4f8f915151fb701bad704e9c6d92edd8107687bde71b25e5676309045a3c:log:238,0xf23a4f8f915151fb701bad704e9c6d92edd8107687bde71b25e5676309045a3c,0x3a63d865bfc12d75a3fe68b37c000449d8b74e97,0x738cf6903e6c4e699d1c2dd9ab8b67fcdb3121ea,31250.0,,,,ATA,erc20,"{'value': '0x069e10de76676d080000', 'address': '0xa2120b9e674d3fc3875f415a7df52e382f141225', 'decimal': '0x12'}",{'blockTimestamp': '2022-11-14T12:41:47.000Z'}
273,0xf3a6fe,0x6ab5cef5617c3b4e7a30f06c4cfd2c1f2956f39097ca1387979a6fe104b31f45:log:208,0x6ab5cef5617c3b4e7a30f06c4cfd2c1f2956f39097ca1387979a6fe104b31f45,0x9f62257406227b87724ea6b049cfab63c42df407,0x3a63d865bfc12d75a3fe68b37c000449d8b74e97,31250.0,,,,ATA,erc20,"{'value': '0x069e10de76676d080000', 'address': '0xa2120b9e674d3fc3875f415a7df52e382f141225', 'decimal': '0x12'}",{'blockTimestamp': '2022-11-14T11:33:11.000Z'}
274,0xf3a56e,0xa48343af6e87c8e7692a62e38bf48671d7119330db47225f81d918f1e983195c:log:59,0xa48343af6e87c8e7692a62e38bf48671d7119330db47225f81d918f1e983195c,0x0d0707963952f2fba59dd06f2b425ace40b492fe,0x8f29fcfc257852c2d3707d0f12b1cbe1edc54d1b,10789.5804,,,,ATA,erc20,"{'value': '0x0248e781e0272d170000', 'address': '0xa2120b9e674d3fc3875f415a7df52e382f141225', 'decimal': '0x12'}",{'blockTimestamp': '2022-11-14T10:12:35.000Z'}
275,0xf3a54b,0xcf104340515e3d8ed86bc9bdfa38f1ed36d51d4f3a67ec70cbc6a8a5e06c18ef:log:163,0xcf104340515e3d8ed86bc9bdfa38f1ed36d51d4f3a67ec70cbc6a8a5e06c18ef,0x0d0707963952f2fba59dd06f2b425ace40b492fe,0x8f29fcfc257852c2d3707d0f12b1cbe1edc54d1b,72.0,,,,ATA,erc20,"{'value': '0x03e733628714200000', 'address': '0xa2120b9e674d3fc3875f415a7df52e382f141225', 'decimal': '0x12'}",{'blockTimestamp': '2022-11-14T10:05:35.000Z'}
276,0xf3a11b,0x57041289a9dac8db9b14ba00961437d841e62f2e1c0eb45ac8f14825d36a5199:log:74,0x57041289a9dac8db9b14ba00961437d841e62f2e1c0eb45ac8f14825d36a5199,0x64394be7cc1bed6961aa99329de9197514833f8a,0x725f800ff38bceb70cce716fdff54576363acd8b,6103.0,,,,ATA,erc20,"{'value': '0x014ad82394eb90fc0000', 'address': '0xa2120b9e674d3fc3875f415a7df52e382f141225', 'decimal': '0x12'}",{'blockTimestamp': '2022-11-14T06:29:47.000Z'}
277,0xf3a11a,0xd9dca34f2060d485bf9537026e386aa610513826b0927c3be434f6acc924a749:log:120,0xd9dca34f2060d485bf9537026e386aa610513826b0927c3be434f6acc924a749,0x1bad1270426b8059a783704308cec80753de0b38,0x40ec5b33f54e0e8a33a975908c5ba1c14e5bbbdf,10521.39600103,,,,ATA,erc20,"{'value': '0x023a5db37e31109abc00', 'address': '0xa2120b9e674d3fc3875f415a7df52e382f141225', 'decimal': '0x12'}",{'blockTimestamp': '2022-11-14T06:29:35.000Z'}
278,0xf3a113,0xbdf59528e7bfd95d534d02e246495526494e0a9071186b4530327cea4a94e2aa:log:89,0xbdf59528e7bfd95d534d02e246495526494e0a9071186b4530327cea4a94e2aa,0x21a31ee1afc51d94c2efccaa2092ad1028285549,0x1bad1270426b8059a783704308cec80753de0b38,10521.39600103,,,,ATA,erc20,"{'value': '0x023a5db37e31109abc00', 'address': '0xa2120b9e674d3fc3875f415a7df52e382f141225', 'decimal': '0x12'}",{'blockTimestamp': '2022-11-14T06:28:11.000Z'}
279,0xf3a089,0x8435d7e457a6c021909dfc40ace26def5d2991124c90101ffdb620d9ca9cc599:log:468,0x8435d7e457a6c021909dfc40ace26def5d2991124c90101ffdb620d9ca9cc599,0x7ecccabb5e4ff4537f70b0a5018e8c0cfd53fff4,0x28c6c06298d514db089934071355e5743bf21d60,83853.4613,,,,ATA,erc20,"{'value': '0x11c1b48af9abd8f74000', 'address': '0xa2120b9e674d3fc3875f415a7df52e382f141225', 'decimal': '0x12'}",{'blockTimestamp': '2022-11-14T06:00:23.000Z'}
280,0xf39fd2,0xa5628b99a1ce509543d40f71bfd20aa48af03292717bc87c4a4ac5023cdcb006:log:110,0xa5628b99a1ce509543d40f71bfd20aa48af03292717bc87c4a4ac5023cdcb006,0x0d0707963952f2fba59dd06f2b425ace40b492fe,0x7ecccabb5e4ff4537f70b0a5018e8c0cfd53fff4,83853.4613,,,,ATA,erc20,"{'value': '0x11c1b48af9abd8f74000', 'address': '0xa2120b9e674d3fc3875f415a7df52e382f141225', 'decimal': '0x12'}",{'blockTimestamp': '2022-11-14T05:23:35.000Z'}
281,0xf39f86,0x9b408edb356e3f126b453ec2274a479dbed07a733a6da1c679f7c95350bf602b:log:229,0x9b408edb356e3f126b453ec2274a479dbed07a733a6da1c679f7c95350bf602b,0x48554178f6b00f8d60e0bf8cbc6b2efa751b8d40,0x0d0707963952f2fba59dd06f2b425ace40b492fe,70362.2,,,,ATA,erc20,"{'value': '0x0ee657ae69164e3c0000', 'address': '0xa2120b9e674d3fc3875f415a7df52e382f141225', 'decimal': '0x12'}",{'blockTimestamp': '2022-11-14T05:08:23.000Z'}
282,0xf39f86,0x3d27bca9753ac2ceb3a618ee8b5a21e848cbdab92dfeb8af7ff477f9e23b2c25:log:205,0x3d27bca9753ac2ceb3a618ee8b5a21e848cbdab92dfeb8af7ff477f9e23b2c25,0x21375e8ff94a9acad555e0d8a4f17c69c5e33bd5,0x0d0707963952f2fba59dd06f2b425ace40b492fe,2193.0,,,,ATA,erc20,"{'value': '0x76e1fd18fcefa40000', 'address': '0xa2120b9e674d3fc3875f415a7df52e382f141225', 'decimal': '0x12'}",{'blockTimestamp': '2022-11-14T05:08:23.000Z'}
283,0xf39f86,0x10d42308db75e575b797551d8e2f0a2b8d617221e7c94085c4113bf32e7afce9:log:203,0x10d42308db75e575b797551d8e2f0a2b8d617221e7c94085c4113bf32e7afce9,0x9ac1f3d2c6c903587a504f4fba5a2d323899fecd,0x0d0707963952f2fba59dd06f2b425ace40b492fe,39439.99999999999,,,,ATA,erc20,"{'value': '0x085a0bf37dec9e400000', 'address': '0xa2120b9e674d3fc3875f415a7df52e382f141225', 'decimal': '0x12'}",{'blockTimestamp': '2022-11-14T05:08:23.000Z'}
284,0xf39f86,0x1ecbf82295a2d883902619d67e37ab5fbcc34cd5a8a5222c1a582d5917175a0c:log:202,0x1ecbf82295a2d883902619d67e37ab5fbcc34cd5a8a5222c1a582d5917175a0c,0x41b6d723e7fa70f794b514a85a4ca838c380f4f4,0x0d0707963952f2fba59dd06f2b425ace40b492fe,35071.0,,,,ATA,erc20,"{'value': '0x076d33e56de0dc9c0000', 'address': '0xa2120b9e674d3fc3875f415a7df52e382f141225', 'decimal': '0x12'}",{'blockTimestamp': '2022-11-14T05:08:23.000Z'}
285,0xf39f86,0xdb88ef780b2f0c64bf9ed92bb14de066032317a6494d7701098bce1b498b628e:log:190,0xdb88ef780b2f0c64bf9ed92bb14de066032317a6494d7701098bce1b498b628e,0x4bba5f077a8fcfaf8d6d07c6cfbce553e2d94c9c,0x0d0707963952f2fba59dd06f2b425ace40b492fe,955.9126486808435,,,,ATA,erc20,"{'value': '0x33d1f3f1553c7355af', 'address': '0xa2120b9e674d3fc3875f415a7df52e382f141225', 'decimal': '0x12'}",{'blockTimestamp': '2022-11-14T05:08:23.000Z'}
286,0xf39e32,0xa6836bd80c4f7ce23d414efcef21667c0a1254983086cfcd3f489b8cfe4d0147:log:130,0xa6836bd80c4f7ce23d414efcef21667c0a1254983086cfcd3f489b8cfe4d0147,0x7fd30d8810b2dc785b1a16594b3204cdc54c1e1b,0x28c6c06298d514db089934071355e5743bf21d60,184521.428571,,,,ATA,erc20,"{'value': '0x2712ed3b50e5758cb000', 'address': '0xa2120b9e674d3fc3875f415a7df52e382f141225', 'decimal': '0x12'}",{'blockTimestamp': '2022-11-14T04:00:11.000Z'}
287,0xf39e20,0x1f400a03ccac610f9e47c8885e46038e73460bcb56cece985b8a82a6761f403a:log:175,0x1f400a03ccac610f9e47c8885e46038e73460bcb56cece985b8a82a6761f403a,0x527788ae179be743614496680d38b39d87ee1ce8,0x7fd30d8810b2dc785b1a16594b3204cdc54c1e1b,184521.42857142855,,,,ATA,erc20,"{'value': '0x2712ed3b51493e65b6db', 'address': '0xa2120b9e674d3fc3875f415a7df52e382f141225', 'decimal': '0x12'}",{'blockTimestamp': '2022-11-14T03:56:35.000Z'}
288,0xf39e06,0x6908564d54622ff592c85b89a2f268ae05b0b97823740d5c11f70c483b63ce62:log:139,0x6908564d54622ff592c85b89a2f268ae05b0b97823740d5c11f70c483b63ce62,0x28c6c06298d514db089934071355e5743bf21d60,0x02e5eae323c19d6b363b51c2a4b0851700b1de2e,2334.08415817,,,,ATA,erc20,"{'value': '0x7e87ecb75905840400', 'address': '0xa2120b9e674d3fc3875f415a7df52e382f141225', 'decimal': '0x12'}",{'blockTimestamp': '2022-11-14T03:51:23.000Z'}
289,0xf39cfb,0x79059810a878a75c1679dcd36786dd0610f89168b8addb990218b49bd3207d24:log:180,0x79059810a878a75c1679dcd36786dd0610f89168b8addb990218b49bd3207d24,0x64394be7cc1bed6961aa99329de9197514833f8a,0x725f800ff38bceb70cce716fdff54576363acd8b,18.0,,,,ATA,erc20,"{'value': '0xf9ccd8a1c5080000', 'address': '0xa2120b9e674d3fc3875f415a7df52e382f141225', 'decimal': '0x12'}",{'blockTimestamp': '2022-11-14T02:57:47.000Z'}
290,0xf39cf2,0x2c1a83242ede7cad12fc44a76e69c2470922b2ee5d55317a659e205013a4122c:log:99,0x2c1a83242ede7cad12fc44a76e69c2470922b2ee5d55317a659e205013a4122c,0xa2120b9e674d3fc3875f415a7df52e382f141225,0x527788ae179be743614496680d38b39d87ee1ce8,184521.42857142855,,,,ATA,erc20,"{'value': '0x2712ed3b51493e65b6db', 'address': '0xa2120b9e674d3fc3875f415a7df52e382f141225', 'decimal': '0x12'}",{'blockTimestamp': '2022-11-14T02:55:59.000Z'}
291,0xf39cb6,0x1c2dcd4e93135ce208ea5e373b56ad5be6fdc1d1e64492e3778b14bbac86b658:log:266,0x1c2dcd4e93135ce208ea5e373b56ad5be6fdc1d1e64492e3778b14bbac86b658,0xdfd5293d8e347dfe59e90efd55b2956a1343963d,0x15781825fff7fbfeaa25d9ac665ebdda8dbba0f7,20179.774999999998,,,,ATA,erc20,"{'value': '0x0445f2a2ad7844598000', 'address': '0xa2120b9e674d3fc3875f415a7df52e382f141225', 'decimal': '0x12'}",{'blockTimestamp': '2022-11-14T02:43:59.000Z'}
292,0xf39b1d,0x51a7ac6d5e4cd202c30904fe42b443cce097c91e2b14206e5a6e03af4f51c93c:log:155,0x51a7ac6d5e4cd202c30904fe42b443cce097c91e2b14206e5a6e03af4f51c93c,0x21a31ee1afc51d94c2efccaa2092ad1028285549,0xcab1d4edbc47df8f7d2b39f57e61538709c2595a,406.0,,,,ATA,erc20,"{'value': '0x160261c0eb78980000', 'address': '0xa2120b9e674d3fc3875f415a7df52e382f141225', 'decimal': '0x12'}",{'blockTimestamp': '2022-11-14T01:21:23.000Z'}
293,0xf39911,0xf15bb9dca96ab19a258d2d7c6d356411378cc34b2293e99a42e5bb17ee925eb5:log:92,0xf15bb9dca96ab19a258d2d7c6d356411378cc34b2293e99a42e5bb17ee925eb5,0xa9d1e08c7793af67e9d92fe308d5697fb81d3e43,0x01eeb8b289ed1a943930bb95530273a1082c2fdb,117.56439244,,,,ATA,erc20,"{'value': '0x065f88a00a94d1b000', 'address': '0xa2120b9e674d3fc3875f415a7df52e382f141225', 'decimal': '0x12'}",{'blockTimestamp': '2022-11-13T23:36:11.000Z'}
294,0xf39710,0x119cd0ba162d8f0b0affc44a36d94a47a53521a6dc45c68573e39d4f9a384073:log:74,0x119cd0ba162d8f0b0affc44a36d94a47a53521a6dc45c68573e39d4f9a384073,0x28c6c06298d514db089934071355e5743bf21d60,0x02bcb2d8d17691535d0643db9067627631382af8,137.0,,,,ATA,erc20,"{'value': '0x076d41c62494840000', 'address': '0xa2120b9e674d3fc3875f415a7df52e382f141225', 'decimal': '0x12'}",{'blockTimestamp': '2022-11-13T21:53:35.000Z'}
295,0xf3964a,0xd52da9c82cf2ef1358e4fb7787c90a2b016be7688d61cd191b46fe9d61c7d4bf:log:171,0xd52da9c82cf2ef1358e4fb7787c90a2b016be7688d61cd191b46fe9d61c7d4bf,0xdfd5293d8e347dfe59e90efd55b2956a1343963d,0x3954c1cbd89493c1956b0a8abbea1962bbe4fe9e,608.0,,,,ATA,erc20,"{'value': '0x20f5b1eaad8d800000', 'address': '0xa2120b9e674d3fc3875f415a7df52e382f141225', 'decimal': '0x12'}",{'blockTimestamp': '2022-11-13T21:13:47.000Z'}
296,0xf394c1,0x1ad19e8b2167526449d1c3d7082c019f53993f262c11e37fe02a4e8db317c921:log:217,0x1ad19e8b2167526449d1c3d7082c019f53993f262c11e37fe02a4e8db317c921,0x21a31ee1afc51d94c2efccaa2092ad1028285549,0xe0fb989b27a1ea36f6b00227a71b8839bf515fc6,5459.509000000001,,,,ATA,erc20,"{'value': '0x0127f5e84dc818188000', 'address': '0xa2120b9e674d3fc3875f415a7df52e382f141225', 'decimal': '0x12'}",{'blockTimestamp': '2022-11-13T19:55:11.000Z'}
297,0xf3942b,0x89ff3407a2642db3a238564e1607fd702d626a6946b4bea7a4bbdeac28ba480d:log:236,0x89ff3407a2642db3a238564e1607fd702d626a6946b4bea7a4bbdeac28ba480d,0xa9d1e08c7793af67e9d92fe308d5697fb81d3e43,0x8785b8d1c20bd0935dd43bb22de27308c90cd889,1387.9747404,,,,ATA,erc20,"{'value': '0x4b3e04d896a504e000', 'address': '0xa2120b9e674d3fc3875f415a7df52e382f141225', 'decimal': '0x12'}",{'blockTimestamp': '2022-11-13T19:25:11.000Z'}
298,0xf393b0,0x3bec5fefd77f45a2e0b6f45645670a5bc35b4380c842016a15332c190ceac40c:log:121,0x3bec5fefd77f45a2e0b6f45645670a5bc35b4380c842016a15332c190ceac40c,0x28c6c06298d514db089934071355e5743bf21d60,0x8785b8d1c20bd0935dd43bb22de27308c90cd889,4466.0070000000005,,,,ATA,erc20,"{'value': '0xf21a4c2894aff58000', 'address': '0xa2120b9e674d3fc3875f415a7df52e382f141225', 'decimal': '0x12'}",{'blockTimestamp': '2022-11-13T19:00:35.000Z'}
299,0xf3935f,0x1db873d882ab6500cf231b930f81490c5df5a34f2cc2aadfc98aa9f9f01e0635:log:175,0x1db873d882ab6500cf231b930f81490c5df5a34f2cc2aadfc98aa9f9f01e0635,0x0d0707963952f2fba59dd06f2b425ace40b492fe,0xf8a9c438cd89b532607e5118a1b9fd9e8b1c0b62,575.4052819999999,,,,ATA,erc20,"{'value': '0x1f315a3759e5782000', 'address': '0xa2120b9e674d3fc3875f415a7df52e382f141225', 'decimal': '0x12'}",{'blockTimestamp': '2022-11-13T18:44:23.000Z'}
300,0xf3931a,0x7b2e32e4b980be08c25692c68da08eb80ae77e9ba082270959d143a7939dbb64:log:377,0x7b2e32e4b980be08c25692c68da08eb80ae77e9ba082270959d143a7939dbb64,0xf05e2a70346560d3228c7002194bb7c5dc8fe100,0x28c6c06298d514db089934071355e5743bf21d60,607666.5996000001,,,,ATA,erc20,"{'value': '0x80adac208c9246db0000', 'address': '0xa2120b9e674d3fc3875f415a7df52e382f141225', 'decimal': '0x12'}",{'blockTimestamp': '2022-11-13T18:30:23.000Z'}
301,0xf392b2,0x8a6c9a7ee5a95fb72911ba2315eb36c2aebdaf31c4373ed65b8b085c1aceaf1a:log:264,0x8a6c9a7ee5a95fb72911ba2315eb36c2aebdaf31c4373ed65b8b085c1aceaf1a,0x0d0707963952f2fba59dd06f2b425ace40b492fe,0xf05e2a70346560d3228c7002194bb7c5dc8fe100,607666.5996000001,,,,ATA,erc20,"{'value': '0x80adac208c9246db0000', 'address': '0xa2120b9e674d3fc3875f415a7df52e382f141225', 'decimal': '0x12'}",{'blockTimestamp': '2022-11-13T18:09:35.000Z'}
302,0xf39282,0x81e8803a40f19205ce7d123d304ecfef52cca822773b4a538f40df011c755781:log:275,0x81e8803a40f19205ce7d123d304ecfef52cca822773b4a538f40df011c755781,0x72bbed600a97e2d58910d470409ce806052669a0,0x0d0707963952f2fba59dd06f2b425ace40b492fe,94023.822,,,,ATA,erc20,"{'value': '0x13e90aa68d70de1b0000', 'address': '0xa2120b9e674d3fc3875f415a7df52e382f141225', 'decimal': '0x12'}",{'blockTimestamp': '2022-11-13T17:59:59.000Z'}
303,0xf39282,0x0adfc8c0c85eb15196b26a7a6a5b5642aeb4a6d3bfef0d63bdfce5520fc6cc75:log:269,0x0adfc8c0c85eb15196b26a7a6a5b5642aeb4a6d3bfef0d63bdfce5520fc6cc75,0x67053e9d7584974282801e76b0594ecafae11f84,0x0d0707963952f2fba59dd06f2b425ace40b492fe,26239.261264740002,,,,ATA,erc20,"{'value': '0x058e6ee66ab776a4e800', 'address': '0xa2120b9e674d3fc3875f415a7df52e382f141225', 'decimal': '0x12'}",{'blockTimestamp': '2022-11-13T17:59:59.000Z'}
304,0xf39282,0x4eb09098d63f07f31a104032b0c0dfebe2a81a141115e708aa2755df67804070:log:260,0x4eb09098d63f07f31a104032b0c0dfebe2a81a141115e708aa2755df67804070,0x010e92f3980d3c5166b336065651738c706ef97d,0x0d0707963952f2fba59dd06f2b425ace40b492fe,121014.0,,,,ATA,erc20,"{'value': '0x19a02e9d205961180000', 'address': '0xa2120b9e674d3fc3875f415a7df52e382f141225', 'decimal': '0x12'}",{'blockTimestamp': '2022-11-13T17:59:59.000Z'}
305,0xf39282,0x5f5bc229d3451021e523912fad8a37026db0e949d76fefbe799d77fce4854651:log:239,0x5f5bc229d3451021e523912fad8a37026db0e949d76fefbe799d77fce4854651,0x6a8a830eb287e3af5cd609f9d277571de4e3a1b2,0x0d0707963952f2fba59dd06f2b425ace40b492fe,62754.00000000001,,,,ATA,erc20,"{'value': '0x0d49e6b2330eef480000', 'address': '0xa2120b9e674d3fc3875f415a7df52e382f141225', 'decimal': '0x12'}",{'blockTimestamp': '2022-11-13T17:59:59.000Z'}
306,0xf39282,0x1d0c45796ae1bd132e317952a8e589adfb958d3c53d70e39a2d9b38c31301bf7:log:234,0x1d0c45796ae1bd132e317952a8e589adfb958d3c53d70e39a2d9b38c31301bf7,0x9aff300b07bfb8840e76ea2dc4525e77dfcbaa43,0x0d0707963952f2fba59dd06f2b425ace40b492fe,63462.99999999999,,,,ATA,erc20,"{'value': '0x0d70560c329d873c0000', 'address': '0xa2120b9e674d3fc3875f415a7df52e382f141225', 'decimal': '0x12'}",{'blockTimestamp': '2022-11-13T17:59:59.000Z'}
307,0xf39282,0x794a925a05bca7c8e11c6c8643a28ce6b3059b6a1fd1e91858757e2bd5385767:log:233,0x794a925a05bca7c8e11c6c8643a28ce6b3059b6a1fd1e91858757e2bd5385767,0x624710d44f29712966e3b0f1568e458833f623be,0x0d0707963952f2fba59dd06f2b425ace40b492fe,163657.0,,,,ATA,erc20,"{'value': '0x22a7dd1e880d57840000', 'address': '0xa2120b9e674d3fc3875f415a7df52e382f141225', 'decimal': '0x12'}",{'blockTimestamp': '2022-11-13T17:59:59.000Z'}
308,0xf39282,0x11c679252b3a6ae8d52b4cba2fa9bf74a1bdd5228717b5978d5344a905426d43:log:227,0x11c679252b3a6ae8d52b4cba2fa9bf74a1bdd5228717b5978d5344a905426d43,0x89100ba9ee477ada9e2003e0675724185278648d,0x0d0707963952f2fba59dd06f2b425ace40b492fe,71169.0,,,,ATA,erc20,"{'value': '0x0f121447ce7a3f640000', 'address': '0xa2120b9e674d3fc3875f415a7df52e382f141225', 'decimal': '0x12'}",{'blockTimestamp': '2022-11-13T17:59:59.000Z'}
309,0xf39210,0xb780110214fb16d9152469ff6e843125ef3c40cb0b181aa8725f2bcc7ca40fb5:log:396,0xb780110214fb16d9152469ff6e843125ef3c40cb0b181aa8725f2bcc7ca40fb5,0x0635cf48342199b3ae93630ce651f31e37320c6a,0x738cf6903e6c4e699d1c2dd9ab8b67fcdb3121ea,1470.1719336712933,,,,ATA,erc20,"{'value': '0x4fb2bbf05e8a98276b', 'address': '0xa2120b9e674d3fc3875f415a7df52e382f141225', 'decimal': '0x12'}",{'blockTimestamp': '2022-11-13T17:37:11.000Z'}
310,0xf391dc,0x92f3e3dca92182e45569f49a18e6b9f8e3daf83faf71d1551336d64c86a27fe1:log:131,0x92f3e3dca92182e45569f49a18e6b9f8e3daf83faf71d1551336d64c86a27fe1,0xdfd5293d8e347dfe59e90efd55b2956a1343963d,0xc083527fce6827bc825bdef5c2666ec0e39380b6,4763.258000000001,,,,ATA,erc20,"{'value': '0x0102377bda2d71990000', 'address': '0xa2120b9e674d3fc3875f415a7df52e382f141225', 'decimal': '0x12'}",{'blockTimestamp': '2022-11-13T17:26:47.000Z'}
311,0xf39186,0xb65cc21472af6cee28f31147a68851bffd2a2de6c4556b934030ea1bb363413a:log:5,0xb65cc21472af6cee28f31147a68851bffd2a2de6c4556b934030ea1bb363413a,0x5654d65578cda52791879751141f2f3d7dc27fe4,0x0635cf48342199b3ae93630ce651f31e37320c6a,1470.1719336712933,,,,ATA,erc20,"{'value': '0x4fb2bbf05e8a98276b', 'address': '0xa2120b9e674d3fc3875f415a7df52e382f141225', 'decimal': '0x12'}",{'blockTimestamp': '2022-11-13T17:09:35.000Z'}
312,0xf39185,0xbc2fc4b69b5a58520dd5ee4b7e16f5313038907fc227320141ef1ddf24189aa8:log:40,0xbc2fc4b69b5a58520dd5ee4b7e16f5313038907fc227320141ef1ddf24189aa8,0x74de5d4fcbf63e00296fd95d33236b9794016631,0x5654d65578cda52791879751141f2f3d7dc27fe4,1838.16,,,,ATA,erc20,"{'value': '0x63a5982d02cc080000', 'address': '0xa2120b9e674d3fc3875f415a7df52e382f141225', 'decimal': '0x12'}",{'blockTimestamp': '2022-11-13T17:09:23.000Z'}
313,0xf39185,0xbc2fc4b69b5a58520dd5ee4b7e16f5313038907fc227320141ef1ddf24189aa8:log:38,0xbc2fc4b69b5a58520dd5ee4b7e16f5313038907fc227320141ef1ddf24189aa8,0x72761c4b437255e80685be359d161a47212652ab,0x74de5d4fcbf63e00296fd95d33236b9794016631,1838.16,,,,ATA,erc20,"{'value': '0x63a5982d02cc080000', 'address': '0xa2120b9e674d3fc3875f415a7df52e382f141225', 'decimal': '0x12'}",{'blockTimestamp': '2022-11-13T17:09:23.000Z'}
314,0xf38f01,0xeb36beaf1640256d209554b60998e346468753355a3ec7423e27be690ffb5e65:log:199,0xeb36beaf1640256d209554b60998e346468753355a3ec7423e27be690ffb5e65,0xa8f4742c3056d27f1d5d3f82169fe2ca17e19ee5,0x28c6c06298d514db089934071355e5743bf21d60,88158.69559457,,,,ATA,erc20,"{'value': '0x12ab17abbe794b426400', 'address': '0xa2120b9e674d3fc3875f415a7df52e382f141225', 'decimal': '0x12'}",{'blockTimestamp': '2022-11-13T15:00:23.000Z'}
315,0xf38eb2,0xad3ccaaa3d22b8ff46bb53acb15a55ad2434aa5bb35c6381caf8742546649eca:log:106,0xad3ccaaa3d22b8ff46bb53acb15a55ad2434aa5bb35c6381caf8742546649eca,0x3c02290922a3618a4646e3bbca65853ea45fe7c6,0xa8f4742c3056d27f1d5d3f82169fe2ca17e19ee5,88158.69559457,,,,ATA,erc20,"{'value': '0x12ab17abbe794b426400', 'address': '0xa2120b9e674d3fc3875f415a7df52e382f141225', 'decimal': '0x12'}",{'blockTimestamp': '2022-11-13T14:44:23.000Z'}
316,0xf38e6b,0x1300fcfb75d5358c73f8abb89d9cdd594b59823774b0d5b0fc26afec2b9841ed:log:140,0x1300fcfb75d5358c73f8abb89d9cdd594b59823774b0d5b0fc26afec2b9841ed,0x0ce4a823fe75aa3cb4ca0d2c939a98d63bb67e08,0x28c6c06298d514db089934071355e5743bf21d60,1529.0049999999999,,,,ATA,erc20,"{'value': '0x52e334fa7bfc248000', 'address': '0xa2120b9e674d3fc3875f415a7df52e382f141225', 'decimal': '0x12'}",{'blockTimestamp': '2022-11-13T14:30:11.000Z'}
317,0xf38e63,0x02668978a02bc5df97d399f1a7bc3f2093cf0e85dc265687e763bff235f244d9:log:215,0x02668978a02bc5df97d399f1a7bc3f2093cf0e85dc265687e763bff235f244d9,0x0d0707963952f2fba59dd06f2b425ace40b492fe,0x0ce4a823fe75aa3cb4ca0d2c939a98d63bb67e08,1529.0049999999999,,,,ATA,erc20,"{'value': '0x52e334fa7bfc248000', 'address': '0xa2120b9e674d3fc3875f415a7df52e382f141225', 'decimal': '0x12'}",{'blockTimestamp': '2022-11-13T14:28:35.000Z'}
318,0xf38a92,0xafc766c32861dd040feb55bf3ab46736f6fba25a4e0540e7400b3437006db415:log:115,0xafc766c32861dd040feb55bf3ab46736f6fba25a4e0540e7400b3437006db415,0x21a31ee1afc51d94c2efccaa2092ad1028285549,0xce74803513a5cfb6e09a463956ce06cccf04b19b,110.94334921,,,,ATA,erc20,"{'value': '0x0603a5f44dae2a0400', 'address': '0xa2120b9e674d3fc3875f415a7df52e382f141225', 'decimal': '0x12'}",{'blockTimestamp': '2022-11-13T11:11:59.000Z'}
319,0xf38a7d,0xfe0d72852bec754aa146330cb918ae7c5c8650b7ba4afdaa6b9fbcb2e7b78e95:log:143,0xfe0d72852bec754aa146330cb918ae7c5c8650b7ba4afdaa6b9fbcb2e7b78e95,0x0d0707963952f2fba59dd06f2b425ace40b492fe,0xe5e90b11398b4a31dafaec8bf132fff537c55283,744.7659,,,,ATA,erc20,"{'value': '0x285fb4001c7418c000', 'address': '0xa2120b9e674d3fc3875f415a7df52e382f141225', 'decimal': '0x12'}",{'blockTimestamp': '2022-11-13T11:07:47.000Z'}
320,0xf384c9,0xbf102b65eaad62837caec8ffb31c646e70152d3e1b451c46872a7079cbc5b849:log:75,0xbf102b65eaad62837caec8ffb31c646e70152d3e1b451c46872a7079cbc5b849,0x28c6c06298d514db089934071355e5743bf21d60,0xb638c9ed38621892c52611fac202aca483482c0d,129014.0,,,,ATA,erc20,"{'value': '0x1b51dcea8e8856180000', 'address': '0xa2120b9e674d3fc3875f415a7df52e382f141225', 'decimal': '0x12'}",{'blockTimestamp': '2022-11-13T06:14:23.000Z'}
321,0xf38220,0x37f3fa5b7b7361ab0b02724cbcdb194b7a8b565f7e95106e8021f25cf2192929:log:51,0x37f3fa5b7b7361ab0b02724cbcdb194b7a8b565f7e95106e8021f25cf2192929,0xdfd5293d8e347dfe59e90efd55b2956a1343963d,0x027996d61b0fcc4e7b3fca36c85d77355a0b4952,20018.951,,,,ATA,erc20,"{'value': '0x043d3ac10d8d46ed8000', 'address': '0xa2120b9e674d3fc3875f415a7df52e382f141225', 'decimal': '0x12'}",{'blockTimestamp': '2022-11-13T03:56:59.000Z'}
322,0xf37e73,0xfdbc7caafae124a625f054baee6318353e3748616e2340f075d39d232ddbf2f9:log:72,0xfdbc7caafae124a625f054baee6318353e3748616e2340f075d39d232ddbf2f9,0xf16e9b0d03470827a95cdfd0cb8a8a3b46969b91,0xebf2f631aa54fbe6a8a3384ac96c054fde729df7,1107.287,,,,ATA,erc20,"{'value': '0x3c06b1abd78ff58000', 'address': '0xa2120b9e674d3fc3875f415a7df52e382f141225', 'decimal': '0x12'}",{'blockTimestamp': '2022-11-13T00:47:59.000Z'}
323,0xf37557,0xe195274448d91e2327cf81d8d24beff63620e10931b4a6f9a497dd946df1502e:log:463,0xe195274448d91e2327cf81d8d24beff63620e10931b4a6f9a497dd946df1502e,0x930cc25706752e96620113208267b44d68c1113f,0x28c6c06298d514db089934071355e5743bf21d60,5001.969,,,,ATA,erc20,"{'value': '0x010f2843afeeb3de8000', 'address': '0xa2120b9e674d3fc3875f415a7df52e382f141225', 'decimal': '0x12'}",{'blockTimestamp': '2022-11-12T17:00:11.000Z'}
324,0xf3751d,0x8edcdf8662b6ddc3c7ec87ae71219be5c5f8c73e7c7afb84c155673470ab842d:log:165,0x8edcdf8662b6ddc3c7ec87ae71219be5c5f8c73e7c7afb84c155673470ab842d,0x5857757b4c9825a253c3519381d866238bdff36a,0x930cc25706752e96620113208267b44d68c1113f,5001.969,,,,ATA,erc20,"{'value': '0x010f2843afeeb3de8000', 'address': '0xa2120b9e674d3fc3875f415a7df52e382f141225', 'decimal': '0x12'}",{'blockTimestamp': '2022-11-12T16:48:35.000Z'}
325,0xf374e9,0xb92830861aa761d711597869dbcaec642f144cde54d02417e2997a2b6b61ca8a:log:105,0xb92830861aa761d711597869dbcaec642f144cde54d02417e2997a2b6b61ca8a,0x21a31ee1afc51d94c2efccaa2092ad1028285549,0x947c691676983b2158ca0f88d1bdb8a4dec0a164,2473.4990000000003,,,,ATA,erc20,"{'value': '0x8616b1bb5733ef8000', 'address': '0xa2120b9e674d3fc3875f415a7df52e382f141225', 'decimal': '0x12'}",{'blockTimestamp': '2022-11-12T16:38:11.000Z'}
326,0xf37277,0x0aff3cb961e86fb3df13b5b4c50c0cf6a67faf1b515c76b101c29ce2b073b625:log:67,0x0aff3cb961e86fb3df13b5b4c50c0cf6a67faf1b515c76b101c29ce2b073b625,0x28c6c06298d514db089934071355e5743bf21d60,0x0f4ddacf46943016b8e9d68016b7e43677c920e7,14875.0,,,,ATA,erc20,"{'value': '0x03266017f8df4f8c0000', 'address': '0xa2120b9e674d3fc3875f415a7df52e382f141225', 'decimal': '0x12'}",{'blockTimestamp': '2022-11-12T14:32:47.000Z'}
327,0xf3725a,0x3957d91de918c4780594af30f6cb56ba8019259838cebbe96d58d314d24f2cb9:log:95,0x3957d91de918c4780594af30f6cb56ba8019259838cebbe96d58d314d24f2cb9,0xdfd5293d8e347dfe59e90efd55b2956a1343963d,0x47f7720b8dd5a49f116041777e92844101a05cc7,75.0,,,,ATA,erc20,"{'value': '0x0410d586a20a4c0000', 'address': '0xa2120b9e674d3fc3875f415a7df52e382f141225', 'decimal': '0x12'}",{'blockTimestamp': '2022-11-12T14:26:47.000Z'}
328,0xf36f7e,0x93cc7d4964f4303ec37de7cda174305d0419e09a343a4a14687cd8eeb78fc8ca:log:38,0x93cc7d4964f4303ec37de7cda174305d0419e09a343a4a14687cd8eeb78fc8ca,0x21a31ee1afc51d94c2efccaa2092ad1028285549,0xf045f91b6a2055e835487e418a305ca9551b41e8,42690.1772,,,,ATA,erc20,"{'value': '0x090a3d387d25bffb0000', 'address': '0xa2120b9e674d3fc3875f415a7df52e382f141225', 'decimal': '0x12'}",{'blockTimestamp': '2022-11-12T11:59:35.000Z'}
329,0xf36f68,0xb6bd17fc0805174b8d4ecd2792bd4f7266e9a7c0270c738b8a8b42fdac779dd3:log:58,0xb6bd17fc0805174b8d4ecd2792bd4f7266e9a7c0270c738b8a8b42fdac779dd3,0x28c6c06298d514db089934071355e5743bf21d60,0x9e8beb5d97c61c1a068dcedf2126ba0f4a678ed0,99.13839204,,,,ATA,erc20,"{'value': '0x055fd2524d7b9d1000', 'address': '0xa2120b9e674d3fc3875f415a7df52e382f141225', 'decimal': '0x12'}",{'blockTimestamp': '2022-11-12T11:55:11.000Z'}
330,0xf36c03,0x89a7970f27131944e9a4de222e65a2897df900fddd49d30a02710fcda6547907:log:110,0x89a7970f27131944e9a4de222e65a2897df900fddd49d30a02710fcda6547907,0x6bbc2a1b167595471956bf1df3ed404b86fd9b5d,0x28c6c06298d514db089934071355e5743bf21d60,250000.0,,,,ATA,erc20,"{'value': '0x34f086f3b33b68400000', 'address': '0xa2120b9e674d3fc3875f415a7df52e382f141225', 'decimal': '0x12'}",{'blockTimestamp': '2022-11-12T09:00:23.000Z'}
331,0xf36bd2,0xe9063dfa2a73ca6d356dd0d7e156b4f57c06c5a6adf96c374e3777dce027de77:log:245,0xe9063dfa2a73ca6d356dd0d7e156b4f57c06c5a6adf96c374e3777dce027de77,0xc965d817d862d4df2002ffe845320919aeeed44a,0x5654d65578cda52791879751141f2f3d7dc27fe4,325.0,,,,ATA,erc20,"{'value': '0x119e47f21381f40000', 'address': '0xa2120b9e674d3fc3875f415a7df52e382f141225', 'decimal': '0x12'}",{'blockTimestamp': '2022-11-12T08:50:35.000Z'}
332,0xf36bcd,0xdbe3779fc4894c0e13484c73f2627f95b78376908c040cbde3d5d103711e3a9e:log:55,0xdbe3779fc4894c0e13484c73f2627f95b78376908c040cbde3d5d103711e3a9e,0xdfd5293d8e347dfe59e90efd55b2956a1343963d,0xc965d817d862d4df2002ffe845320919aeeed44a,325.0,,,,ATA,erc20,"{'value': '0x119e47f21381f40000', 'address': '0xa2120b9e674d3fc3875f415a7df52e382f141225', 'decimal': '0x12'}",{'blockTimestamp': '2022-11-12T08:49:35.000Z'}
333,0xf36bc2,0x110e18f44fa4f120371a2c0d3a7d9a1a41963c532f2f5819a17b0f971c2435ae:log:177,0x110e18f44fa4f120371a2c0d3a7d9a1a41963c532f2f5819a17b0f971c2435ae,0x1f9bb27d0c66feb932f3f8b02620a128d072f3d8,0x6bbc2a1b167595471956bf1df3ed404b86fd9b5d,199999.99999999997,,,,ATA,erc20,"{'value': '0x2a5a058fc295ed000000', 'address': '0xa2120b9e674d3fc3875f415a7df52e382f141225', 'decimal': '0x12'}",{'blockTimestamp': '2022-11-12T08:47:23.000Z'}
334,0xf36bb5,0x7b8cf4fc794025fcd07247661aad0393446fd4d85bad642f6f40f0ab17a97247:log:85,0x7b8cf4fc794025fcd07247661aad0393446fd4d85bad642f6f40f0ab17a97247,0x1f9bb27d0c66feb932f3f8b02620a128d072f3d8,0x6bbc2a1b167595471956bf1df3ed404b86fd9b5d,49999.99999999999,,,,ATA,erc20,"{'value': '0x0a968163f0a57b400000', 'address': '0xa2120b9e674d3fc3875f415a7df52e382f141225', 'decimal': '0x12'}",{'blockTimestamp': '2022-11-12T08:44:47.000Z'}
335,0xf36b73,0xe8c372f65610667b6e5b2a38b469a2a0d6f5ae2c2744b066af11d24aa9a75105:log:272,0xe8c372f65610667b6e5b2a38b469a2a0d6f5ae2c2744b066af11d24aa9a75105,0xa2120b9e674d3fc3875f415a7df52e382f141225,0x1f9bb27d0c66feb932f3f8b02620a128d072f3d8,62500.0,,,,ATA,erc20,"{'value': '0x0d3c21bcecceda100000', 'address': '0xa2120b9e674d3fc3875f415a7df52e382f141225', 'decimal': '0x12'}",{'blockTimestamp': '2022-11-12T08:31:35.000Z'}
336,0xf36ad7,0x7f3670b86f89cb3641676dff75814f8f544b558fc6f8ac94e029849fd35eb1b5:log:197,0x7f3670b86f89cb3641676dff75814f8f544b558fc6f8ac94e029849fd35eb1b5,0x114b906dc423deb365f943ab6df1ffdc9f3e639c,0x28c6c06298d514db089934071355e5743bf21d60,22320.535714285714,,,,ATA,erc20,"{'value': '0x04b9ffa88ce053da2493', 'address': '0xa2120b9e674d3fc3875f415a7df52e382f141225', 'decimal': '0x12'}",{'blockTimestamp': '2022-11-12T08:00:11.000Z'}
337,0xf36a7f,0xd877aadec364ab99dcb1a4241e210352db095c3ec0195349e396aa3293cfd4cd:log:92,0xd877aadec364ab99dcb1a4241e210352db095c3ec0195349e396aa3293cfd4cd,0xa2120b9e674d3fc3875f415a7df52e382f141225,0x27e5d34338d3a160398d80d1df674befc06c096b,476171.4285714286,,,,ATA,erc20,"{'value': '0x64d54e0bbd5c522db6db', 'address': '0xa2120b9e674d3fc3875f415a7df52e382f141225', 'decimal': '0x12'}",{'blockTimestamp': '2022-11-12T07:42:35.000Z'}
338,0xf36a62,0x9d0dfa37ed9bec860014fce77e025d5b7428068f63690ef4b33052504939a4bf:log:259,0x9d0dfa37ed9bec860014fce77e025d5b7428068f63690ef4b33052504939a4bf,0xb14025f7eb7717cff43e7a33b66d86eabd6bc7d7,0x114b906dc423deb365f943ab6df1ffdc9f3e639c,22320.535714285714,,,,ATA,erc20,"{'value': '0x04b9ffa88ce053da2493', 'address': '0xa2120b9e674d3fc3875f415a7df52e382f141225', 'decimal': '0x12'}",{'blockTimestamp': '2022-11-12T07:36:47.000Z'}
339,0xf36a4d,0x90afeaf4c57e3f2a1d3d5a93a8edf8050f8cb6ea0f17d7f8b2113e9b64491b1a:log:194,0x90afeaf4c57e3f2a1d3d5a93a8edf8050f8cb6ea0f17d7f8b2113e9b64491b1a,0x21a31ee1afc51d94c2efccaa2092ad1028285549,0x9fd20765881f9d4f8e655c6b7dfd04eb887298d6,10837.527,,,,ATA,erc20,"{'value': '0x024b80e66ad230d58000', 'address': '0xa2120b9e674d3fc3875f415a7df52e382f141225', 'decimal': '0x12'}",{'blockTimestamp': '2022-11-12T07:32:35.000Z'}
340,0xf360a8,0x1787726ce616083b251dd103003cc8d91f684d05f1a248fce7560619d031e047:log:45,0x1787726ce616083b251dd103003cc8d91f684d05f1a248fce7560619d031e047,0x28c6c06298d514db089934071355e5743bf21d60,0x0a69f49e114eb20d20138d6358ac092c351d29a1,1616.3580000000002,,,,ATA,erc20,"{'value': '0x579f792d2b14d70000', 'address': '0xa2120b9e674d3fc3875f415a7df52e382f141225', 'decimal': '0x12'}",{'blockTimestamp': '2022-11-11T23:15:59.000Z'}
341,0xf35f2f,0xf32f5ebb4cb3afe38bf7a0c0dc456bc03b5f0b8953f07865cbb80b0b1551d168:log:231,0xf32f5ebb4cb3afe38bf7a0c0dc456bc03b5f0b8953f07865cbb80b0b1551d168,0x7ecccabb5e4ff4537f70b0a5018e8c0cfd53fff4,0x28c6c06298d514db089934071355e5743bf21d60,69850.0,,,,ATA,erc20,"{'value': '0x0eca937a76d6cb280000', 'address': '0xa2120b9e674d3fc3875f415a7df52e382f141225', 'decimal': '0x12'}",{'blockTimestamp': '2022-11-11T22:00:23.000Z'}
342,0xf35eb4,0x2c0de40dcd50768cfb67dcafca3b0098e1c3a1237766dcd1a1edffff8ba2769e:log:126,0x2c0de40dcd50768cfb67dcafca3b0098e1c3a1237766dcd1a1edffff8ba2769e,0x0d0707963952f2fba59dd06f2b425ace40b492fe,0x7ecccabb5e4ff4537f70b0a5018e8c0cfd53fff4,69850.0,,,,ATA,erc20,"{'value': '0x0eca937a76d6cb280000', 'address': '0xa2120b9e674d3fc3875f415a7df52e382f141225', 'decimal': '0x12'}",{'blockTimestamp': '2022-11-11T21:35:35.000Z'}
343,0xf355c2,0x03473dabfc8eade15d6121f61a7d13f014c612eadd485ba2ac43e5e034c7c1df:log:70,0x03473dabfc8eade15d6121f61a7d13f014c612eadd485ba2ac43e5e034c7c1df,0xdfd5293d8e347dfe59e90efd55b2956a1343963d,0x682c2df29758a7a08d536b224fb6a908db398de1,137044.0,,,,ATA,erc20,"{'value': '0x1d052b8d65c4e8d00000', 'address': '0xa2120b9e674d3fc3875f415a7df52e382f141225', 'decimal': '0x12'}",{'blockTimestamp': '2022-11-11T13:54:35.000Z'}
344,0xf3558a,0x74caa05a9346d6efc2947a56de886ccbadf54fcb08bc07e46bac7bc1ab1d1799:log:62,0x74caa05a9346d6efc2947a56de886ccbadf54fcb08bc07e46bac7bc1ab1d1799,0x21a31ee1afc51d94c2efccaa2092ad1028285549,0x682c2df29758a7a08d536b224fb6a908db398de1,49976.0,,,,ATA,erc20,"{'value': '0x0a953452cfcdc9e00000', 'address': '0xa2120b9e674d3fc3875f415a7df52e382f141225', 'decimal': '0x12'}",{'blockTimestamp': '2022-11-11T13:43:23.000Z'}
345,0xf35565,0xb3e1dfc2d4c22975af788173a81c20114296e434280092b4b02f94955467556b:log:168,0xb3e1dfc2d4c22975af788173a81c20114296e434280092b4b02f94955467556b,0x6d411a120c023d4901fd80d9455abdca91fd8b63,0x738cf6903e6c4e699d1c2dd9ab8b67fcdb3121ea,1306.9061000000002,,,,ATA,erc20,"{'value': '0x46d8f72daa2b234000', 'address': '0xa2120b9e674d3fc3875f415a7df52e382f141225', 'decimal': '0x12'}",{'blockTimestamp': '2022-11-11T13:35:59.000Z'}
346,0xf35559,0xa82779e8f1a60d7fdee74ecae684a999f47b1a583bf5651401025b23906b61d2:log:82,0xa82779e8f1a60d7fdee74ecae684a999f47b1a583bf5651401025b23906b61d2,0x28c6c06298d514db089934071355e5743bf21d60,0x682c2df29758a7a08d536b224fb6a908db398de1,9976.0,,,,ATA,erc20,"{'value': '0x021ccccfa8e300e00000', 'address': '0xa2120b9e674d3fc3875f415a7df52e382f141225', 'decimal': '0x12'}",{'blockTimestamp': '2022-11-11T13:33:35.000Z'}
347,0xf3546e,0xef56b494d1d8d78143e558e6157d7c5a2b47958dcf4c8ed0ef8094ea36606c98:log:110,0xef56b494d1d8d78143e558e6157d7c5a2b47958dcf4c8ed0ef8094ea36606c98,0x3c02290922a3618a4646e3bbca65853ea45fe7c6,0x6d411a120c023d4901fd80d9455abdca91fd8b63,1306.9061000000002,,,,ATA,erc20,"{'value': '0x46d8f72daa2b234000', 'address': '0xa2120b9e674d3fc3875f415a7df52e382f141225', 'decimal': '0x12'}",{'blockTimestamp': '2022-11-11T12:46:11.000Z'}
348,0xf3526b,0x0535f1220a8bfaa5877ac6bd71d0ce60243d631f482e7f02f7b2fb811932223a:log:47,0x0535f1220a8bfaa5877ac6bd71d0ce60243d631f482e7f02f7b2fb811932223a,0xf16e9b0d03470827a95cdfd0cb8a8a3b46969b91,0x67053e9d7584974282801e76b0594ecafae11f84,26239.261264740002,,,,ATA,erc20,"{'value': '0x058e6ee66ab776a4e800', 'address': '0xa2120b9e674d3fc3875f415a7df52e382f141225', 'decimal': '0x12'}",{'blockTimestamp': '2022-11-11T11:01:35.000Z'}
349,0xf35203,0xea2639dd59ec627ecc571edc4b69a489ea9a45dd6a5bd353d096a953948b60b8:log:192,0xea2639dd59ec627ecc571edc4b69a489ea9a45dd6a5bd353d096a953948b60b8,0x28c6c06298d514db089934071355e5743bf21d60,0xdfd5293d8e347dfe59e90efd55b2956a1343963d,238450.59466407,,,,ATA,erc20,"{'value': '0x327e6ec161936391bc00', 'address': '0xa2120b9e674d3fc3875f415a7df52e382f141225', 'decimal': '0x12'}",{'blockTimestamp': '2022-11-11T10:40:35.000Z'}
350,0xf351ee,0x98f081a4d3d4cb6d1e766a3b725b0a981ea2ba88b52096635c1282130a3c827f:log:136,0x98f081a4d3d4cb6d1e766a3b725b0a981ea2ba88b52096635c1282130a3c827f,0xdfd5293d8e347dfe59e90efd55b2956a1343963d,0xb638c9ed38621892c52611fac202aca483482c0d,101816.0,,,,ATA,erc20,"{'value': '0x158f74d7ebb663e00000', 'address': '0xa2120b9e674d3fc3875f415a7df52e382f141225', 'decimal': '0x12'}",{'blockTimestamp': '2022-11-11T10:36:23.000Z'}
351,0xf351d6,0x31214d5ecb752db7e1b90662dc4a13de2dc4f9af1ed28e457a481105224cdb81:log:196,0x31214d5ecb752db7e1b90662dc4a13de2dc4f9af1ed28e457a481105224cdb81,0x21a31ee1afc51d94c2efccaa2092ad1028285549,0x0bd13d8cf02a8447d019f5e51d99dc6e661a4e80,2109.23856407,,,,ATA,erc20,"{'value': '0x725790b2cbfb597c00', 'address': '0xa2120b9e674d3fc3875f415a7df52e382f141225', 'decimal': '0x12'}",{'blockTimestamp': '2022-11-11T10:31:35.000Z'}
352,0xf35182,0x7d3506e9e3dca9c261361b1e806c82889670af94bf83cf91994dfec924cc8a9e:log:179,0x7d3506e9e3dca9c261361b1e806c82889670af94bf83cf91994dfec924cc8a9e,0x81d7bcb5b734e4871807ecd007d3168f9a882055,0x7f648549010aaac73e5d518bf0741f2177e0e9ac,0.6,,,,ATA,erc20,"{'value': '0x0853a0d2313c0000', 'address': '0xa2120b9e674d3fc3875f415a7df52e382f141225', 'decimal': '0x12'}",{'blockTimestamp': '2022-11-11T10:14:35.000Z'}
353,0xf350ed,0x24e5fee46c3f29a0b326158cec7f4d0587bb363a29c2634a8d5c29f503f62d0d:log:100,0x24e5fee46c3f29a0b326158cec7f4d0587bb363a29c2634a8d5c29f503f62d0d,0x28c6c06298d514db089934071355e5743bf21d60,0x5857757b4c9825a253c3519381d866238bdff36a,5001.969,,,,ATA,erc20,"{'value': '0x010f2843afeeb3de8000', 'address': '0xa2120b9e674d3fc3875f415a7df52e382f141225', 'decimal': '0x12'}",{'blockTimestamp': '2022-11-11T09:44:35.000Z'}
354,0xf34eb5,0x2608e1e094332a4b2d61a774397cc0827acaa764a5c794a12c03b8b8d9ea2702:log:103,0x2608e1e094332a4b2d61a774397cc0827acaa764a5c794a12c03b8b8d9ea2702,0xaa364c1a348f9517009207a1601e0a73c1cd530b,0x81d7bcb5b734e4871807ecd007d3168f9a882055,0.6,,,,ATA,erc20,"{'value': '0x0853a0d2313c0000', 'address': '0xa2120b9e674d3fc3875f415a7df52e382f141225', 'decimal': '0x12'}",{'blockTimestamp': '2022-11-11T07:50:47.000Z'}
355,0xf34053,0x586f4a748ed1e67a90d185ae8e33145b3112dad4181e2197efab7920c70d6666:log:377,0x586f4a748ed1e67a90d185ae8e33145b3112dad4181e2197efab7920c70d6666,0x649ae85d11017ac43f0cbab561982e0c9ceeda1f,0x28c6c06298d514db089934071355e5743bf21d60,17296.952001039106,,,,ATA,erc20,"{'value': '0x03a9ab6df9c405f9d91a', 'address': '0xa2120b9e674d3fc3875f415a7df52e382f141225', 'decimal': '0x12'}",{'blockTimestamp': '2022-11-10T19:30:11.000Z'}
356,0xf33fbf,0xfb6bcfc72be81d80505b4e3ce05765e22fe27254fbcbf2bb4dff5454c12359c4:log:288,0xfb6bcfc72be81d80505b4e3ce05765e22fe27254fbcbf2bb4dff5454c12359c4,0x1bad1270426b8059a783704308cec80753de0b38,0x649ae85d11017ac43f0cbab561982e0c9ceeda1f,17296.952001039106,,,,ATA,erc20,"{'value': '0x03a9ab6df9c405f9d91a', 'address': '0xa2120b9e674d3fc3875f415a7df52e382f141225', 'decimal': '0x12'}",{'blockTimestamp': '2022-11-10T19:00:11.000Z'}
357,0xf33fb6,0x19b05615e43d94663ac0eee15462ed7ed2fd8c6c638a81b06403054a75a41f48:log:63,0x19b05615e43d94663ac0eee15462ed7ed2fd8c6c638a81b06403054a75a41f48,0x40ec5b33f54e0e8a33a975908c5ba1c14e5bbbdf,0x1bad1270426b8059a783704308cec80753de0b38,17296.952001039106,,,,ATA,erc20,"{'value': '0x03a9ab6df9c405f9d91a', 'address': '0xa2120b9e674d3fc3875f415a7df52e382f141225', 'decimal': '0x12'}",{'blockTimestamp': '2022-11-10T18:58:23.000Z'}
358,0xf33f8e,0x0e2128f3a634c7470c5b07cba8af7204b152cdf7981f76944cc3548e1362f20a:log:127,0x0e2128f3a634c7470c5b07cba8af7204b152cdf7981f76944cc3548e1362f20a,0x21a31ee1afc51d94c2efccaa2092ad1028285549,0x37ff2ba332effd1442a44a2cefba125157e775ba,87.79290694,,,,ATA,erc20,"{'value': '0x04c25f0fb715a05800', 'address': '0xa2120b9e674d3fc3875f415a7df52e382f141225', 'decimal': '0x12'}",{'blockTimestamp': '2022-11-10T18:50:23.000Z'}
359,0xf33870,0x8e8da88cbb54fa371fe70d6c4deb1e000971c7b5f7021500bbc4d8b797fb6776:log:157,0x8e8da88cbb54fa371fe70d6c4deb1e000971c7b5f7021500bbc4d8b797fb6776,0x28c6c06298d514db089934071355e5743bf21d60,0xb638c9ed38621892c52611fac202aca483482c0d,132015.0,,,,ATA,erc20,"{'value': '0x1bf48c284e8d995c0000', 'address': '0xa2120b9e674d3fc3875f415a7df52e382f141225', 'decimal': '0x12'}",{'blockTimestamp': '2022-11-10T12:43:35.000Z'}
360,0xf3378a,0xf6de3080d55188c9f9610c09f3a0532fdc2369b70871b6edaa418a29d1da7d81:log:440,0xf6de3080d55188c9f9610c09f3a0532fdc2369b70871b6edaa418a29d1da7d81,0x729d023839967d2629e3bd93ea136d9b8515b2d9,0x67501feb25d56c96af8ef54040b9636fddded373,8266.654,,,,ATA,erc20,"{'value': '0x01c022debe63d6030000', 'address': '0xa2120b9e674d3fc3875f415a7df52e382f141225', 'decimal': '0x12'}",{'blockTimestamp': '2022-11-10T11:57:35.000Z'}
361,0xf3364b,0x6a05553fc41dd65c64a433f8dfe3ea329f7fa4ee1e763258f2b7068871c2f473:log:243,0x6a05553fc41dd65c64a433f8dfe3ea329f7fa4ee1e763258f2b7068871c2f473,0xdfd5293d8e347dfe59e90efd55b2956a1343963d,0x682c2df29758a7a08d536b224fb6a908db398de1,9975.0,,,,ATA,erc20,"{'value': '0x021cbeeef22f597c0000', 'address': '0xa2120b9e674d3fc3875f415a7df52e382f141225', 'decimal': '0x12'}",{'blockTimestamp': '2022-11-10T10:53:23.000Z'}
362,0xf3363b,0xf9900de8fca306517c2d8466541dd32ed14b002025d9053e7e279561283327db:log:213,0xf9900de8fca306517c2d8466541dd32ed14b002025d9053e7e279561283327db,0x21a31ee1afc51d94c2efccaa2092ad1028285549,0x682c2df29758a7a08d536b224fb6a908db398de1,975.0,,,,ATA,erc20,"{'value': '0x34dad7d63a85dc0000', 'address': '0xa2120b9e674d3fc3875f415a7df52e382f141225', 'decimal': '0x12'}",{'blockTimestamp': '2022-11-10T10:50:11.000Z'}
363,0xf335be,0x68b3967c2a51de0fc9bb3561e6dd093b1dcf7effce57ab58672950f8f6fc9c32:log:75,0x68b3967c2a51de0fc9bb3561e6dd093b1dcf7effce57ab58672950f8f6fc9c32,0xa9d1e08c7793af67e9d92fe308d5697fb81d3e43,0x09c381111de38313da2380f72cd6b7f7d1cad504,1374.1,,,,ATA,erc20,"{'value': '0x4a7d77ddb4c8420000', 'address': '0xa2120b9e674d3fc3875f415a7df52e382f141225', 'decimal': '0x12'}",{'blockTimestamp': '2022-11-10T10:25:11.000Z'}
364,0xf335b6,0xc84b5e3a387561cdee488a0ab862191ce03909f13df9dee7b74b8ea24e79e65f:log:179,0xc84b5e3a387561cdee488a0ab862191ce03909f13df9dee7b74b8ea24e79e65f,0x682c2df29758a7a08d536b224fb6a908db398de1,0x6a04f1fe2ec73125a09816f8de90cd9a793f0675,50.0,,,,ATA,erc20,"{'value': '0x02b5e3af16b1880000', 'address': '0xa2120b9e674d3fc3875f415a7df52e382f141225', 'decimal': '0x12'}",{'blockTimestamp': '2022-11-10T10:23:35.000Z'}
365,0xf335a1,0x03bbd5efc3e7019bf94df58ac844b9ef6a05aecd9a2131d1e926345b68e34ac5:log:96,0x03bbd5efc3e7019bf94df58ac844b9ef6a05aecd9a2131d1e926345b68e34ac5,0x28c6c06298d514db089934071355e5743bf21d60,0x682c2df29758a7a08d536b224fb6a908db398de1,75.0,,,,ATA,erc20,"{'value': '0x0410d586a20a4c0000', 'address': '0xa2120b9e674d3fc3875f415a7df52e382f141225', 'decimal': '0x12'}",{'blockTimestamp': '2022-11-10T10:19:11.000Z'}
366,0xf332c5,0x1be00a7d061ff8fcd5d81cc6e18195801e20e0bb979ea1744704bae59814cd8b:log:286,0x1be00a7d061ff8fcd5d81cc6e18195801e20e0bb979ea1744704bae59814cd8b,0x3f9e585c0dace83d3ba7290122468fb6254480bf,0x738cf6903e6c4e699d1c2dd9ab8b67fcdb3121ea,1752.0,,,,ATA,erc20,"{'value': '0x5ef9e25d8194600000', 'address': '0xa2120b9e674d3fc3875f415a7df52e382f141225', 'decimal': '0x12'}",{'blockTimestamp': '2022-11-10T07:51:47.000Z'}
367,0xf3321e,0x8f8e3ac78951d273583dd54796be1e773b5821801334c373f311fcf623c15d61:log:155,0x8f8e3ac78951d273583dd54796be1e773b5821801334c373f311fcf623c15d61,0x28c6c06298d514db089934071355e5743bf21d60,0xaa364c1a348f9517009207a1601e0a73c1cd530b,15000.0,,,,ATA,erc20,"{'value': '0x032d26d12e980b600000', 'address': '0xa2120b9e674d3fc3875f415a7df52e382f141225', 'decimal': '0x12'}",{'blockTimestamp': '2022-11-10T07:18:11.000Z'}
368,0xf3319c,0xe6bd9df5e2bdcdf7be055b6d9bc5145a80925960fb92155bb574bb3ff527ebd3:log:320,0xe6bd9df5e2bdcdf7be055b6d9bc5145a80925960fb92155bb574bb3ff527ebd3,0x68769c9ce02a0872a37958a4bc7211b9cf3dbc2d,0x3c02290922a3618a4646e3bbca65853ea45fe7c6,6469.5,,,,ATA,erc20,"{'value': '0x015eb659251eb5a60000', 'address': '0xa2120b9e674d3fc3875f415a7df52e382f141225', 'decimal': '0x12'}",{'blockTimestamp': '2022-11-10T06:51:59.000Z'}
369,0xf3306f,0xb0f7409a8425041aba1c223334d41341518931fbe7d0e61e8c71f99c3c3417dc:log:338,0xb0f7409a8425041aba1c223334d41341518931fbe7d0e61e8c71f99c3c3417dc,0xf431666bdc13d00bc0d2661ef756755f0c7086dd,0x3c02290922a3618a4646e3bbca65853ea45fe7c6,11617.0,,,,ATA,erc20,"{'value': '0x0275c242ce7f00e40000', 'address': '0xa2120b9e674d3fc3875f415a7df52e382f141225', 'decimal': '0x12'}",{'blockTimestamp': '2022-11-10T05:51:35.000Z'}
370,0xf3303d,0x569175096f730c6eefd576b4eff50b124c09d53fcdbaed3052dd176e0c835494:log:161,0x569175096f730c6eefd576b4eff50b124c09d53fcdbaed3052dd176e0c835494,0x28c6c06298d514db089934071355e5743bf21d60,0xf977814e90da44bfa03b6295a0616a897441acec,249352.37236913,,,,ATA,erc20,"{'value': '0x34cd6b50283bea18a400', 'address': '0xa2120b9e674d3fc3875f415a7df52e382f141225', 'decimal': '0x12'}",{'blockTimestamp': '2022-11-10T05:41:35.000Z'}
371,0xf33004,0x84975678849332b35dad7dea5f29729fce32612187b119fdfb75443c0187da88:log:412,0x84975678849332b35dad7dea5f29729fce32612187b119fdfb75443c0187da88,0x7ecccabb5e4ff4537f70b0a5018e8c0cfd53fff4,0x28c6c06298d514db089934071355e5743bf21d60,271543.37236913,,,,ATA,erc20,"{'value': '0x3980654d6746ef74a400', 'address': '0xa2120b9e674d3fc3875f415a7df52e382f141225', 'decimal': '0x12'}",{'blockTimestamp': '2022-11-10T05:30:11.000Z'}
372,0xf32edd,0xb25dd4b9acac3840f45f83e51e69f1e76241984f4ff12d96fe1b84db41fd7b8e:log:90,0xb25dd4b9acac3840f45f83e51e69f1e76241984f4ff12d96fe1b84db41fd7b8e,0xc1921072db5266d950acc8e721507f7542445ba5,0x28c6c06298d514db089934071355e5743bf21d60,10440.0,,,,ATA,erc20,"{'value': '0x0235f41ace8266200000', 'address': '0xa2120b9e674d3fc3875f415a7df52e382f141225', 'decimal': '0x12'}",{'blockTimestamp': '2022-11-10T04:30:35.000Z'}
373,0xf32e1c,0x90a17139d996581d9f4a2f170c0e369b5230247c79abbb7441aa3a5d3392808e:log:331,0x90a17139d996581d9f4a2f170c0e369b5230247c79abbb7441aa3a5d3392808e,0xbc3aaedf22da39051b46ba6a7353a7924541d897,0x3c02290922a3618a4646e3bbca65853ea45fe7c6,29324.622,,,,ATA,erc20,"{'value': '0x0635b0e1b47e6cfb0000', 'address': '0xa2120b9e674d3fc3875f415a7df52e382f141225', 'decimal': '0x12'}",{'blockTimestamp': '2022-11-10T03:51:47.000Z'}
374,0xf32ac9,0x9dc7b0635de1ceeb220523c7f3a3aff6529f3c171be53b1bf1a93a29c283ee94:log:189,0x9dc7b0635de1ceeb220523c7f3a3aff6529f3c171be53b1bf1a93a29c283ee94,0xdfd5293d8e347dfe59e90efd55b2956a1343963d,0x3f9e585c0dace83d3ba7290122468fb6254480bf,1752.0,,,,ATA,erc20,"{'value': '0x5ef9e25d8194600000', 'address': '0xa2120b9e674d3fc3875f415a7df52e382f141225', 'decimal': '0x12'}",{'blockTimestamp': '2022-11-10T01:00:35.000Z'}
375,0xf3290a,0xfcc965d447b62c30775b33daf2d4c0783912fd839c6eb08defbac90a1cfe7493:log:196,0xfcc965d447b62c30775b33daf2d4c0783912fd839c6eb08defbac90a1cfe7493,0x21a31ee1afc51d94c2efccaa2092ad1028285549,0xf431666bdc13d00bc0d2661ef756755f0c7086dd,11617.0,,,,ATA,erc20,"{'value': '0x0275c242ce7f00e40000', 'address': '0xa2120b9e674d3fc3875f415a7df52e382f141225', 'decimal': '0x12'}",{'blockTimestamp': '2022-11-09T23:30:47.000Z'}
376,0xf32905,0x71a038899b4c6ec7a2c27c712f4c46b2cc153606c88ff633e9ab50b81662b9e1:log:112,0x71a038899b4c6ec7a2c27c712f4c46b2cc153606c88ff633e9ab50b81662b9e1,0xf16e9b0d03470827a95cdfd0cb8a8a3b46969b91,0xc1921072db5266d950acc8e721507f7542445ba5,10440.0,,,,ATA,erc20,"{'value': '0x0235f41ace8266200000', 'address': '0xa2120b9e674d3fc3875f415a7df52e382f141225', 'decimal': '0x12'}",{'blockTimestamp': '2022-11-09T23:29:47.000Z'}
377,0xf32855,0xf49988a0254b776796dbb2103c5176081b3cd48f9ff939b27891050af9568e93:log:55,0xf49988a0254b776796dbb2103c5176081b3cd48f9ff939b27891050af9568e93,0x1bad1270426b8059a783704308cec80753de0b38,0x40ec5b33f54e0e8a33a975908c5ba1c14e5bbbdf,19262.0,,,,ATA,erc20,"{'value': '0x041431f2e18cd6380000', 'address': '0xa2120b9e674d3fc3875f415a7df52e382f141225', 'decimal': '0x12'}",{'blockTimestamp': '2022-11-09T22:54:23.000Z'}
378,0xf3283e,0x0622ecd7efb09009f16652aedf1ddaa901c99a43a0e48f9eba61c8486c9da76d:log:74,0x0622ecd7efb09009f16652aedf1ddaa901c99a43a0e48f9eba61c8486c9da76d,0x28c6c06298d514db089934071355e5743bf21d60,0x1bad1270426b8059a783704308cec80753de0b38,19262.0,,,,ATA,erc20,"{'value': '0x041431f2e18cd6380000', 'address': '0xa2120b9e674d3fc3875f415a7df52e382f141225', 'decimal': '0x12'}",{'blockTimestamp': '2022-11-09T22:49:47.000Z'}
379,0xf32818,0x971001f71b868d0defb98ed967f56c39814cdaeae6c0e25e468e1fd9f93437e7:log:69,0x971001f71b868d0defb98ed967f56c39814cdaeae6c0e25e468e1fd9f93437e7,0x28c6c06298d514db089934071355e5743bf21d60,0xf977814e90da44bfa03b6295a0616a897441acec,264169.09827418,,,,ATA,erc20,"{'value': '0x37f0a2b0f47fab822800', 'address': '0xa2120b9e674d3fc3875f415a7df52e382f141225', 'decimal': '0x12'}",{'blockTimestamp': '2022-11-09T22:42:11.000Z'}
380,0xf327f1,0xa89e780ddcfdbb511f4cee7480fb78aaaa1e1e305565ce925f5543862b2e785c:log:235,0xa89e780ddcfdbb511f4cee7480fb78aaaa1e1e305565ce925f5543862b2e785c,0x317cab9837e4198483f066a3bdda550294e70d88,0x28c6c06298d514db089934071355e5743bf21d60,355175.0,,,,ATA,erc20,"{'value': '0x4b361348de33253c0000', 'address': '0xa2120b9e674d3fc3875f415a7df52e382f141225', 'decimal': '0x12'}",{'blockTimestamp': '2022-11-09T22:34:11.000Z'}
381,0xf32734,0x80d3cd5103c916ee034aae258f8569ac90cb95a663586df3d7df4d54616734f1:log:74,0x80d3cd5103c916ee034aae258f8569ac90cb95a663586df3d7df4d54616734f1,0xbad3663e937259e0c79faf4e77c379a10a00bf5b,0x317cab9837e4198483f066a3bdda550294e70d88,355175.0,,,,ATA,erc20,"{'value': '0x4b361348de33253c0000', 'address': '0xa2120b9e674d3fc3875f415a7df52e382f141225', 'decimal': '0x12'}",{'blockTimestamp': '2022-11-09T21:56:23.000Z'}
382,0xf32728,0x7c9421caea7dc8352214b67d5a2a52f3f1bdc38b5919662a6ee37b54c99d8b03:log:169,0x7c9421caea7dc8352214b67d5a2a52f3f1bdc38b5919662a6ee37b54c99d8b03,0xdfd5293d8e347dfe59e90efd55b2956a1343963d,0xbc3aaedf22da39051b46ba6a7353a7924541d897,29324.622,,,,ATA,erc20,"{'value': '0x0635b0e1b47e6cfb0000', 'address': '0xa2120b9e674d3fc3875f415a7df52e382f141225', 'decimal': '0x12'}",{'blockTimestamp': '2022-11-09T21:53:59.000Z'}
383,0xf3242b,0x8413eef0973bd3ea173719245a6614418de320d94ec159b485973659ebc85749:log:176,0x8413eef0973bd3ea173719245a6614418de320d94ec159b485973659ebc85749,0x21a31ee1afc51d94c2efccaa2092ad1028285549,0xa393cce853a59a891d5af2d672cb8fb11ef094c5,1437.61563514,,,,ATA,erc20,"{'value': '0x4deeecbb588346a800', 'address': '0xa2120b9e674d3fc3875f415a7df52e382f141225', 'decimal': '0x12'}",{'blockTimestamp': '2022-11-09T19:19:23.000Z'}
384,0xf322e2,0x9010351e08c7113a6bf7d955ec63e688412be8ec57c3c5f7b252a0314b2a1268:log:140,0x9010351e08c7113a6bf7d955ec63e688412be8ec57c3c5f7b252a0314b2a1268,0xa9d1e08c7793af67e9d92fe308d5697fb81d3e43,0x7ecccabb5e4ff4537f70b0a5018e8c0cfd53fff4,271543.37236913,,,,ATA,erc20,"{'value': '0x3980654d6746ef74a400', 'address': '0xa2120b9e674d3fc3875f415a7df52e382f141225', 'decimal': '0x12'}",{'blockTimestamp': '2022-11-09T18:13:11.000Z'}
385,0xf32179,0x54d2bbe926ab2b2471cbbf9b2a5d9af279530a3842eb732586e9ed92bcd597af:log:230,0x54d2bbe926ab2b2471cbbf9b2a5d9af279530a3842eb732586e9ed92bcd597af,0xdf430dfa617abdf9a1159604260d461c238a3965,0x28c6c06298d514db089934071355e5743bf21d60,1953.373564,,,,ATA,erc20,"{'value': '0x69e480fb0a92c3c000', 'address': '0xa2120b9e674d3fc3875f415a7df52e382f141225', 'decimal': '0x12'}",{'blockTimestamp': '2022-11-09T17:00:11.000Z'}
386,0xf32121,0x8634932900399da8b34928cf61c760f8ce0fbd57fc99b6cbd174db04694032b9:log:217,0x8634932900399da8b34928cf61c760f8ce0fbd57fc99b6cbd174db04694032b9,0x28c6c06298d514db089934071355e5743bf21d60,0x6a05b31ca3a0c2db16f20c111869c6796f86ba25,3097.5,,,,ATA,erc20,"{'value': '0xa7ea729ebddc760000', 'address': '0xa2120b9e674d3fc3875f415a7df52e382f141225', 'decimal': '0x12'}",{'blockTimestamp': '2022-11-09T16:42:35.000Z'}
387,0xf320fc,0xb5ec54204c12294d6adc35ec215c568eae16333bbf408e41280028eed29dc7a9:log:323,0xb5ec54204c12294d6adc35ec215c568eae16333bbf408e41280028eed29dc7a9,0x0bd13d8cf02a8447d019f5e51d99dc6e661a4e80,0xdf430dfa617abdf9a1159604260d461c238a3965,1953.3735640700002,,,,ATA,erc20,"{'value': '0x69e480fb1adf16fc00', 'address': '0xa2120b9e674d3fc3875f415a7df52e382f141225', 'decimal': '0x12'}",{'blockTimestamp': '2022-11-09T16:35:11.000Z'}
388,0xf31fea,0xb746229cda44a9d987b94865fa6949dcc1c0290c0825079e17534f1ebc04406c:log:144,0xb746229cda44a9d987b94865fa6949dcc1c0290c0825079e17534f1ebc04406c,0xdfd5293d8e347dfe59e90efd55b2956a1343963d,0x68769c9ce02a0872a37958a4bc7211b9cf3dbc2d,6469.5,,,,ATA,erc20,"{'value': '0x015eb659251eb5a60000', 'address': '0xa2120b9e674d3fc3875f415a7df52e382f141225', 'decimal': '0x12'}",{'blockTimestamp': '2022-11-09T15:39:47.000Z'}
389,0xf31d6a,0x7ad80b58e177387246789c4a68de108709fd29e90463b3ebe2c3719643116249:log:179,0x7ad80b58e177387246789c4a68de108709fd29e90463b3ebe2c3719643116249,0x930cc25706752e96620113208267b44d68c1113f,0x28c6c06298d514db089934071355e5743bf21d60,3039.0000000000005,,,,ATA,erc20,"{'value': '0xa4be98deb01c1c0000', 'address': '0xa2120b9e674d3fc3875f415a7df52e382f141225', 'decimal': '0x12'}",{'blockTimestamp': '2022-11-09T13:30:11.000Z'}
390,0xf31ccc,0x060c4811c1647bdf527aaf9948df34f0a8c3cc2ab3a9c592de91b468a239ada2:log:182,0x060c4811c1647bdf527aaf9948df34f0a8c3cc2ab3a9c592de91b468a239ada2,0x5857757b4c9825a253c3519381d866238bdff36a,0x930cc25706752e96620113208267b44d68c1113f,3039.0000000000005,,,,ATA,erc20,"{'value': '0xa4be98deb01c1c0000', 'address': '0xa2120b9e674d3fc3875f415a7df52e382f141225', 'decimal': '0x12'}",{'blockTimestamp': '2022-11-09T12:58:35.000Z'}
391,0xf31caa,0x8581f444603b5aba2a89749b3a197a3b8b67dcbddf056507a073cc1ee20fe2ac:log:59,0x8581f444603b5aba2a89749b3a197a3b8b67dcbddf056507a073cc1ee20fe2ac,0x6a05b31ca3a0c2db16f20c111869c6796f86ba25,0x3c02290922a3618a4646e3bbca65853ea45fe7c6,11322.0,,,,ATA,erc20,"{'value': '0x0265c45045791ca80000', 'address': '0xa2120b9e674d3fc3875f415a7df52e382f141225', 'decimal': '0x12'}",{'blockTimestamp': '2022-11-09T12:51:47.000Z'}
392,0xf31c42,0xbb43727cc1c6c16b7d007ed81767d397aecb158e236bd509c51baa884c548533:log:213,0xbb43727cc1c6c16b7d007ed81767d397aecb158e236bd509c51baa884c548533,0xdb45adf74fbd18a2f101950e6c33147b2f584fd9,0x28c6c06298d514db089934071355e5743bf21d60,14983.521,,,,ATA,erc20,"{'value': '0x032c4220036745b68000', 'address': '0xa2120b9e674d3fc3875f415a7df52e382f141225', 'decimal': '0x12'}",{'blockTimestamp': '2022-11-09T12:30:23.000Z'}
393,0xf31bb7,0x906aea5333f57d846b27355177688bcc4dd036079b3bd7448a3abbdf2c21e92a:log:188,0x906aea5333f57d846b27355177688bcc4dd036079b3bd7448a3abbdf2c21e92a,0x027996d61b0fcc4e7b3fca36c85d77355a0b4952,0xdb45adf74fbd18a2f101950e6c33147b2f584fd9,14983.521,,,,ATA,erc20,"{'value': '0x032c4220036745b68000', 'address': '0xa2120b9e674d3fc3875f415a7df52e382f141225', 'decimal': '0x12'}",{'blockTimestamp': '2022-11-09T12:02:35.000Z'}
394,0xf31963,0x439b651220615ded0bd5e63e50a72bb71fcc81eec1783bacb68adca116d2f1c1:log:66,0x439b651220615ded0bd5e63e50a72bb71fcc81eec1783bacb68adca116d2f1c1,0x1bad1270426b8059a783704308cec80753de0b38,0x40ec5b33f54e0e8a33a975908c5ba1c14e5bbbdf,16609.0,,,,ATA,erc20,"{'value': '0x0384602d7dbf1ee40000', 'address': '0xa2120b9e674d3fc3875f415a7df52e382f141225', 'decimal': '0x12'}",{'blockTimestamp': '2022-11-09T10:01:59.000Z'}
395,0xf31957,0xc5c025ca38165a643b88bc60152bbb2e548eb5ea6f4c81c6175294bddf48a3e0:log:161,0xc5c025ca38165a643b88bc60152bbb2e548eb5ea6f4c81c6175294bddf48a3e0,0x21a31ee1afc51d94c2efccaa2092ad1028285549,0x1bad1270426b8059a783704308cec80753de0b38,16609.0,,,,ATA,erc20,"{'value': '0x0384602d7dbf1ee40000', 'address': '0xa2120b9e674d3fc3875f415a7df52e382f141225', 'decimal': '0x12'}",{'blockTimestamp': '2022-11-09T09:59:35.000Z'}
396,0xf318d6,0x768418b2eb0ba2d5e8c7890aff471451c00dcbdaa66f6d37f6a301c462a628c2:log:68,0x768418b2eb0ba2d5e8c7890aff471451c00dcbdaa66f6d37f6a301c462a628c2,0x28c6c06298d514db089934071355e5743bf21d60,0x6a05b31ca3a0c2db16f20c111869c6796f86ba25,8015.0,,,,ATA,erc20,"{'value': '0x01b27e7822b5c3dc0000', 'address': '0xa2120b9e674d3fc3875f415a7df52e382f141225', 'decimal': '0x12'}",{'blockTimestamp': '2022-11-09T09:33:35.000Z'}
397,0xf3181a,0x8c4313b54f4ba24218c00cd268472eff0120b2a288287b7fedcf483cc1b294cd:log:150,0x8c4313b54f4ba24218c00cd268472eff0120b2a288287b7fedcf483cc1b294cd,0xdfd5293d8e347dfe59e90efd55b2956a1343963d,0x6a05b31ca3a0c2db16f20c111869c6796f86ba25,3307.0000000000005,,,,ATA,erc20,"{'value': '0xb345d822c358cc0000', 'address': '0xa2120b9e674d3fc3875f415a7df52e382f141225', 'decimal': '0x12'}",{'blockTimestamp': '2022-11-09T08:55:35.000Z'}
398,0xf31663,0x00e184d76e720a0cafda3dfa87753bea8e5440dd1a269d58853cce2e0dd44b45:log:68,0x00e184d76e720a0cafda3dfa87753bea8e5440dd1a269d58853cce2e0dd44b45,0x21a31ee1afc51d94c2efccaa2092ad1028285549,0xed74d6cf5eb44a53a620dcc51ed17c0330fa2204,3234.7380000000003,,,,ATA,erc20,"{'value': '0xaf5b01f09fa1850000', 'address': '0xa2120b9e674d3fc3875f415a7df52e382f141225', 'decimal': '0x12'}",{'blockTimestamp': '2022-11-09T07:26:59.000Z'}
399,0xf3135e,0xebe8677960e8bf9b54bac19d9f0686d034e844bc15d776b9a83462c28a13ba99:log:196,0xebe8677960e8bf9b54bac19d9f0686d034e844bc15d776b9a83462c28a13ba99,0x6a05b31ca3a0c2db16f20c111869c6796f86ba25,0x3c02290922a3618a4646e3bbca65853ea45fe7c6,8832.824,,,,ATA,erc20,"{'value': '0x01ded40ea5b158ec0000', 'address': '0xa2120b9e674d3fc3875f415a7df52e382f141225', 'decimal': '0x12'}",{'blockTimestamp': '2022-11-09T04:51:47.000Z'}
400,0xf311ff,0x54c00f69a01c672c2229bb252e1733cb923dac37daa6ba527f84f3455ea61892:log:133,0x54c00f69a01c672c2229bb252e1733cb923dac37daa6ba527f84f3455ea61892,0x28c6c06298d514db089934071355e5743bf21d60,0x6a05b31ca3a0c2db16f20c111869c6796f86ba25,3158.891,,,,ATA,erc20,"{'value': '0xab3e6b43fa6a778000', 'address': '0xa2120b9e674d3fc3875f415a7df52e382f141225', 'decimal': '0x12'}",{'blockTimestamp': '2022-11-09T03:41:11.000Z'}
401,0xf30fd8,0x28b2752ac53104fb114e76e3969777d2c5a3692e252b2d88ddd76b361f308cfc:log:63,0x28b2752ac53104fb114e76e3969777d2c5a3692e252b2d88ddd76b361f308cfc,0xdfd5293d8e347dfe59e90efd55b2956a1343963d,0xf1ccf19f71d820db4cd1263516a958d3e6272021,5032.322099999999,,,,ATA,erc20,"{'value': '0x0110cd7f8f9097c74000', 'address': '0xa2120b9e674d3fc3875f415a7df52e382f141225', 'decimal': '0x12'}",{'blockTimestamp': '2022-11-09T01:50:35.000Z'}
402,0xf30eda,0xa49c27b0af10744610fe2147c612dfda62cac68d5e700bf1bc018e64601a606b:log:84,0xa49c27b0af10744610fe2147c612dfda62cac68d5e700bf1bc018e64601a606b,0x21a31ee1afc51d94c2efccaa2092ad1028285549,0x6a05b31ca3a0c2db16f20c111869c6796f86ba25,2258.992,,,,ATA,erc20,"{'value': '0x7a75cfc758f1380000', 'address': '0xa2120b9e674d3fc3875f415a7df52e382f141225', 'decimal': '0x12'}",{'blockTimestamp': '2022-11-09T00:59:35.000Z'}
403,0xf30d87,0x808c999649bd0d99b998f42a8437c80dadcbe17c07a57c1d8d31d11f3ac7f40f:log:252,0x808c999649bd0d99b998f42a8437c80dadcbe17c07a57c1d8d31d11f3ac7f40f,0xbc3aaedf22da39051b46ba6a7353a7924541d897,0x3c02290922a3618a4646e3bbca65853ea45fe7c6,42616.275,,,,ATA,erc20,"{'value': '0x09063b9f21cc501b8000', 'address': '0xa2120b9e674d3fc3875f415a7df52e382f141225', 'decimal': '0x12'}",{'blockTimestamp': '2022-11-08T23:51:35.000Z'}
404,0xf30c5e,0x3a9d9ce250c77f042d6d614760fe46c5e524f36aff9286d8bd3442cb9c0ea9b9:log:127,0x3a9d9ce250c77f042d6d614760fe46c5e524f36aff9286d8bd3442cb9c0ea9b9,0x28c6c06298d514db089934071355e5743bf21d60,0x6a05b31ca3a0c2db16f20c111869c6796f86ba25,2378.0,,,,ATA,erc20,"{'value': '0x80e96120d0e6e80000', 'address': '0xa2120b9e674d3fc3875f415a7df52e382f141225', 'decimal': '0x12'}",{'blockTimestamp': '2022-11-08T22:51:59.000Z'}
405,0xf30b34,0x3d5210b941779cf5fa966ae65bb257dc832661098c559faf8a9a3f354d403479:log:191,0x3d5210b941779cf5fa966ae65bb257dc832661098c559faf8a9a3f354d403479,0x511dbe9e6b7ede607f47d00a681bd5c7a6d397a1,0x40ec5b33f54e0e8a33a975908c5ba1c14e5bbbdf,22159.3243,,,,ATA,erc20,"{'value': '0x04b142668db7d584c000', 'address': '0xa2120b9e674d3fc3875f415a7df52e382f141225', 'decimal': '0x12'}",{'blockTimestamp': '2022-11-08T21:51:59.000Z'}
406,0xf30b31,0x7388f606a7c54e0e94a7399490aab86a56fc9002610208a27d04e67cc3a1303c:log:61,0x7388f606a7c54e0e94a7399490aab86a56fc9002610208a27d04e67cc3a1303c,0x1bad1270426b8059a783704308cec80753de0b38,0x40ec5b33f54e0e8a33a975908c5ba1c14e5bbbdf,30075.0,,,,ATA,erc20,"{'value': '0x065e5e77e3d2210c0000', 'address': '0xa2120b9e674d3fc3875f415a7df52e382f141225', 'decimal': '0x12'}",{'blockTimestamp': '2022-11-08T21:51:23.000Z'}
407,0xf30b24,0xbfa9823889e26413d65370a7d86ffb0bbd974de780062b97fb6508fb93028d03:log:160,0xbfa9823889e26413d65370a7d86ffb0bbd974de780062b97fb6508fb93028d03,0xdfd5293d8e347dfe59e90efd55b2956a1343963d,0x1bad1270426b8059a783704308cec80753de0b38,30075.0,,,,ATA,erc20,"{'value': '0x065e5e77e3d2210c0000', 'address': '0xa2120b9e674d3fc3875f415a7df52e382f141225', 'decimal': '0x12'}",{'blockTimestamp': '2022-11-08T21:48:47.000Z'}
408,0xf30b22,0x98544d1643d43145df85b63e1f5accae196b60d021be485ba6f0ff13c131c5d0:log:148,0x98544d1643d43145df85b63e1f5accae196b60d021be485ba6f0ff13c131c5d0,0x0d0707963952f2fba59dd06f2b425ace40b492fe,0x511dbe9e6b7ede607f47d00a681bd5c7a6d397a1,22159.3243,,,,ATA,erc20,"{'value': '0x04b142668db7d584c000', 'address': '0xa2120b9e674d3fc3875f415a7df52e382f141225', 'decimal': '0x12'}",{'blockTimestamp': '2022-11-08T21:48:23.000Z'}
409,0xf30a4b,0x8514392c6b1670bd55aba26d0175faac57dc9d42f38ccdc6e769a3140048275c:log:141,0x8514392c6b1670bd55aba26d0175faac57dc9d42f38ccdc6e769a3140048275c,0x21a31ee1afc51d94c2efccaa2092ad1028285549,0xbc3aaedf22da39051b46ba6a7353a7924541d897,10379.588,,,,ATA,erc20,"{'value': '0x0232adb84495fb3a0000', 'address': '0xa2120b9e674d3fc3875f415a7df52e382f141225', 'decimal': '0x12'}",{'blockTimestamp': '2022-11-08T21:04:35.000Z'}
410,0xf308a5,0x0da3419450de2615887c30b835bcc930842de6a9c8cff561f71c7b491e2f08f9:log:235,0x0da3419450de2615887c30b835bcc930842de6a9c8cff561f71c7b491e2f08f9,0x28c6c06298d514db089934071355e5743bf21d60,0xbc3aaedf22da39051b46ba6a7353a7924541d897,18284.675,,,,ATA,erc20,"{'value': '0x03df36d6fc23d1938000', 'address': '0xa2120b9e674d3fc3875f415a7df52e382f141225', 'decimal': '0x12'}",{'blockTimestamp': '2022-11-08T19:39:47.000Z'}
411,0xf3086b,0x816f5d63c3efc43f825a807397e49454b3db20e709be5c6d4ccc2949345d9557:log:244,0x816f5d63c3efc43f825a807397e49454b3db20e709be5c6d4ccc2949345d9557,0xdfd5293d8e347dfe59e90efd55b2956a1343963d,0xbc3aaedf22da39051b46ba6a7353a7924541d897,13952.011999999999,,,,ATA,erc20,"{'value': '0x02f4570fe112834e0000', 'address': '0xa2120b9e674d3fc3875f415a7df52e382f141225', 'decimal': '0x12'}",{'blockTimestamp': '2022-11-08T19:27:59.000Z'}
412,0xf30459,0xb40e44b2189862dbc7ec9721c942064af2bca09861562bf4e4f5e031e6f00f6b:log:212,0xb40e44b2189862dbc7ec9721c942064af2bca09861562bf4e4f5e031e6f00f6b,0x979715bfd3e217122d9ab7dbff5dfc230bf378be,0x64394be7cc1bed6961aa99329de9197514833f8a,6121.0,,,,ATA,erc20,"{'value': '0x014bd1f06d8d56040000', 'address': '0xa2120b9e674d3fc3875f415a7df52e382f141225', 'decimal': '0x12'}",{'blockTimestamp': '2022-11-08T15:58:11.000Z'}
413,0xf3022c,0xbcf5dc5ec55d96419c661b3c6f67cd15662001d033da72dc6212c5f479c2a28b:log:43,0xbcf5dc5ec55d96419c661b3c6f67cd15662001d033da72dc6212c5f479c2a28b,0xf16e9b0d03470827a95cdfd0cb8a8a3b46969b91,0x0d3c3c257e0479ce96877bdbc7ae2eca6dc4970d,12960.0,,,,ATA,erc20,"{'value': '0x02be902146fa26800000', 'address': '0xa2120b9e674d3fc3875f415a7df52e382f141225', 'decimal': '0x12'}",{'blockTimestamp': '2022-11-08T14:06:35.000Z'}
414,0xf2ff54,0x97aec0e6295076fe4343e61e5d05a0a22365069f84e0cea57f122b6106136d1b:log:49,0x97aec0e6295076fe4343e61e5d05a0a22365069f84e0cea57f122b6106136d1b,0x21a31ee1afc51d94c2efccaa2092ad1028285549,0x027996d61b0fcc4e7b3fca36c85d77355a0b4952,1584.039,,,,ATA,erc20,"{'value': '0x55def505e6d4fd8000', 'address': '0xa2120b9e674d3fc3875f415a7df52e382f141225', 'decimal': '0x12'}",{'blockTimestamp': '2022-11-08T11:40:59.000Z'}
415,0xf2f4a2,0x8ae3a4bbb0dd1707de00721df9fbe676248b8db64007888ce8d5b580efc3e48d:log:62,0x8ae3a4bbb0dd1707de00721df9fbe676248b8db64007888ce8d5b580efc3e48d,0x6767526a362ec6c6b1df185478e4f01506b73ff3,0x28c6c06298d514db089934071355e5743bf21d60,38069.0,,,,ATA,erc20,"{'value': '0x080fb98109cb29b40000', 'address': '0xa2120b9e674d3fc3875f415a7df52e382f141225', 'decimal': '0x12'}",{'blockTimestamp': '2022-11-08T02:30:47.000Z'}
416,0xf2f033,0x52b365956cad11628487fa36be278eb34862847bf0b24f96969a451d639c723e:log:171,0x52b365956cad11628487fa36be278eb34862847bf0b24f96969a451d639c723e,0x3c02290922a3618a4646e3bbca65853ea45fe7c6,0x6767526a362ec6c6b1df185478e4f01506b73ff3,38069.0,,,,ATA,erc20,"{'value': '0x080fb98109cb29b40000', 'address': '0xa2120b9e674d3fc3875f415a7df52e382f141225', 'decimal': '0x12'}",{'blockTimestamp': '2022-11-07T22:42:23.000Z'}
417,0xf2e713,0x8f221bb228a391dc86e81a77b78d7dac26a825149f00c7caac7f3a17837d85d3:log:60,0x8f221bb228a391dc86e81a77b78d7dac26a825149f00c7caac7f3a17837d85d3,0xa9d1e08c7793af67e9d92fe308d5697fb81d3e43,0xd0475a4a9a07d175c040daa41d4d4f21d6f305d2,122.79310222999999,,,,ATA,erc20,"{'value': '0x06a818bbe477605c00', 'address': '0xa2120b9e674d3fc3875f415a7df52e382f141225', 'decimal': '0x12'}",{'blockTimestamp': '2022-11-07T14:53:11.000Z'}
418,0xf2d6b4,0x6ddc21feefaf64d9d0fbbb1599bd60d28276aad29c771f52acd16d8d9b37d8c5:log:289,0x6ddc21feefaf64d9d0fbbb1599bd60d28276aad29c771f52acd16d8d9b37d8c5,0x20e74b82e9c2b24063c516397cd1fc2eeeb17cc0,0x3c02290922a3618a4646e3bbca65853ea45fe7c6,39917.14,,,,ATA,erc20,"{'value': '0x0873e9994beda0220000', 'address': '0xa2120b9e674d3fc3875f415a7df52e382f141225', 'decimal': '0x12'}",{'blockTimestamp': '2022-11-07T00:51:23.000Z'}
419,0xf2d62d,0xae1d4e1e8629ab91bfd7ea63afeb676646ec1c6fdee4d15ea5e4336f269c43ac:log:323,0xae1d4e1e8629ab91bfd7ea63afeb676646ec1c6fdee4d15ea5e4336f269c43ac,0x28c6c06298d514db089934071355e5743bf21d60,0x20e74b82e9c2b24063c516397cd1fc2eeeb17cc0,39917.14,,,,ATA,erc20,"{'value': '0x0873e9994beda0220000', 'address': '0xa2120b9e674d3fc3875f415a7df52e382f141225', 'decimal': '0x12'}",{'blockTimestamp': '2022-11-07T00:24:11.000Z'}
420,0xf2d3fb,0xd81a3bc7282389e8d8f1b6626ba0abac86386f350f59eb8ad1ffcbbeda3d1f18:log:124,0xd81a3bc7282389e8d8f1b6626ba0abac86386f350f59eb8ad1ffcbbeda3d1f18,0x6767526a362ec6c6b1df185478e4f01506b73ff3,0x28c6c06298d514db089934071355e5743bf21d60,39793.0,,,,ATA,erc20,"{'value': '0x086d2ecf6ba66f240000', 'address': '0xa2120b9e674d3fc3875f415a7df52e382f141225', 'decimal': '0x12'}",{'blockTimestamp': '2022-11-06T22:31:11.000Z'}
421,0xf2d13d,0x3380733ec3cebc5fafe9515cef34d4b1171225a220368e3f60e5eb624c6d8167:log:111,0x3380733ec3cebc5fafe9515cef34d4b1171225a220368e3f60e5eb624c6d8167,0x3c02290922a3618a4646e3bbca65853ea45fe7c6,0x6767526a362ec6c6b1df185478e4f01506b73ff3,39793.0,,,,ATA,erc20,"{'value': '0x086d2ecf6ba66f240000', 'address': '0xa2120b9e674d3fc3875f415a7df52e382f141225', 'decimal': '0x12'}",{'blockTimestamp': '2022-11-06T20:10:23.000Z'}
422,0xf2d0de,0xc2b6156d9f19c8bc1d17a4c7692d75247db70772f20da6d1d6a693fe6d65cd5a:log:278,0xc2b6156d9f19c8bc1d17a4c7692d75247db70772f20da6d1d6a693fe6d65cd5a,0x20e74b82e9c2b24063c516397cd1fc2eeeb17cc0,0x3c02290922a3618a4646e3bbca65853ea45fe7c6,33507.26,,,,ATA,erc20,"{'value': '0x07186ea4f0ed8f460000', 'address': '0xa2120b9e674d3fc3875f415a7df52e382f141225', 'decimal': '0x12'}",{'blockTimestamp': '2022-11-06T19:51:23.000Z'}
423,0xf2cfed,0xdd906522f20405c927aaaca319bb735e8f7241f7783eacc1c7fc1200b30efde9:log:161,0xdd906522f20405c927aaaca319bb735e8f7241f7783eacc1c7fc1200b30efde9,0xdfd5293d8e347dfe59e90efd55b2956a1343963d,0x20e74b82e9c2b24063c516397cd1fc2eeeb17cc0,33507.26,,,,ATA,erc20,"{'value': '0x07186ea4f0ed8f460000', 'address': '0xa2120b9e674d3fc3875f415a7df52e382f141225', 'decimal': '0x12'}",{'blockTimestamp': '2022-11-06T19:02:59.000Z'}
424,0xf2c57b,0xfc11a86afffefb76221817cd5be3af3e2d7606580f50b5ba3e00c094443b9399:log:144,0xfc11a86afffefb76221817cd5be3af3e2d7606580f50b5ba3e00c094443b9399,0x21a31ee1afc51d94c2efccaa2092ad1028285549,0x74e3632073928d07bf4c61d46ea0565478e90167,315.522,,,,ATA,erc20,"{'value': '0x111abf534af4cd0000', 'address': '0xa2120b9e674d3fc3875f415a7df52e382f141225', 'decimal': '0x12'}",{'blockTimestamp': '2022-11-06T10:05:59.000Z'}
425,0xf2b670,0x45115429a375c5c887d6157c903063e5eb14040dd395a85c7b94209d4b4ebb97:log:167,0x45115429a375c5c887d6157c903063e5eb14040dd395a85c7b94209d4b4ebb97,0x28c6c06298d514db089934071355e5743bf21d60,0x08428c76845b6e3f36f89ff913b905da39a1fd8f,78.0,,,,ATA,erc20,"{'value': '0x043a77aabd00780000', 'address': '0xa2120b9e674d3fc3875f415a7df52e382f141225', 'decimal': '0x12'}",{'blockTimestamp': '2022-11-05T21:11:59.000Z'}
426,0xf2ae38,0xdb785ccc5693b946a37dcbefe792be52988e60440eb2c573406ba8d71a8e6090:log:430,0xdb785ccc5693b946a37dcbefe792be52988e60440eb2c573406ba8d71a8e6090,0x5acd444fff9593cc3da2fc057d952606cf7e18b5,0xb7b7835ea2fc353bba5a71afa1a186500bd29f3e,178.7430566277789,,,,ATA,erc20,"{'value': '0x09b08ee6fb4e4b1886', 'address': '0xa2120b9e674d3fc3875f415a7df52e382f141225', 'decimal': '0x12'}",{'blockTimestamp': '2022-11-05T14:07:59.000Z'}
427,0xf2ae15,0xe1e7a5e2d1eae2af75a3b56f9fc5dea716d6aad3ccf694caec541ce4b08ca600:log:25,0xe1e7a5e2d1eae2af75a3b56f9fc5dea716d6aad3ccf694caec541ce4b08ca600,0xe66b31678d6c16e9ebf358268a790b763c133750,0x5acd444fff9593cc3da2fc057d952606cf7e18b5,153.73258067548807,,,,ATA,erc20,"{'value': '0x085577d79d3e8c2db5', 'address': '0xa2120b9e674d3fc3875f415a7df52e382f141225', 'decimal': '0x12'}",{'blockTimestamp': '2022-11-05T14:00:59.000Z'}
428,0xf2ae15,0xe1e7a5e2d1eae2af75a3b56f9fc5dea716d6aad3ccf694caec541ce4b08ca600:log:22,0xe1e7a5e2d1eae2af75a3b56f9fc5dea716d6aad3ccf694caec541ce4b08ca600,0x5654d65578cda52791879751141f2f3d7dc27fe4,0xe66b31678d6c16e9ebf358268a790b763c133750,153.73258067548807,,,,ATA,erc20,"{'value': '0x085577d79d3e8c2db5', 'address': '0xa2120b9e674d3fc3875f415a7df52e382f141225', 'decimal': '0x12'}",{'blockTimestamp': '2022-11-05T14:00:59.000Z'}
429,0xf2abbf,0x8fc02420c8c2ace8955cc8f2cc822a41c46a6d36a6fde8e2fc251ee48bc5e819:log:555,0x8fc02420c8c2ace8955cc8f2cc822a41c46a6d36a6fde8e2fc251ee48bc5e819,0xbfaaea710435fc4df08fbd689103b8743c08e099,0x28c6c06298d514db089934071355e5743bf21d60,1160.4750000000001,,,,ATA,erc20,"{'value': '0x3ee8d3680a396f8000', 'address': '0xa2120b9e674d3fc3875f415a7df52e382f141225', 'decimal': '0x12'}",{'blockTimestamp': '2022-11-05T12:00:23.000Z'}
430,0xf2abaf,0xf9950341755d3e87978e7533a821fc83637f10d10445bbbc7ca75fefecd408cb:log:294,0xf9950341755d3e87978e7533a821fc83637f10d10445bbbc7ca75fefecd408cb,0xeb9cdece8f159b6e961681a771c354481544711f,0x6c4bf9e9a9fb6bd971d074ca987bdc5fea94a225,71.3475612,,,,ATA,erc20,"{'value': '0x03de2574e554716000', 'address': '0xa2120b9e674d3fc3875f415a7df52e382f141225', 'decimal': '0x12'}",{'blockTimestamp': '2022-11-05T11:57:11.000Z'}
431,0xf2aba8,0x1657355b3820802b79963a2cc6b8f84863717d0a6ee45a5a0c0f724a5705d082:log:26,0x1657355b3820802b79963a2cc6b8f84863717d0a6ee45a5a0c0f724a5705d082,0x370d5156bb66cb1cc33580286d8409d586c7c7e7,0xbfaaea710435fc4df08fbd689103b8743c08e099,1160.4750000000001,,,,ATA,erc20,"{'value': '0x3ee8d3680a396f8000', 'address': '0xa2120b9e674d3fc3875f415a7df52e382f141225', 'decimal': '0x12'}",{'blockTimestamp': '2022-11-05T11:55:47.000Z'}
432,0xf2a9f5,0xd908a09e84b6cf91f7feef0bb469ee336104e0097aa1e3cd24fd74fe4d6664d0:log:32,0xd908a09e84b6cf91f7feef0bb469ee336104e0097aa1e3cd24fd74fe4d6664d0,0xdfd5293d8e347dfe59e90efd55b2956a1343963d,0x963236f706ce61c67e2097bd6cdc20d73b668b11,572.405,,,,ATA,erc20,"{'value': '0x1f07b712c4b1788000', 'address': '0xa2120b9e674d3fc3875f415a7df52e382f141225', 'decimal': '0x12'}",{'blockTimestamp': '2022-11-05T10:28:35.000Z'}
433,0xf2a6de,0x58cdfeecb3536e773b3eb9997f34af32c15f5341e70d22169a1bb39685a4a725:log:280,0x58cdfeecb3536e773b3eb9997f34af32c15f5341e70d22169a1bb39685a4a725,0xa9d1e08c7793af67e9d92fe308d5697fb81d3e43,0x79f0f1b046736bd3a206569d4e6577255116ea57,4.17641581,,,,ATA,erc20,"{'value': '0x39f59c0d35601400', 'address': '0xa2120b9e674d3fc3875f415a7df52e382f141225', 'decimal': '0x12'}",{'blockTimestamp': '2022-11-05T07:49:23.000Z'}
434,0xf2a55a,0x6d5a4bea78af061a9d65f99d70cd268a3c12b398f6176312b7f5465ab62e3435:log:46,0x6d5a4bea78af061a9d65f99d70cd268a3c12b398f6176312b7f5465ab62e3435,0x6767526a362ec6c6b1df185478e4f01506b73ff3,0x28c6c06298d514db089934071355e5743bf21d60,35983.0,,,,ATA,erc20,"{'value': '0x079ea4704de530dc0000', 'address': '0xa2120b9e674d3fc3875f415a7df52e382f141225', 'decimal': '0x12'}",{'blockTimestamp': '2022-11-05T06:31:35.000Z'}
435,0xf2a0bb,0x659d8526d5875ac3971b7a9e1c79f57a87096f952bca12652ec4633d6484b6ff:log:199,0x659d8526d5875ac3971b7a9e1c79f57a87096f952bca12652ec4633d6484b6ff,0xf16e9b0d03470827a95cdfd0cb8a8a3b46969b91,0x1ab6a77b974c8b077ef6cf3a3d3375eef9438bd9,624.5672351999999,,,,ATA,erc20,"{'value': '0x21db9c8f50bbd90000', 'address': '0xa2120b9e674d3fc3875f415a7df52e382f141225', 'decimal': '0x12'}",{'blockTimestamp': '2022-11-05T02:33:47.000Z'}
436,0xf29f63,0xb31655daeffebe4b94a356541d79969e9c802b3eb551f8befc3d75ac4a0342c5:log:391,0xb31655daeffebe4b94a356541d79969e9c802b3eb551f8befc3d75ac4a0342c5,0x3c02290922a3618a4646e3bbca65853ea45fe7c6,0x6767526a362ec6c6b1df185478e4f01506b73ff3,35983.0,,,,ATA,erc20,"{'value': '0x079ea4704de530dc0000', 'address': '0xa2120b9e674d3fc3875f415a7df52e382f141225', 'decimal': '0x12'}",{'blockTimestamp': '2022-11-05T01:24:11.000Z'}
437,0xf28bd0,0x57e76d0fd5846005f6eb6981964173749c888a9da4ea549b0a60e52ccc370f52:log:83,0x57e76d0fd5846005f6eb6981964173749c888a9da4ea549b0a60e52ccc370f52,0x21a31ee1afc51d94c2efccaa2092ad1028285549,0x5857757b4c9825a253c3519381d866238bdff36a,1531.0,,,,ATA,erc20,"{'value': '0x52fee4a46a130c0000', 'address': '0xa2120b9e674d3fc3875f415a7df52e382f141225', 'decimal': '0x12'}",{'blockTimestamp': '2022-11-04T08:38:23.000Z'}
438,0xf27d28,0x7896f622bdb760e9f80f736f6b64f009e4fde175e88f91aa89629600bae805ee:log:148,0x7896f622bdb760e9f80f736f6b64f009e4fde175e88f91aa89629600bae805ee,0x28c6c06298d514db089934071355e5743bf21d60,0x027996d61b0fcc4e7b3fca36c85d77355a0b4952,3420.555,,,,ATA,erc20,"{'value': '0xb96dbc899f76478000', 'address': '0xa2120b9e674d3fc3875f415a7df52e382f141225', 'decimal': '0x12'}",{'blockTimestamp': '2022-11-03T20:03:59.000Z'}
439,0xf27c95,0xf784bc975c4da868bfee6f115ce8b8185f2a5943319c6b8aa94cf16df41ed640:log:118,0xf784bc975c4da868bfee6f115ce8b8185f2a5943319c6b8aa94cf16df41ed640,0xdfd5293d8e347dfe59e90efd55b2956a1343963d,0x0bd13d8cf02a8447d019f5e51d99dc6e661a4e80,924.3735640699999,,,,ATA,erc20,"{'value': '0x321c429afb0a22fc00', 'address': '0xa2120b9e674d3fc3875f415a7df52e382f141225', 'decimal': '0x12'}",{'blockTimestamp': '2022-11-03T19:34:11.000Z'}
440,0xf27c2b,0x144fe827dffebb012bb5e800344e9dd3a86ad889f29a95890e0d7082addeb2b6:log:121,0x144fe827dffebb012bb5e800344e9dd3a86ad889f29a95890e0d7082addeb2b6,0x21a31ee1afc51d94c2efccaa2092ad1028285549,0x0bd13d8cf02a8447d019f5e51d99dc6e661a4e80,1008.0,,,,ATA,erc20,"{'value': '0x36a4cf636319c00000', 'address': '0xa2120b9e674d3fc3875f415a7df52e382f141225', 'decimal': '0x12'}",{'blockTimestamp': '2022-11-03T19:12:59.000Z'}
441,0xf27c16,0x7636372b2b979c302b09cc4ec46554ebf85a16a2d530240eea8b152a3783f9a6:log:111,0x7636372b2b979c302b09cc4ec46554ebf85a16a2d530240eea8b152a3783f9a6,0x28c6c06298d514db089934071355e5743bf21d60,0x0bd13d8cf02a8447d019f5e51d99dc6e661a4e80,21.0,,,,ATA,erc20,"{'value': '0x01236efcbcbb340000', 'address': '0xa2120b9e674d3fc3875f415a7df52e382f141225', 'decimal': '0x12'}",{'blockTimestamp': '2022-11-03T19:08:47.000Z'}
442,0xf276eb,0xcf66ce451fa6dfc0005a45cf41ce72ab76e154752ce69a953718c6df79840a97:log:133,0xcf66ce451fa6dfc0005a45cf41ce72ab76e154752ce69a953718c6df79840a97,0x28c6c06298d514db089934071355e5743bf21d60,0xf977814e90da44bfa03b6295a0616a897441acec,176696.97044439,,,,ATA,erc20,"{'value': '0x256ac30fe6801a187c00', 'address': '0xa2120b9e674d3fc3875f415a7df52e382f141225', 'decimal': '0x12'}",{'blockTimestamp': '2022-11-03T14:42:11.000Z'}
443,0xf276c1,0x7edcf715c81ea2be0c728eb44912b1ff3e29b026a6f1ed12d37ddec366886af4:log:228,0x7edcf715c81ea2be0c728eb44912b1ff3e29b026a6f1ed12d37ddec366886af4,0x649ae85d11017ac43f0cbab561982e0c9ceeda1f,0x28c6c06298d514db089934071355e5743bf21d60,11681.971691191491,,,,ATA,erc20,"{'value': '0x027947ec9f66662e70f7', 'address': '0xa2120b9e674d3fc3875f415a7df52e382f141225', 'decimal': '0x12'}",{'blockTimestamp': '2022-11-03T14:33:47.000Z'}
444,0xf2766f,0x120f796b3b8cc8123eec08159cc3bc9c8a593401b2957a516c7950d69163218c:log:373,0x120f796b3b8cc8123eec08159cc3bc9c8a593401b2957a516c7950d69163218c,0x1bad1270426b8059a783704308cec80753de0b38,0x649ae85d11017ac43f0cbab561982e0c9ceeda1f,11681.971691191491,,,,ATA,erc20,"{'value': '0x027947ec9f66662e70f7', 'address': '0xa2120b9e674d3fc3875f415a7df52e382f141225', 'decimal': '0x12'}",{'blockTimestamp': '2022-11-03T14:16:35.000Z'}
445,0xf2749f,0xe88ab991c06387b79cfee9de2a2967269264eb22a92935512958cf445a9ce8b4:log:63,0xe88ab991c06387b79cfee9de2a2967269264eb22a92935512958cf445a9ce8b4,0x40ec5b33f54e0e8a33a975908c5ba1c14e5bbbdf,0x1bad1270426b8059a783704308cec80753de0b38,11681.971691191491,,,,ATA,erc20,"{'value': '0x027947ec9f66662e70f7', 'address': '0xa2120b9e674d3fc3875f415a7df52e382f141225', 'decimal': '0x12'}",{'blockTimestamp': '2022-11-03T12:42:23.000Z'}
446,0xf27472,0xa5c63a62c8b2a72380fcc51a1c2714dc25e0902603daccfbb187272d975d631c:log:278,0xa5c63a62c8b2a72380fcc51a1c2714dc25e0902603daccfbb187272d975d631c,0xa16e1e0d4d6380e25349d289a2f4c3c7bd34053e,0x28c6c06298d514db089934071355e5743bf21d60,8826.21380229,,,,ATA,erc20,"{'value': '0x01de785281e5d9457400', 'address': '0xa2120b9e674d3fc3875f415a7df52e382f141225', 'decimal': '0x12'}",{'blockTimestamp': '2022-11-03T12:33:11.000Z'}
447,0xf273cf,0x2fde15a83809e4bd19d0104d25f3a54fd6ed5eccb0b18ccc1156ca826a4a5cbe:log:610,0x2fde15a83809e4bd19d0104d25f3a54fd6ed5eccb0b18ccc1156ca826a4a5cbe,0x3c02290922a3618a4646e3bbca65853ea45fe7c6,0xa16e1e0d4d6380e25349d289a2f4c3c7bd34053e,8826.21380229,,,,ATA,erc20,"{'value': '0x01de785281e5d9457400', 'address': '0xa2120b9e674d3fc3875f415a7df52e382f141225', 'decimal': '0x12'}",{'blockTimestamp': '2022-11-03T12:00:23.000Z'}
448,0xf27358,0x212e8a70ee6458027cac9c949aa3a95ab98253401d9706e252c72f848771c365:log:111,0x212e8a70ee6458027cac9c949aa3a95ab98253401d9706e252c72f848771c365,0xdfd5293d8e347dfe59e90efd55b2956a1343963d,0x5857757b4c9825a253c3519381d866238bdff36a,1379.0,,,,ATA,erc20,"{'value': '0x4ac17829beafac0000', 'address': '0xa2120b9e674d3fc3875f415a7df52e382f141225', 'decimal': '0x12'}",{'blockTimestamp': '2022-11-03T11:36:11.000Z'}
449,0xf27349,0x096f6a71d6496b214a87ec825f2b3093ea388b35f79ed6aed4bc54a8f4d60a3d:log:254,0x096f6a71d6496b214a87ec825f2b3093ea388b35f79ed6aed4bc54a8f4d60a3d,0x4b8a339be06ff31752a806995b72e76e93dd9106,0x28c6c06298d514db089934071355e5743bf21d60,17088.678082000002,,,,ATA,erc20,"{'value': '0x039e610c5fe1d5962000', 'address': '0xa2120b9e674d3fc3875f415a7df52e382f141225', 'decimal': '0x12'}",{'blockTimestamp': '2022-11-03T11:33:11.000Z'}
450,0xf2733d,0x4ae73806518fea9eb9981572eb8c82ffd82b791f1ef88922754f1c533c7e687d:log:103,0x4ae73806518fea9eb9981572eb8c82ffd82b791f1ef88922754f1c533c7e687d,0x21a31ee1afc51d94c2efccaa2092ad1028285549,0x5857757b4c9825a253c3519381d866238bdff36a,129.0,,,,ATA,erc20,"{'value': '0x06fe3c108759640000', 'address': '0xa2120b9e674d3fc3875f415a7df52e382f141225', 'decimal': '0x12'}",{'blockTimestamp': '2022-11-03T11:30:35.000Z'}
451,0xf272ac,0x1c9c59407b6ef8e58d3d4bfbeb7d51df6e9fad6b35d42466faf718af9f1ebd4c:log:179,0x1c9c59407b6ef8e58d3d4bfbeb7d51df6e9fad6b35d42466faf718af9f1ebd4c,0xa9d1e08c7793af67e9d92fe308d5697fb81d3e43,0x4b8a339be06ff31752a806995b72e76e93dd9106,17088.678082000002,,,,ATA,erc20,"{'value': '0x039e610c5fe1d5962000', 'address': '0xa2120b9e674d3fc3875f415a7df52e382f141225', 'decimal': '0x12'}",{'blockTimestamp': '2022-11-03T11:01:23.000Z'}
452,0xf271c7,0x7478234311b1c3d876d3d373c66875ac515fb8983e5e876fc06ecc4bd6635985:log:134,0x7478234311b1c3d876d3d373c66875ac515fb8983e5e876fc06ecc4bd6635985,0x28c6c06298d514db089934071355e5743bf21d60,0x027996d61b0fcc4e7b3fca36c85d77355a0b4952,3430.545,,,,ATA,erc20,"{'value': '0xb9f86025b1906e8000', 'address': '0xa2120b9e674d3fc3875f415a7df52e382f141225', 'decimal': '0x12'}",{'blockTimestamp': '2022-11-03T10:15:23.000Z'}
453,0xf271a2,0x08e71d07ecc9f3162e09974824096484c5728cc0d240dff485c18dfaf3df2802:log:314,0x08e71d07ecc9f3162e09974824096484c5728cc0d240dff485c18dfaf3df2802,0xdfd5293d8e347dfe59e90efd55b2956a1343963d,0x027996d61b0fcc4e7b3fca36c85d77355a0b4952,3875.1,,,,ATA,erc20,"{'value': '0xd211d0c6d71c360000', 'address': '0xa2120b9e674d3fc3875f415a7df52e382f141225', 'decimal': '0x12'}",{'blockTimestamp': '2022-11-03T10:07:59.000Z'}
454,0xf2717e,0x991b352afbcc9288ac375c8780237ee4433a2936034867b9a7c01a3eb08aa6de:log:4,0x991b352afbcc9288ac375c8780237ee4433a2936034867b9a7c01a3eb08aa6de,0x21a31ee1afc51d94c2efccaa2092ad1028285549,0x027996d61b0fcc4e7b3fca36c85d77355a0b4952,2300.676,,,,ATA,erc20,"{'value': '0x7cb84b187f029a0000', 'address': '0xa2120b9e674d3fc3875f415a7df52e382f141225', 'decimal': '0x12'}",{'blockTimestamp': '2022-11-03T10:00:47.000Z'}
455,0xf2715b,0x5c6f782228938d7aed0885bf975ee3f0f725e93afc0991c886c9dc4b305c100f:log:71,0x5c6f782228938d7aed0885bf975ee3f0f725e93afc0991c886c9dc4b305c100f,0x28c6c06298d514db089934071355e5743bf21d60,0x027996d61b0fcc4e7b3fca36c85d77355a0b4952,372.606,,,,ATA,erc20,"{'value': '0x1432f26ed94b330000', 'address': '0xa2120b9e674d3fc3875f415a7df52e382f141225', 'decimal': '0x12'}",{'blockTimestamp': '2022-11-03T09:53:47.000Z'}
456,0xf26d73,0x80f372b9938ec4b4b06aa6acfe7a6b1066f91d3b2b74b44b942a65793c024ab3:log:68,0x80f372b9938ec4b4b06aa6acfe7a6b1066f91d3b2b74b44b942a65793c024ab3,0xe66b31678d6c16e9ebf358268a790b763c133750,0x5654d65578cda52791879751141f2f3d7dc27fe4,384.0305997185555,,,,ATA,erc20,"{'value': '0x14d17ec3c340ba5fb5', 'address': '0xa2120b9e674d3fc3875f415a7df52e382f141225', 'decimal': '0x12'}",{'blockTimestamp': '2022-11-03T06:32:59.000Z'}
457,0xf26d73,0x80f372b9938ec4b4b06aa6acfe7a6b1066f91d3b2b74b44b942a65793c024ab3:log:65,0x80f372b9938ec4b4b06aa6acfe7a6b1066f91d3b2b74b44b942a65793c024ab3,0x28e095ec303ad30f0bc89807f76a82d7bca0ee40,0xe66b31678d6c16e9ebf358268a790b763c133750,384.0305997185555,,,,ATA,erc20,"{'value': '0x14d17ec3c340ba5fb5', 'address': '0xa2120b9e674d3fc3875f415a7df52e382f141225', 'decimal': '0x12'}",{'blockTimestamp': '2022-11-03T06:32:59.000Z'}
458,0xf26d73,0x80f372b9938ec4b4b06aa6acfe7a6b1066f91d3b2b74b44b942a65793c024ab3:log:63,0x80f372b9938ec4b4b06aa6acfe7a6b1066f91d3b2b74b44b942a65793c024ab3,0x28e095ec303ad30f0bc89807f76a82d7bca0ee40,0x382ffce2287252f930e1c8dc9328dac5bf282ba1,3.879096966854096,,,,ATA,erc20,"{'value': '0x35d5522396a234af', 'address': '0xa2120b9e674d3fc3875f415a7df52e382f141225', 'decimal': '0x12'}",{'blockTimestamp': '2022-11-03T06:32:59.000Z'}
459,0xf26c39,0xc1b4de97aaf511b7b8d6f26f768609f415152da8d9169860bface9277dd26919:log:108,0xc1b4de97aaf511b7b8d6f26f768609f415152da8d9169860bface9277dd26919,0x29984d1f9055cafb02dcdd53c54b727902e44975,0x28c6c06298d514db089934071355e5743bf21d60,22282.23,,,,ATA,erc20,"{'value': '0x04b7ec0f50af903f0000', 'address': '0xa2120b9e674d3fc3875f415a7df52e382f141225', 'decimal': '0x12'}",{'blockTimestamp': '2022-11-03T05:30:11.000Z'}
460,0xf26ba3,0xdbe300d5cd4b4156363db7149b2972d5fad3b5ef1b9bcf16d141012e6dcb8ab9:log:234,0xdbe300d5cd4b4156363db7149b2972d5fad3b5ef1b9bcf16d141012e6dcb8ab9,0x4b8a339be06ff31752a806995b72e76e93dd9106,0x28c6c06298d514db089934071355e5743bf21d60,20881.748987929997,,,,ATA,erc20,"{'value': '0x046c007b444648588400', 'address': '0xa2120b9e674d3fc3875f415a7df52e382f141225', 'decimal': '0x12'}",{'blockTimestamp': '2022-11-03T05:00:11.000Z'}
461,0xf26b35,0xe1de53032ec234215b775aa092a64afade85c54bafbc49c8366782cfe9654ed4:log:74,0xe1de53032ec234215b775aa092a64afade85c54bafbc49c8366782cfe9654ed4,0xa9d1e08c7793af67e9d92fe308d5697fb81d3e43,0x4b8a339be06ff31752a806995b72e76e93dd9106,20881.748987929997,,,,ATA,erc20,"{'value': '0x046c007b444648588400', 'address': '0xa2120b9e674d3fc3875f415a7df52e382f141225', 'decimal': '0x12'}",{'blockTimestamp': '2022-11-03T04:38:11.000Z'}
462,0xf26851,0x20ee9bef57e58be68ab3b3706bf0f3d26fc61d97bad454361bb51eab474f475d:log:112,0x20ee9bef57e58be68ab3b3706bf0f3d26fc61d97bad454361bb51eab474f475d,0x1bad1270426b8059a783704308cec80753de0b38,0x40ec5b33f54e0e8a33a975908c5ba1c14e5bbbdf,22375.563048592492,,,,ATA,erc20,"{'value': '0x04bcfb50e9e187ed053a', 'address': '0xa2120b9e674d3fc3875f415a7df52e382f141225', 'decimal': '0x12'}",{'blockTimestamp': '2022-11-03T02:09:35.000Z'}
463,0xf2683e,0xe1b8ad2e0bee347b8facee029242950bdc0f3f4ecf07834422f7c3d677ac030c:log:41,0xe1b8ad2e0bee347b8facee029242950bdc0f3f4ecf07834422f7c3d677ac030c,0x40ec5b33f54e0e8a33a975908c5ba1c14e5bbbdf,0x1bad1270426b8059a783704308cec80753de0b38,22375.563048592492,,,,ATA,erc20,"{'value': '0x04bcfb50e9e187ed053a', 'address': '0xa2120b9e674d3fc3875f415a7df52e382f141225', 'decimal': '0x12'}",{'blockTimestamp': '2022-11-03T02:05:47.000Z'}
464,0xf26822,0xc8b08fab7318b82e844061bb3620c20ee64a79172e17500528f84c139e82bc9c:log:81,0xc8b08fab7318b82e844061bb3620c20ee64a79172e17500528f84c139e82bc9c,0xee845948e6806d12e966137caa07d49bbe632fe3,0x28c6c06298d514db089934071355e5743bf21d60,39994.858001,,,,ATA,erc20,"{'value': '0x087820271a11f2961000', 'address': '0xa2120b9e674d3fc3875f415a7df52e382f141225', 'decimal': '0x12'}",{'blockTimestamp': '2022-11-03T02:00:11.000Z'}
465,0xf267d8,0xcae627d8a00b694849279e5b918877969b8460fd5df0ee31ef1702cbb273a922:log:57,0xcae627d8a00b694849279e5b918877969b8460fd5df0ee31ef1702cbb273a922,0xa9d1e08c7793af67e9d92fe308d5697fb81d3e43,0xee845948e6806d12e966137caa07d49bbe632fe3,39994.85800082,,,,ATA,erc20,"{'value': '0x0878202719e809c00800', 'address': '0xa2120b9e674d3fc3875f415a7df52e382f141225', 'decimal': '0x12'}",{'blockTimestamp': '2022-11-03T01:45:11.000Z'}
466,0xf2678c,0xb566c7842d10cb2c16bdc3586626fa595afc2b990b3d3c38923619cb53353376:log:136,0xb566c7842d10cb2c16bdc3586626fa595afc2b990b3d3c38923619cb53353376,0xe66b31678d6c16e9ebf358268a790b763c133750,0x28e095ec303ad30f0bc89807f76a82d7bca0ee40,387.90969668540964,,,,ATA,erc20,"{'value': '0x15075415e6d75c9464', 'address': '0xa2120b9e674d3fc3875f415a7df52e382f141225', 'decimal': '0x12'}",{'blockTimestamp': '2022-11-03T01:29:59.000Z'}
467,0xf2678c,0xb566c7842d10cb2c16bdc3586626fa595afc2b990b3d3c38923619cb53353376:log:133,0xb566c7842d10cb2c16bdc3586626fa595afc2b990b3d3c38923619cb53353376,0x5654d65578cda52791879751141f2f3d7dc27fe4,0xe66b31678d6c16e9ebf358268a790b763c133750,387.90969668540964,,,,ATA,erc20,"{'value': '0x15075415e6d75c9464', 'address': '0xa2120b9e674d3fc3875f415a7df52e382f141225', 'decimal': '0x12'}",{'blockTimestamp': '2022-11-03T01:29:59.000Z'}
468,0xf26750,0xfb6b5c9be332fd960d83250be5abeaf81e5a22c56831bb77a09ee6455be1f84b:log:59,0xfb6b5c9be332fd960d83250be5abeaf81e5a22c56831bb77a09ee6455be1f84b,0x95b564f3b3bae3f206aa418667ba000afafacc8a,0x29984d1f9055cafb02dcdd53c54b727902e44975,22282.23,,,,ATA,erc20,"{'value': '0x04b7ec0f50af903f0000', 'address': '0xa2120b9e674d3fc3875f415a7df52e382f141225', 'decimal': '0x12'}",{'blockTimestamp': '2022-11-03T01:17:59.000Z'}
469,0xf2653c,0xa48c99767c3fb49f38563ab8b5db2e2d6ba7fb91cb4165253bea7db43a68e442:log:138,0xa48c99767c3fb49f38563ab8b5db2e2d6ba7fb91cb4165253bea7db43a68e442,0x4b8a339be06ff31752a806995b72e76e93dd9106,0x28c6c06298d514db089934071355e5743bf21d60,19529.40907967,,,,ATA,erc20,"{'value': '0x0422b0fec6b74ab31c00', 'address': '0xa2120b9e674d3fc3875f415a7df52e382f141225', 'decimal': '0x12'}",{'blockTimestamp': '2022-11-02T23:30:47.000Z'}
470,0xf2648f,0x244df55bdeec869b700cdb77e529c7ecc49699d52756deaa706cea0d6480676a:log:64,0x244df55bdeec869b700cdb77e529c7ecc49699d52756deaa706cea0d6480676a,0xa9d1e08c7793af67e9d92fe308d5697fb81d3e43,0x4b8a339be06ff31752a806995b72e76e93dd9106,19529.40907967,,,,ATA,erc20,"{'value': '0x0422b0fec6b74ab31c00', 'address': '0xa2120b9e674d3fc3875f415a7df52e382f141225', 'decimal': '0x12'}",{'blockTimestamp': '2022-11-02T22:56:11.000Z'}
471,0xf250d8,0x3ad023d79410ca99aa13a82d7607bc8e8aea1493bef211f4de0aa612d239ed71:log:257,0x3ad023d79410ca99aa13a82d7607bc8e8aea1493bef211f4de0aa612d239ed71,0x4b8a339be06ff31752a806995b72e76e93dd9106,0x28c6c06298d514db089934071355e5743bf21d60,47018.48770642,,,,ATA,erc20,"{'value': '0x09f4e0986e5d532f0800', 'address': '0xa2120b9e674d3fc3875f415a7df52e382f141225', 'decimal': '0x12'}",{'blockTimestamp': '2022-11-02T06:00:11.000Z'}
472,0xf25056,0xb43f7f63467d5c4489a1773091113c2da97f45e305f77c0ad8ea93f7c529800d:log:205,0xb43f7f63467d5c4489a1773091113c2da97f45e305f77c0ad8ea93f7c529800d,0xa9d1e08c7793af67e9d92fe308d5697fb81d3e43,0x4b8a339be06ff31752a806995b72e76e93dd9106,47018.48770642,,,,ATA,erc20,"{'value': '0x09f4e0986e5d532f0800', 'address': '0xa2120b9e674d3fc3875f415a7df52e382f141225', 'decimal': '0x12'}",{'blockTimestamp': '2022-11-02T05:34:11.000Z'}
473,0xf2402a,0xf6b2da4a47cf139a3a9bf9d48dd2f40b61d5c3d7bec5500669d0e7cec7340958:log:56,0xf6b2da4a47cf139a3a9bf9d48dd2f40b61d5c3d7bec5500669d0e7cec7340958,0x28c6c06298d514db089934071355e5743bf21d60,0xf977814e90da44bfa03b6295a0616a897441acec,8973474.876176659,,,,ATA,erc20,"{'value': '0x076c350c3af727d111c800', 'address': '0xa2120b9e674d3fc3875f415a7df52e382f141225', 'decimal': '0x12'}",{'blockTimestamp': '2022-11-01T15:41:59.000Z'}
474,0xf2402a,0xdd55da29cebad552575b756a6f87637b1b0b401d4aa9af35721e91a53dbfecb9:log:55,0xdd55da29cebad552575b756a6f87637b1b0b401d4aa9af35721e91a53dbfecb9,0xdfd5293d8e347dfe59e90efd55b2956a1343963d,0xf977814e90da44bfa03b6295a0616a897441acec,509756.85491615,,,,ATA,erc20,"{'value': '0x6bf1f97752ab70ee9c00', 'address': '0xa2120b9e674d3fc3875f415a7df52e382f141225', 'decimal': '0x12'}",{'blockTimestamp': '2022-11-01T15:41:59.000Z'}
475,0xf24029,0x5424b78ab3afacdd7f4039f8d10f04523a7950848850af5bff199e7da38bf43e:log:67,0x5424b78ab3afacdd7f4039f8d10f04523a7950848850af5bff199e7da38bf43e,0x21a31ee1afc51d94c2efccaa2092ad1028285549,0xf977814e90da44bfa03b6295a0616a897441acec,1066524.50719899,,,,ATA,erc20,"{'value': '0xe1d868cd8076f4530c00', 'address': '0xa2120b9e674d3fc3875f415a7df52e382f141225', 'decimal': '0x12'}",{'blockTimestamp': '2022-11-01T15:41:47.000Z'}
476,0xf23f2f,0x68717e8c365c9b18a4a91a60343d7ee0b43846d1b7791a03e2446f97168c955e:log:336,0x68717e8c365c9b18a4a91a60343d7ee0b43846d1b7791a03e2446f97168c955e,0x20e74b82e9c2b24063c516397cd1fc2eeeb17cc0,0x3c02290922a3618a4646e3bbca65853ea45fe7c6,31695.24,,,,ATA,erc20,"{'value': '0x06b633d0b36bdff40000', 'address': '0xa2120b9e674d3fc3875f415a7df52e382f141225', 'decimal': '0x12'}",{'blockTimestamp': '2022-11-01T14:51:23.000Z'}
477,0xf23dff,0xed1d4aaf299da989f1d43c067f22736441d1da81e77a24c1039629bf06f603ce:log:130,0xed1d4aaf299da989f1d43c067f22736441d1da81e77a24c1039629bf06f603ce,0xdfd5293d8e347dfe59e90efd55b2956a1343963d,0x20e74b82e9c2b24063c516397cd1fc2eeeb17cc0,31695.24,,,,ATA,erc20,"{'value': '0x06b633d0b36bdff40000', 'address': '0xa2120b9e674d3fc3875f415a7df52e382f141225', 'decimal': '0x12'}",{'blockTimestamp': '2022-11-01T13:49:59.000Z'}
478,0xf2281f,0xe8aad9e4c913c9012685a103c2c10c5fc47f0bbeeadd632b4a63fc15e2c9a9c8:log:91,0xe8aad9e4c913c9012685a103c2c10c5fc47f0bbeeadd632b4a63fc15e2c9a9c8,0x21a31ee1afc51d94c2efccaa2092ad1028285549,0x59a3ab60e4897c2d9c03e6c3111338de10615643,205.77,,,,ATA,erc20,"{'value': '0x0b27a1e4c8a8210000', 'address': '0xa2120b9e674d3fc3875f415a7df52e382f141225', 'decimal': '0x12'}",{'blockTimestamp': '2022-10-31T18:58:59.000Z'}
479,0xf227d5,0x1ada11f993cca06fefc06e36562dc4aa415ef9af89dd98b9e0f5c7e5873e076c:log:34,0x1ada11f993cca06fefc06e36562dc4aa415ef9af89dd98b9e0f5c7e5873e076c,0x28c6c06298d514db089934071355e5743bf21d60,0x59a3ab60e4897c2d9c03e6c3111338de10615643,121.806,,,,ATA,erc20,"{'value': '0x069a65d7a4e73b0000', 'address': '0xa2120b9e674d3fc3875f415a7df52e382f141225', 'decimal': '0x12'}",{'blockTimestamp': '2022-10-31T18:43:59.000Z'}
480,0xf2275f,0x19386469a976c61738061a922afe214cfbeb8b9a8357f153d3359593052b253f:log:71,0x19386469a976c61738061a922afe214cfbeb8b9a8357f153d3359593052b253f,0xdfd5293d8e347dfe59e90efd55b2956a1343963d,0x59a3ab60e4897c2d9c03e6c3111338de10615643,24.0,,,,ATA,erc20,"{'value': '0x014d1120d7b1600000', 'address': '0xa2120b9e674d3fc3875f415a7df52e382f141225', 'decimal': '0x12'}",{'blockTimestamp': '2022-10-31T18:19:59.000Z'}
481,0xf21fd8,0x3c421547023319027cd585fa6c5d0f41eb138665c8306147ea4f16d48c44f58b:log:143,0x3c421547023319027cd585fa6c5d0f41eb138665c8306147ea4f16d48c44f58b,0xd0b13503e12e8ed3c031db73e1094ec5766c607b,0x57a8edeb2c1f3e84eed5ccfe71e839b71f6b72e3,106396.68249435,,,,ATA,erc20,"{'value': '0x1687c69546d3e9e60c00', 'address': '0xa2120b9e674d3fc3875f415a7df52e382f141225', 'decimal': '0x12'}",{'blockTimestamp': '2022-10-31T11:52:23.000Z'}
482,0xf2176b,0x5000eed4e7cfc8c8a50a891c91ea9afb236153b77accd50a65434e05803a3b67:log:295,0x5000eed4e7cfc8c8a50a891c91ea9afb236153b77accd50a65434e05803a3b67,0x053a00953095876496e89c06898f0e441b49266e,0xbe8ff5c9d74afd3f08886256f0b1e9ba18bf83b9,112500.0,,,,ATA,erc20,"{'value': '0x17d2a320dd7455500000', 'address': '0xa2120b9e674d3fc3875f415a7df52e382f141225', 'decimal': '0x12'}",{'blockTimestamp': '2022-10-31T04:40:23.000Z'}
483,0xf21761,0x7a00695af83827747d3e123ffd3aab2e1ca8063cad6fc3f5fbdeff8316fd6bc0:log:34,0x7a00695af83827747d3e123ffd3aab2e1ca8063cad6fc3f5fbdeff8316fd6bc0,0xa2120b9e674d3fc3875f415a7df52e382f141225,0xbe8ff5c9d74afd3f08886256f0b1e9ba18bf83b9,53569.28571428571,,,,ATA,erc20,"{'value': '0x0b57ff2e1ee72fa52493', 'address': '0xa2120b9e674d3fc3875f415a7df52e382f141225', 'decimal': '0x12'}",{'blockTimestamp': '2022-10-31T04:38:23.000Z'}
484,0xf2175c,0xc6e4f657868464d73f963d9ac15af9843f03b32fd7b700eb12aa81372e9e1b4b:log:82,0xc6e4f657868464d73f963d9ac15af9843f03b32fd7b700eb12aa81372e9e1b4b,0xa2120b9e674d3fc3875f415a7df52e382f141225,0x053a00953095876496e89c06898f0e441b49266e,223212.85714285713,,,,ATA,erc20,"{'value': '0x2f4464aadb06adf36db7', 'address': '0xa2120b9e674d3fc3875f415a7df52e382f141225', 'decimal': '0x12'}",{'blockTimestamp': '2022-10-31T04:37:23.000Z'}
485,0xf21688,0xb6e1efc4a595662712111acbc91ab701ff1a46de1c0009bba33a788e1d699fd2:log:186,0xb6e1efc4a595662712111acbc91ab701ff1a46de1c0009bba33a788e1d699fd2,0x3c02290922a3618a4646e3bbca65853ea45fe7c6,0xb7b30b620f92cab2914a70cad96f35a680250f22,362.09197443,,,,ATA,erc20,"{'value': '0x13a1091c4c6ff9ac00', 'address': '0xa2120b9e674d3fc3875f415a7df52e382f141225', 'decimal': '0x12'}",{'blockTimestamp': '2022-10-31T03:54:11.000Z'}
486,0xf20cd1,0x1dcf0cef7624447eeb4bf9a2ce38766d2df67d42af0709297f04ea7c2fb4513c:log:85,0x1dcf0cef7624447eeb4bf9a2ce38766d2df67d42af0709297f04ea7c2fb4513c,0xa9d1e08c7793af67e9d92fe308d5697fb81d3e43,0x57d1c06548be1628511f00502ddb6ae9e59a93c5,9.02629475,,,,ATA,erc20,"{'value': '0x7d43d74073b92c00', 'address': '0xa2120b9e674d3fc3875f415a7df52e382f141225', 'decimal': '0x12'}",{'blockTimestamp': '2022-10-30T19:33:11.000Z'}
487,0xf20262,0x12669d4cb37cf6c347db4fa48b28746a43123472f10060353eaa914998eff853:log:497,0x12669d4cb37cf6c347db4fa48b28746a43123472f10060353eaa914998eff853,0x0b51b5a50f7310d1dbfea306b8e403b50f7dc92e,0x738cf6903e6c4e699d1c2dd9ab8b67fcdb3121ea,224.49850185296296,,,,ATA,erc20,"{'value': '0x0c2b8ae5fdc13b3690', 'address': '0xa2120b9e674d3fc3875f415a7df52e382f141225', 'decimal': '0x12'}",{'blockTimestamp': '2022-10-30T10:36:47.000Z'}
488,0xf201e6,0x641a1cd6077cbb17f7954c51bfcb534643e0b84ec346da1433d343a453be9deb:log:27,0x641a1cd6077cbb17f7954c51bfcb534643e0b84ec346da1433d343a453be9deb,0x5654d65578cda52791879751141f2f3d7dc27fe4,0x0b51b5a50f7310d1dbfea306b8e403b50f7dc92e,224.49850185296296,,,,ATA,erc20,"{'value': '0x0c2b8ae5fdc13b3690', 'address': '0xa2120b9e674d3fc3875f415a7df52e382f141225', 'decimal': '0x12'}",{'blockTimestamp': '2022-10-30T10:11:59.000Z'}
489,0xf1e3bd,0x066e65be1310f9f1e5456b5d0b01fa6baba52bdc29ce5064ae9843be6189c521:log:405,0x066e65be1310f9f1e5456b5d0b01fa6baba52bdc29ce5064ae9843be6189c521,0xb3f737d9e9d45bfc6e0b5cdbf6f82eb5e7df7341,0x61f2c401f42bdd3d36fba9cf479b6c3536841ca4,20.0,,,,ATA,erc20,"{'value': '0x01158e460913d00000', 'address': '0xa2120b9e674d3fc3875f415a7df52e382f141225', 'decimal': '0x12'}",{'blockTimestamp': '2022-10-29T08:18:47.000Z'}
490,0xf1e3bb,0xab82b2a068c61c841d01cc6802b20ceaedbccd77cd4f3589af687fd84f994ceb:log:724,0xab82b2a068c61c841d01cc6802b20ceaedbccd77cd4f3589af687fd84f994ceb,0xb3f737d9e9d45bfc6e0b5cdbf6f82eb5e7df7341,0x61f2c401f42bdd3d36fba9cf479b6c3536841ca4,13.1,,,,ATA,erc20,"{'value': '0xb5cc8c97dd9e0000', 'address': '0xa2120b9e674d3fc3875f415a7df52e382f141225', 'decimal': '0x12'}",{'blockTimestamp': '2022-10-29T08:18:23.000Z'}
491,0xf1e393,0xc418634a6600b0a3ee4f4454a769867dfda9a7f51662870e2b0678d29b46f86d:log:199,0xc418634a6600b0a3ee4f4454a769867dfda9a7f51662870e2b0678d29b46f86d,0xb3f737d9e9d45bfc6e0b5cdbf6f82eb5e7df7341,0xb075d4215e927c649f7072411e80a18b38893d7c,11.123,,,,ATA,erc20,"{'value': '0x9a5cd5915cab8000', 'address': '0xa2120b9e674d3fc3875f415a7df52e382f141225', 'decimal': '0x12'}",{'blockTimestamp': '2022-10-29T08:10:23.000Z'}
492,0xf1e392,0xc04fd04ba92709f1c47b3b9af76db229aa9eed6fdb895560ec0ebd4b69e89150:log:159,0xc04fd04ba92709f1c47b3b9af76db229aa9eed6fdb895560ec0ebd4b69e89150,0xb3f737d9e9d45bfc6e0b5cdbf6f82eb5e7df7341,0xb075d4215e927c649f7072411e80a18b38893d7c,10.0,,,,ATA,erc20,"{'value': '0x8ac7230489e80000', 'address': '0xa2120b9e674d3fc3875f415a7df52e382f141225', 'decimal': '0x12'}",{'blockTimestamp': '2022-10-29T08:10:11.000Z'}
493,0xf1e361,0x2a69e91f5f6c382d1678801bdb4f0abe86aee1f170a90b659304a05a0b8af858:log:498,0x2a69e91f5f6c382d1678801bdb4f0abe86aee1f170a90b659304a05a0b8af858,0xb3f737d9e9d45bfc6e0b5cdbf6f82eb5e7df7341,0xb075d4215e927c649f7072411e80a18b38893d7c,1.23,,,,ATA,erc20,"{'value': '0x1111d67bb1bb0000', 'address': '0xa2120b9e674d3fc3875f415a7df52e382f141225', 'decimal': '0x12'}",{'blockTimestamp': '2022-10-29T08:00:23.000Z'}
494,0xf1de35,0x3fa5b93d198848958bc00274960532cb0f747a41f9e2ad86bfd19ac8db718022:log:92,0x3fa5b93d198848958bc00274960532cb0f747a41f9e2ad86bfd19ac8db718022,0xf2e44591588a6b87086481681d38b23c4f3087b3,0xfd399b711d5d752e032d6c8a55fe4eb04ffbcd47,540.8861542999999,,,,ATA,erc20,"{'value': '0x1d524da399229f5800', 'address': '0xa2120b9e674d3fc3875f415a7df52e382f141225', 'decimal': '0x12'}",{'blockTimestamp': '2022-10-29T03:33:59.000Z'}
495,0xf1de35,0x531ab8d4e5f3ffec0c3b79025257a5adfba5993603cf43d593613cab5381f314:log:91,0x531ab8d4e5f3ffec0c3b79025257a5adfba5993603cf43d593613cab5381f314,0x42f08c1357d4ad07f58664defb22172245e3ab88,0xfd399b711d5d752e032d6c8a55fe4eb04ffbcd47,600.8009623099999,,,,ATA,erc20,"{'value': '0x2091c9cc0a8066bc00', 'address': '0xa2120b9e674d3fc3875f415a7df52e382f141225', 'decimal': '0x12'}",{'blockTimestamp': '2022-10-29T03:33:59.000Z'}
496,0xf1de35,0x7f44d2bb598c719e6b17cc7adf820965ead003fcd5c01b8d414d36b168190996:log:90,0x7f44d2bb598c719e6b17cc7adf820965ead003fcd5c01b8d414d36b168190996,0x18ff770a7db6549a9aa87da22e37ef38efdd594d,0xfd399b711d5d752e032d6c8a55fe4eb04ffbcd47,697.6868,,,,ATA,erc20,"{'value': '0x25d2597018cf010000', 'address': '0xa2120b9e674d3fc3875f415a7df52e382f141225', 'decimal': '0x12'}",{'blockTimestamp': '2022-10-29T03:33:59.000Z'}
497,0xf1de35,0xa9c19adf45d1373bc8d437a5695f816df5e08371e3a4b82041e2ab7c662f0add:log:89,0xa9c19adf45d1373bc8d437a5695f816df5e08371e3a4b82041e2ab7c662f0add,0x7845e64632a3575661611f63bffb89a326da87b9,0xfd399b711d5d752e032d6c8a55fe4eb04ffbcd47,649.3132,,,,ATA,erc20,"{'value': '0x233307e330f42b0000', 'address': '0xa2120b9e674d3fc3875f415a7df52e382f141225', 'decimal': '0x12'}",{'blockTimestamp': '2022-10-29T03:33:59.000Z'}
498,0xf1de35,0x1d69928f9a6fa7b8bcca01f474007adf6be3fe923925172d01e5940ea57fde21:log:88,0x1d69928f9a6fa7b8bcca01f474007adf6be3fe923925172d01e5940ea57fde21,0xa44a641412d151c088a52c7fa2590c69707887c8,0xfd399b711d5d752e032d6c8a55fe4eb04ffbcd47,615.6,,,,ATA,erc20,"{'value': '0x215f2a8a6952780000', 'address': '0xa2120b9e674d3fc3875f415a7df52e382f141225', 'decimal': '0x12'}",{'blockTimestamp': '2022-10-29T03:33:59.000Z'}
499,0xf1de35,0xd45bf8fa04c7469fd455c2bb955de3ccb0e7b1aaf9ea1931c93ff389b920fb81:log:87,0xd45bf8fa04c7469fd455c2bb955de3ccb0e7b1aaf9ea1931c93ff389b920fb81,0x13183b5d7eda6334791db1f02b12d1a81007193b,0xfd399b711d5d752e032d6c8a55fe4eb04ffbcd47,615.6,,,,ATA,erc20,"{'value': '0x215f2a8a6952780000', 'address': '0xa2120b9e674d3fc3875f415a7df52e382f141225', 'decimal': '0x12'}",{'blockTimestamp': '2022-10-29T03:33:59.000Z'}
500,0xf1db7f,0xdc829595816f61bb3ad6a0a8443ae12fca2123efef5c8bfa7ab2ffcb9ef6cd93:log:248,0xdc829595816f61bb3ad6a0a8443ae12fca2123efef5c8bfa7ab2ffcb9ef6cd93,0x47ee35ea8b0dc8e846f4ac72ffd269e8a8ee9e21,0xb3f737d9e9d45bfc6e0b5cdbf6f82eb5e7df7341,300.0,,,,ATA,erc20,"{'value': '0x1043561a8829300000', 'address': '0xa2120b9e674d3fc3875f415a7df52e382f141225', 'decimal': '0x12'}",{'blockTimestamp': '2022-10-29T01:13:35.000Z'}
501,0xf1db7e,0xed6c80e290cf143004d8aa87c3133c88dc42d82d40b31310361b984afdc173c4:log:360,0xed6c80e290cf143004d8aa87c3133c88dc42d82d40b31310361b984afdc173c4,0x8f8097a2af8ecb317f05ff284069afaa87763952,0x5654d65578cda52791879751141f2f3d7dc27fe4,715.0,,,,ATA,erc20,"{'value': '0x26c29e47c4844c0000', 'address': '0xa2120b9e674d3fc3875f415a7df52e382f141225', 'decimal': '0x12'}",{'blockTimestamp': '2022-10-29T01:13:23.000Z'}
502,0xf1db7e,0xe393e9ae4c01f125d8c75fb062479c9cd3331f64ba8d9e221b3fad31fda2cc02:log:347,0xe393e9ae4c01f125d8c75fb062479c9cd3331f64ba8d9e221b3fad31fda2cc02,0x0d0707963952f2fba59dd06f2b425ace40b492fe,0x8f8097a2af8ecb317f05ff284069afaa87763952,715.0,,,,ATA,erc20,"{'value': '0x26c29e47c4844c0000', 'address': '0xa2120b9e674d3fc3875f415a7df52e382f141225', 'decimal': '0x12'}",{'blockTimestamp': '2022-10-29T01:13:23.000Z'}
503,0xf1db76,0xc67918f3c37601b7b8eeeced2199ffce4c5b983633edcb07b770050fa2df000d:log:64,0xc67918f3c37601b7b8eeeced2199ffce4c5b983633edcb07b770050fa2df000d,0x74de5d4fcbf63e00296fd95d33236b9794016631,0x47ee35ea8b0dc8e846f4ac72ffd269e8a8ee9e21,517.6254711325876,,,,ATA,erc20,"{'value': '0x1c0f7f177f7017af54', 'address': '0xa2120b9e674d3fc3875f415a7df52e382f141225', 'decimal': '0x12'}",{'blockTimestamp': '2022-10-29T01:11:47.000Z'}
504,0xf1db76,0xc67918f3c37601b7b8eeeced2199ffce4c5b983633edcb07b770050fa2df000d:log:60,0xc67918f3c37601b7b8eeeced2199ffce4c5b983633edcb07b770050fa2df000d,0x5654d65578cda52791879751141f2f3d7dc27fe4,0x74de5d4fcbf63e00296fd95d33236b9794016631,517.6254711325876,,,,ATA,erc20,"{'value': '0x1c0f7f177f7017af54', 'address': '0xa2120b9e674d3fc3875f415a7df52e382f141225', 'decimal': '0x12'}",{'blockTimestamp': '2022-10-29T01:11:47.000Z'}
505,0xf1cd7f,0x958ae80e04841c14cff6dee1eda4d72c5ea4a7936ac554d3ab7eee7702757996:log:31,0x958ae80e04841c14cff6dee1eda4d72c5ea4a7936ac554d3ab7eee7702757996,0x4a840271abda1f9b359a299bd2a186abeaf99335,0x6b732e3d782459395bc1aa6c9c35a8036b8e61c2,121.421,,,,ATA,erc20,"{'value': '0x06950e0c2f18b48000', 'address': '0xa2120b9e674d3fc3875f415a7df52e382f141225', 'decimal': '0x12'}",{'blockTimestamp': '2022-10-28T13:13:23.000Z'}
506,0xf1cd3d,0x62bb42758a07dd5eac7c54922b4f749d7e9bd756c01dd699876575009ba3076a:log:412,0x62bb42758a07dd5eac7c54922b4f749d7e9bd756c01dd699876575009ba3076a,0xaceb9b98626b7f5ce85b4ae028c6ea5863635935,0x28c6c06298d514db089934071355e5743bf21d60,10044.000000000002,,,,ATA,erc20,"{'value': '0x02207c80309b77700000', 'address': '0xa2120b9e674d3fc3875f415a7df52e382f141225', 'decimal': '0x12'}",{'blockTimestamp': '2022-10-28T13:00:11.000Z'}
507,0xf1cd02,0xb3d280549f4d97b96e9a762a388086acabd55f25bbfa55fe7907215bd3806683:log:143,0xb3d280549f4d97b96e9a762a388086acabd55f25bbfa55fe7907215bd3806683,0x3c02290922a3618a4646e3bbca65853ea45fe7c6,0xaceb9b98626b7f5ce85b4ae028c6ea5863635935,10044.000000000002,,,,ATA,erc20,"{'value': '0x02207c80309b77700000', 'address': '0xa2120b9e674d3fc3875f415a7df52e382f141225', 'decimal': '0x12'}",{'blockTimestamp': '2022-10-28T12:48:23.000Z'}
508,0xf1c9bc,0xd0d56213f064b1a56bc88e9d81eccdfcfc51021e631b21d52808b292717b21eb:log:202,0xd0d56213f064b1a56bc88e9d81eccdfcfc51021e631b21d52808b292717b21eb,0xc3c8e0a39769e2308869f7461364ca48155d1d9e,0x28c6c06298d514db089934071355e5743bf21d60,875000.0,,,,ATA,erc20,"{'value': '0xb949d854f34fece00000', 'address': '0xa2120b9e674d3fc3875f415a7df52e382f141225', 'decimal': '0x12'}",{'blockTimestamp': '2022-10-28T10:00:23.000Z'}
509,0xf1c933,0xde13efc43a36bb4bf63ce845ab68a77305827b17f0d4280d15ff58c878bd9b78:log:88,0xde13efc43a36bb4bf63ce845ab68a77305827b17f0d4280d15ff58c878bd9b78,0x1157a2076b9bb22a85cc2c162f20fab3898f4101,0xc3c8e0a39769e2308869f7461364ca48155d1d9e,874990.0,,,,ATA,erc20,"{'value': '0xb9494d8dd04b62f80000', 'address': '0xa2120b9e674d3fc3875f415a7df52e382f141225', 'decimal': '0x12'}",{'blockTimestamp': '2022-10-28T09:32:47.000Z'}
510,0xf1c917,0x6b73e28c9226a5aff2095431a2fee48e6f84f1fbd1a82a7f4745ea0d55efbd4e:log:28,0x6b73e28c9226a5aff2095431a2fee48e6f84f1fbd1a82a7f4745ea0d55efbd4e,0x1157a2076b9bb22a85cc2c162f20fab3898f4101,0xc3c8e0a39769e2308869f7461364ca48155d1d9e,10.0,,,,ATA,erc20,"{'value': '0x8ac7230489e80000', 'address': '0xa2120b9e674d3fc3875f415a7df52e382f141225', 'decimal': '0x12'}",{'blockTimestamp': '2022-10-28T09:27:11.000Z'}
511,0xf1bf4c,0xa3d5301c0cb83681a7c36e6b6debdec51e5ff17bb2fee5151dc70f5a0e5b5623:log:308,0xa3d5301c0cb83681a7c36e6b6debdec51e5ff17bb2fee5151dc70f5a0e5b5623,0xaceb9b98626b7f5ce85b4ae028c6ea5863635935,0x28c6c06298d514db089934071355e5743bf21d60,2494.0,,,,ATA,erc20,"{'value': '0x873333ea38c0380000', 'address': '0xa2120b9e674d3fc3875f415a7df52e382f141225', 'decimal': '0x12'}",{'blockTimestamp': '2022-10-28T01:00:11.000Z'}
512,0xf1bf3d,0xf1b8e403cd2ede5fe04800c49c918730acb9147a18ca0feebbfce9bb8ea195d7:log:45,0xf1b8e403cd2ede5fe04800c49c918730acb9147a18ca0feebbfce9bb8ea195d7,0x21a31ee1afc51d94c2efccaa2092ad1028285549,0x979715bfd3e217122d9ab7dbff5dfc230bf378be,12383.03342949,,,,ATA,erc20,"{'value': '0x029f491c3fff8a94f400', 'address': '0xa2120b9e674d3fc3875f415a7df52e382f141225', 'decimal': '0x12'}",{'blockTimestamp': '2022-10-28T00:57:11.000Z'}
513,0xf1bea3,0xd56bafa2cdb195ea6d3343dee9eb7d6dad1633da87a78a58ac29e78f287bfd09:log:358,0xd56bafa2cdb195ea6d3343dee9eb7d6dad1633da87a78a58ac29e78f287bfd09,0x3c02290922a3618a4646e3bbca65853ea45fe7c6,0xaceb9b98626b7f5ce85b4ae028c6ea5863635935,2494.0,,,,ATA,erc20,"{'value': '0x873333ea38c0380000', 'address': '0xa2120b9e674d3fc3875f415a7df52e382f141225', 'decimal': '0x12'}",{'blockTimestamp': '2022-10-28T00:26:23.000Z'}
514,0xf1bd3b,0x9a3e5991befa7106f923798c8551b97ac6ad8a152b3467b0e7b504d9c06c080c:log:256,0x9a3e5991befa7106f923798c8551b97ac6ad8a152b3467b0e7b504d9c06c080c,0x57032feaff07566f128b9c4d19e273aeedd1e1ab,0x1157a2076b9bb22a85cc2c162f20fab3898f4101,875000.0,,,,ATA,erc20,"{'value': '0xb949d854f34fece00000', 'address': '0xa2120b9e674d3fc3875f415a7df52e382f141225', 'decimal': '0x12'}",{'blockTimestamp': '2022-10-27T23:13:59.000Z'}
515,0xf1bd2d,0x3c1e61b27a98aac63a909fd6fc3b3154722b888fe1b45d98817d027c4733e166:log:195,0x3c1e61b27a98aac63a909fd6fc3b3154722b888fe1b45d98817d027c4733e166,0x9437806725631c0b209b6c0b5fd4198a77a57073,0x57032feaff07566f128b9c4d19e273aeedd1e1ab,874950.0,,,,ATA,erc20,"{'value': '0xb947227144393b580000', 'address': '0xa2120b9e674d3fc3875f415a7df52e382f141225', 'decimal': '0x12'}",{'blockTimestamp': '2022-10-27T23:11:11.000Z'}
516,0xf1bcff,0xb86e5f34281ae425b758ae6769f311b9fc1175c3f9c27c6b913b24b8b89219bd:log:301,0xb86e5f34281ae425b758ae6769f311b9fc1175c3f9c27c6b913b24b8b89219bd,0x9437806725631c0b209b6c0b5fd4198a77a57073,0x57032feaff07566f128b9c4d19e273aeedd1e1ab,50.0,,,,ATA,erc20,"{'value': '0x02b5e3af16b1880000', 'address': '0xa2120b9e674d3fc3875f415a7df52e382f141225', 'decimal': '0x12'}",{'blockTimestamp': '2022-10-27T23:01:59.000Z'}
517,0xf1bc93,0x9cf5470875aeaef7229539fc83fcd40f7e550c75f1dd075cfc86926752e741ea:log:118,0x9cf5470875aeaef7229539fc83fcd40f7e550c75f1dd075cfc86926752e741ea,0x28c6c06298d514db089934071355e5743bf21d60,0xa393cce853a59a891d5af2d672cb8fb11ef094c5,804.82960256,,,,ATA,erc20,"{'value': '0x2ba141235bbb9e0000', 'address': '0xa2120b9e674d3fc3875f415a7df52e382f141225', 'decimal': '0x12'}",{'blockTimestamp': '2022-10-27T22:40:11.000Z'}
518,0xf1ba2f,0x8d599ae57e9151836c792b8815001d7272669a10336c473219c94e08b9741245:log:142,0x8d599ae57e9151836c792b8815001d7272669a10336c473219c94e08b9741245,0xa2120b9e674d3fc3875f415a7df52e382f141225,0x9437806725631c0b209b6c0b5fd4198a77a57073,875000.0,,,,ATA,erc20,"{'value': '0xb949d854f34fece00000', 'address': '0xa2120b9e674d3fc3875f415a7df52e382f141225', 'decimal': '0x12'}",{'blockTimestamp': '2022-10-27T20:37:11.000Z'}
519,0xf1ac16,0x79a0f55a865ba2edc459906aa3f916947aa9b50a0bb56c018725f960fc0167e3:log:424,0x79a0f55a865ba2edc459906aa3f916947aa9b50a0bb56c018725f960fc0167e3,0x649ae85d11017ac43f0cbab561982e0c9ceeda1f,0x28c6c06298d514db089934071355e5743bf21d60,12729.092481650392,,,,ATA,erc20,"{'value': '0x02b20ba4fa704b1662a4', 'address': '0xa2120b9e674d3fc3875f415a7df52e382f141225', 'decimal': '0x12'}",{'blockTimestamp': '2022-10-27T08:30:23.000Z'}
520,0xf1ab79,0x629ccfce20d1e2680322d0f778ab15193fd5a54e466f0379f65fd4025dac22ea:log:126,0x629ccfce20d1e2680322d0f778ab15193fd5a54e466f0379f65fd4025dac22ea,0x1bad1270426b8059a783704308cec80753de0b38,0x649ae85d11017ac43f0cbab561982e0c9ceeda1f,12729.092481650392,,,,ATA,erc20,"{'value': '0x02b20ba4fa704b1662a4', 'address': '0xa2120b9e674d3fc3875f415a7df52e382f141225', 'decimal': '0x12'}",{'blockTimestamp': '2022-10-27T07:58:59.000Z'}
521,0xf1ab6c,0xda4147a64297395c2fd677eeebfea69beff09b4e51252eb4f301257e09ef89f9:log:0,0xda4147a64297395c2fd677eeebfea69beff09b4e51252eb4f301257e09ef89f9,0x40ec5b33f54e0e8a33a975908c5ba1c14e5bbbdf,0x1bad1270426b8059a783704308cec80753de0b38,12729.092481650392,,,,ATA,erc20,"{'value': '0x02b20ba4fa704b1662a4', 'address': '0xa2120b9e674d3fc3875f415a7df52e382f141225', 'decimal': '0x12'}",{'blockTimestamp': '2022-10-27T07:56:23.000Z'}
522,0xf18697,0xa558468bf48983431d20c1f7ee1e4af32784f3a83f3ab1a4f4755d15e80741d8:log:250,0xa558468bf48983431d20c1f7ee1e4af32784f3a83f3ab1a4f4755d15e80741d8,0x9f0943f9ff0c69ed10d7b62b8270c8fcfc55a261,0xb91af65f70be1c8ddc5426b86512f8cd790872a3,779.0,,,,ATA,erc20,"{'value': '0x2a3acbf4ae5d4c0000', 'address': '0xa2120b9e674d3fc3875f415a7df52e382f141225', 'decimal': '0x12'}",{'blockTimestamp': '2022-10-26T00:22:23.000Z'}
523,0xf183fc,0x4fffb12c92afbeeaa63ae5119ee95b888ccead4b2c3c69c2030a517033abef73:log:101,0x4fffb12c92afbeeaa63ae5119ee95b888ccead4b2c3c69c2030a517033abef73,0xdfd5293d8e347dfe59e90efd55b2956a1343963d,0x7c117ad56c03ffb5c0a0dce1f0bf89fbcc3fabd3,93.776,,,,ATA,erc20,"{'value': '0x051567472749080000', 'address': '0xa2120b9e674d3fc3875f415a7df52e382f141225', 'decimal': '0x12'}",{'blockTimestamp': '2022-10-25T22:07:35.000Z'}
524,0xf17780,0xa2f0a1e7584d1ae50e9a0827014921ccac11bddb7dc2b4a01dc5b8487a6b4e29:log:173,0xa2f0a1e7584d1ae50e9a0827014921ccac11bddb7dc2b4a01dc5b8487a6b4e29,0x9407c4118538e8409c8bbbfddd38d716b96c48f2,0x5e1e77a9d11b9b2df44f616a931ab34d496933f8,191.46350249,,,,ATA,erc20,"{'value': '0x0a61170118f8918400', 'address': '0xa2120b9e674d3fc3875f415a7df52e382f141225', 'decimal': '0x12'}",{'blockTimestamp': '2022-10-25T11:21:47.000Z'}
525,0xf176ab,0x6390b6db971269f1b78511da21054d70ec4efda9b7d5971a16162c467bfe5b19:log:282,0x6390b6db971269f1b78511da21054d70ec4efda9b7d5971a16162c467bfe5b19,0x7f7915b3257d5ae0ca318a039aacfa540b039dc6,0x4fa28621150ddb1834ca4e61bafb9cf04f7c83ca,1.0,,,,ATA,erc20,"{'value': '0x0de0b6b3a7640000', 'address': '0xa2120b9e674d3fc3875f415a7df52e382f141225', 'decimal': '0x12'}",{'blockTimestamp': '2022-10-25T10:39:11.000Z'}
526,0xf176a4,0x1c32d8d2c1e4d3aee1d98ba5a70905ecb93413f335db594b3498e821ee7c60ea:log:224,0x1c32d8d2c1e4d3aee1d98ba5a70905ecb93413f335db594b3498e821ee7c60ea,0x4fa28621150ddb1834ca4e61bafb9cf04f7c83ca,0x7f7915b3257d5ae0ca318a039aacfa540b039dc6,1.0,,,,ATA,erc20,"{'value': '0x0de0b6b3a7640000', 'address': '0xa2120b9e674d3fc3875f415a7df52e382f141225', 'decimal': '0x12'}",{'blockTimestamp': '2022-10-25T10:37:47.000Z'}
527,0xf166e9,0xbd076c03c7b9cac8034a0e720d5f2193e35b53c1bcd7bd7460752490ffc0c554:log:418,0xbd076c03c7b9cac8034a0e720d5f2193e35b53c1bcd7bd7460752490ffc0c554,0xe1b3f8b7710b2251bcb4ac92b31a9f6a3a17e0e8,0xe30d6736b740c9ea51c5b21c2ac0646785fbf5ad,1500.0,,,,ATA,erc20,"{'value': '0x5150ae84a8cdf00000', 'address': '0xa2120b9e674d3fc3875f415a7df52e382f141225', 'decimal': '0x12'}",{'blockTimestamp': '2022-10-24T21:07:47.000Z'}
528,0xf156f3,0x8e1ea4fd90f9ac7713f9cf47c933ae7eb928458d5bbe8042d0e07cb1b25aebcc:log:187,0x8e1ea4fd90f9ac7713f9cf47c933ae7eb928458d5bbe8042d0e07cb1b25aebcc,0x64394be7cc1bed6961aa99329de9197514833f8a,0x4fa28621150ddb1834ca4e61bafb9cf04f7c83ca,20.12345678,,,,ATA,erc20,"{'value': '0x011744e152a0d37800', 'address': '0xa2120b9e674d3fc3875f415a7df52e382f141225', 'decimal': '0x12'}",{'blockTimestamp': '2022-10-24T07:20:47.000Z'}
529,0xf1566f,0x7116829ec0d5c8260807315d526b2eb26eefd9afa6027e5444b34b1f652e56f3:log:34,0x7116829ec0d5c8260807315d526b2eb26eefd9afa6027e5444b34b1f652e56f3,0x4fa28621150ddb1834ca4e61bafb9cf04f7c83ca,0x64394be7cc1bed6961aa99329de9197514833f8a,20.12345678,,,,ATA,erc20,"{'value': '0x011744e152a0d37800', 'address': '0xa2120b9e674d3fc3875f415a7df52e382f141225', 'decimal': '0x12'}",{'blockTimestamp': '2022-10-24T06:54:23.000Z'}
530,0xf15477,0x92928a48879f7de741230cf5c4bb2f86428f3cfcac3f09b1051e1c152e25f421:log:12,0x92928a48879f7de741230cf5c4bb2f86428f3cfcac3f09b1051e1c152e25f421,0xa5af71cbdf246b1ee681d81da730c1a7c3b52d87,0x28c6c06298d514db089934071355e5743bf21d60,9306.0,,,,ATA,erc20,"{'value': '0x01f87ab17eb2e9280000', 'address': '0xa2120b9e674d3fc3875f415a7df52e382f141225', 'decimal': '0x12'}",{'blockTimestamp': '2022-10-24T05:12:35.000Z'}
531,0xf1526d,0x741c8280ecd61eb78de95dd5b2a3d05bb672e1f223f179d76ef5b9f3b91edb90:log:75,0x741c8280ecd61eb78de95dd5b2a3d05bb672e1f223f179d76ef5b9f3b91edb90,0x21a31ee1afc51d94c2efccaa2092ad1028285549,0x3476d20a4775ed290a2fee9a2d08d1cff012b43f,2740.246,,,,ATA,erc20,"{'value': '0x948c8d728df10f0000', 'address': '0xa2120b9e674d3fc3875f415a7df52e382f141225', 'decimal': '0x12'}",{'blockTimestamp': '2022-10-24T03:27:35.000Z'}
532,0xf13f86,0x704d150544f9c1ff422a4518b33800aaa5260a0e89cd87643f458d7fab680725:log:168,0x704d150544f9c1ff422a4518b33800aaa5260a0e89cd87643f458d7fab680725,0xe66b31678d6c16e9ebf358268a790b763c133750,0x5654d65578cda52791879751141f2f3d7dc27fe4,313.9615719369961,,,,ATA,erc20,"{'value': '0x110517923cabe77dd2', 'address': '0xa2120b9e674d3fc3875f415a7df52e382f141225', 'decimal': '0x12'}",{'blockTimestamp': '2022-10-23T11:12:59.000Z'}
533,0xf13f86,0x704d150544f9c1ff422a4518b33800aaa5260a0e89cd87643f458d7fab680725:log:165,0x704d150544f9c1ff422a4518b33800aaa5260a0e89cd87643f458d7fab680725,0x637135af052ceb06c94521e2016a827baedf7135,0xe66b31678d6c16e9ebf358268a790b763c133750,313.9615719369961,,,,ATA,erc20,"{'value': '0x110517923cabe77dd2', 'address': '0xa2120b9e674d3fc3875f415a7df52e382f141225', 'decimal': '0x12'}",{'blockTimestamp': '2022-10-23T11:12:59.000Z'}
534,0xf13f86,0x704d150544f9c1ff422a4518b33800aaa5260a0e89cd87643f458d7fab680725:log:163,0x704d150544f9c1ff422a4518b33800aaa5260a0e89cd87643f458d7fab680725,0x637135af052ceb06c94521e2016a827baedf7135,0x382ffce2287252f930e1c8dc9328dac5bf282ba1,3.1713290094646074,,,,ATA,erc20,"{'value': '0x2c02d2ee83078290', 'address': '0xa2120b9e674d3fc3875f415a7df52e382f141225', 'decimal': '0x12'}",{'blockTimestamp': '2022-10-23T11:12:59.000Z'}
535,0xf13ca2,0xb421d71b455c0cbb566a350b56fe409cb270cacfeac8b7cc8d1827067cedea88:log:119,0xb421d71b455c0cbb566a350b56fe409cb270cacfeac8b7cc8d1827067cedea88,0xe66b31678d6c16e9ebf358268a790b763c133750,0x637135af052ceb06c94521e2016a827baedf7135,317.1329009464607,,,,ATA,erc20,"{'value': '0x11311a652b2eef0062', 'address': '0xa2120b9e674d3fc3875f415a7df52e382f141225', 'decimal': '0x12'}",{'blockTimestamp': '2022-10-23T08:44:23.000Z'}
536,0xf13ca2,0xb421d71b455c0cbb566a350b56fe409cb270cacfeac8b7cc8d1827067cedea88:log:116,0xb421d71b455c0cbb566a350b56fe409cb270cacfeac8b7cc8d1827067cedea88,0x5654d65578cda52791879751141f2f3d7dc27fe4,0xe66b31678d6c16e9ebf358268a790b763c133750,317.1329009464607,,,,ATA,erc20,"{'value': '0x11311a652b2eef0062', 'address': '0xa2120b9e674d3fc3875f415a7df52e382f141225', 'decimal': '0x12'}",{'blockTimestamp': '2022-10-23T08:44:23.000Z'}
537,0xf1119f,0xf2c10b46c25e5884ae0e71480f79b6635ac3cf2c5ca942e659af4c6f4a6dfa22:log:58,0xf2c10b46c25e5884ae0e71480f79b6635ac3cf2c5ca942e659af4c6f4a6dfa22,0x6767526a362ec6c6b1df185478e4f01506b73ff3,0x28c6c06298d514db089934071355e5743bf21d60,40388.0,,,,ATA,erc20,"{'value': '0x088d70180f347c900000', 'address': '0xa2120b9e674d3fc3875f415a7df52e382f141225', 'decimal': '0x12'}",{'blockTimestamp': '2022-10-21T19:51:59.000Z'}
538,0xf10e5d,0xf0de76f6fc5c205dae83912a501f467bcbd55f14fb1e1857eb507a746fe63f4b:log:115,0xf0de76f6fc5c205dae83912a501f467bcbd55f14fb1e1857eb507a746fe63f4b,0x74de5d4fcbf63e00296fd95d33236b9794016631,0x5654d65578cda52791879751141f2f3d7dc27fe4,433.64935467681124,,,,ATA,erc20,"{'value': '0x178217fe817cb71ef3', 'address': '0xa2120b9e674d3fc3875f415a7df52e382f141225', 'decimal': '0x12'}",{'blockTimestamp': '2022-10-21T17:04:35.000Z'}
539,0xf10e5d,0xf0de76f6fc5c205dae83912a501f467bcbd55f14fb1e1857eb507a746fe63f4b:log:113,0xf0de76f6fc5c205dae83912a501f467bcbd55f14fb1e1857eb507a746fe63f4b,0x3cae99d06134926a6f719b88c4ab87182f03d862,0x74de5d4fcbf63e00296fd95d33236b9794016631,433.64935467681124,,,,ATA,erc20,"{'value': '0x178217fe817cb71ef3', 'address': '0xa2120b9e674d3fc3875f415a7df52e382f141225', 'decimal': '0x12'}",{'blockTimestamp': '2022-10-21T17:04:35.000Z'}
540,0xf10b0a,0x7a21a5d47c34c869ffb40350d8dc6a3d555a703ba49d3105ebacbc6ac8cd8d77:log:152,0x7a21a5d47c34c869ffb40350d8dc6a3d555a703ba49d3105ebacbc6ac8cd8d77,0x48c04ed5691981c42154c6167398f95e8f38a7ff,0x1f23a15112aacaa6cbcb49b78f60c76b6e8bd56c,20.76939354,,,,ATA,erc20,"{'value': '0x01203bb56237fe2800', 'address': '0xa2120b9e674d3fc3875f415a7df52e382f141225', 'decimal': '0x12'}",{'blockTimestamp': '2022-10-21T14:13:23.000Z'}
541,0xf109b5,0xe2650736fa00ffe00acf553a5cdf4e1a45201c5409bcf19c0d34a735e709de6c:log:544,0xe2650736fa00ffe00acf553a5cdf4e1a45201c5409bcf19c0d34a735e709de6c,0x3c02290922a3618a4646e3bbca65853ea45fe7c6,0xa5af71cbdf246b1ee681d81da730c1a7c3b52d87,9306.0,,,,ATA,erc20,"{'value': '0x01f87ab17eb2e9280000', 'address': '0xa2120b9e674d3fc3875f415a7df52e382f141225', 'decimal': '0x12'}",{'blockTimestamp': '2022-10-21T13:04:11.000Z'}
542,0xf109ac,0x44d42bd433716f9f6a5bd7acb9e003d73b149a44f5314a7167c127b4daa17251:log:642,0x44d42bd433716f9f6a5bd7acb9e003d73b149a44f5314a7167c127b4daa17251,0x3c02290922a3618a4646e3bbca65853ea45fe7c6,0x6767526a362ec6c6b1df185478e4f01506b73ff3,40388.0,,,,ATA,erc20,"{'value': '0x088d70180f347c900000', 'address': '0xa2120b9e674d3fc3875f415a7df52e382f141225', 'decimal': '0x12'}",{'blockTimestamp': '2022-10-21T13:02:23.000Z'}
543,0xf10967,0xe69b2d38170af0e1a471cfd8b97d8da2f4bc4eefdd2a4fe4134152cf796954e7:log:319,0xe69b2d38170af0e1a471cfd8b97d8da2f4bc4eefdd2a4fe4134152cf796954e7,0x28c6c06298d514db089934071355e5743bf21d60,0xc677926a229395a0ebc33845895fbb63b7d0abe0,177.802,,,,ATA,erc20,"{'value': '0x09a37f98f6f2010000', 'address': '0xa2120b9e674d3fc3875f415a7df52e382f141225', 'decimal': '0x12'}",{'blockTimestamp': '2022-10-21T12:48:23.000Z'}
544,0xf10405,0x7a530e838a403ceb5c0733c3b3d07929a84511c6b42f2d19e3d9c0ff82e19121:log:74,0x7a530e838a403ceb5c0733c3b3d07929a84511c6b42f2d19e3d9c0ff82e19121,0xe653e7d07b0fedfac957f917a75e1417e004feaf,0xf2e44591588a6b87086481681d38b23c4f3087b3,200.66,,,,ATA,erc20,"{'value': '0x0ae0b786db95e20000', 'address': '0xa2120b9e674d3fc3875f415a7df52e382f141225', 'decimal': '0x12'}",{'blockTimestamp': '2022-10-21T08:12:11.000Z'}
545,0xf103ff,0x1e4e923a1d3a733a0f021246a041134f4852fe47586ccb670bc782fd251a6def:log:135,0x1e4e923a1d3a733a0f021246a041134f4852fe47586ccb670bc782fd251a6def,0xe653e7d07b0fedfac957f917a75e1417e004feaf,0xf2e44591588a6b87086481681d38b23c4f3087b3,153.435,,,,ATA,erc20,"{'value': '0x0851569f91080f8000', 'address': '0xa2120b9e674d3fc3875f415a7df52e382f141225', 'decimal': '0x12'}",{'blockTimestamp': '2022-10-21T08:10:59.000Z'}
546,0xf103fd,0x102de3a06050406e604078f3d4f9d7f3ef21aa1a955c4aca1d3ffb438841b327:log:115,0x102de3a06050406e604078f3d4f9d7f3ef21aa1a955c4aca1d3ffb438841b327,0xe653e7d07b0fedfac957f917a75e1417e004feaf,0xf2e44591588a6b87086481681d38b23c4f3087b3,113.4089,,,,ATA,erc20,"{'value': '0x0625dd59af13cc4000', 'address': '0xa2120b9e674d3fc3875f415a7df52e382f141225', 'decimal': '0x12'}",{'blockTimestamp': '2022-10-21T08:10:35.000Z'}
547,0xf103fb,0x3df45ec5508b4f64386e53277749fa261b4702173062a27f45e229083157c683:log:132,0x3df45ec5508b4f64386e53277749fa261b4702173062a27f45e229083157c683,0xe653e7d07b0fedfac957f917a75e1417e004feaf,0xf2e44591588a6b87086481681d38b23c4f3087b3,46.697798,,,,ATA,erc20,"{'value': '0x02880fe7dd8ef26000', 'address': '0xa2120b9e674d3fc3875f415a7df52e382f141225', 'decimal': '0x12'}",{'blockTimestamp': '2022-10-21T08:10:11.000Z'}
548,0xf103f9,0xcc3251d70d106220d53b1d5cb28ed4ada3214f162e2f3d50c60321d57fea06e4:log:39,0xcc3251d70d106220d53b1d5cb28ed4ada3214f162e2f3d50c60321d57fea06e4,0xe653e7d07b0fedfac957f917a75e1417e004feaf,0xf2e44591588a6b87086481681d38b23c4f3087b3,26.6844563,,,,ATA,erc20,"{'value': '0x0172523b9fe1ef3800', 'address': '0xa2120b9e674d3fc3875f415a7df52e382f141225', 'decimal': '0x12'}",{'blockTimestamp': '2022-10-21T08:09:47.000Z'}
549,0xf0fd95,0xb6a382d38c00ba2c0c896c6a48acdb6d76fad8b11080832af46a97c9b3fc03f1:log:217,0xb6a382d38c00ba2c0c896c6a48acdb6d76fad8b11080832af46a97c9b3fc03f1,0xc3969010df137456b9e757382919322328099e92,0x18ff770a7db6549a9aa87da22e37ef38efdd594d,629.9736,,,,ATA,erc20,"{'value': '0x2226a3d374f2060000', 'address': '0xa2120b9e674d3fc3875f415a7df52e382f141225', 'decimal': '0x12'}",{'blockTimestamp': '2022-10-21T02:40:47.000Z'}
550,0xf0fd92,0x56dcf849abf228be53143accc916179c8f3082f23629ffc59c315fde7d4c12b8:log:144,0x56dcf849abf228be53143accc916179c8f3082f23629ffc59c315fde7d4c12b8,0xe653e7d07b0fedfac957f917a75e1417e004feaf,0x42f08c1357d4ad07f58664defb22172245e3ab88,267.0226,,,,ATA,erc20,"{'value': '0x0e79aed7f421388000', 'address': '0xa2120b9e674d3fc3875f415a7df52e382f141225', 'decimal': '0x12'}",{'blockTimestamp': '2022-10-21T02:40:11.000Z'}
551,0xf0fd90,0x8e65e29ea74f92c321c01655a6564a4527cac265363c1fc4aa8e36f113296462:log:168,0x8e65e29ea74f92c321c01655a6564a4527cac265363c1fc4aa8e36f113296462,0xe653e7d07b0fedfac957f917a75e1417e004feaf,0x42f08c1357d4ad07f58664defb22172245e3ab88,133.51134,,,,ATA,erc20,"{'value': '0x073cd7905b4a66c000', 'address': '0xa2120b9e674d3fc3875f415a7df52e382f141225', 'decimal': '0x12'}",{'blockTimestamp': '2022-10-21T02:39:47.000Z'}
552,0xf0fd8d,0x00a2fdfb0770b0176a5d060ad6565f36808b0c5c1e45c7a3e05cab0341775c7c:log:217,0x00a2fdfb0770b0176a5d060ad6565f36808b0c5c1e45c7a3e05cab0341775c7c,0xe653e7d07b0fedfac957f917a75e1417e004feaf,0x42f08c1357d4ad07f58664defb22172245e3ab88,100.133511,,,,ATA,erc20,"{'value': '0x056da1b1b973ab7000', 'address': '0xa2120b9e674d3fc3875f415a7df52e382f141225', 'decimal': '0x12'}",{'blockTimestamp': '2022-10-21T02:39:11.000Z'}
553,0xf0fd8b,0x17188aafaf9747ddf5cd44c2c1709a6632134188108f0744542fbaa2d2442db0:log:7,0x17188aafaf9747ddf5cd44c2c1709a6632134188108f0744542fbaa2d2442db0,0xe653e7d07b0fedfac957f917a75e1417e004feaf,0x42f08c1357d4ad07f58664defb22172245e3ab88,66.7556742,,,,ATA,erc20,"{'value': '0x039e6bcbff88b57000', 'address': '0xa2120b9e674d3fc3875f415a7df52e382f141225', 'decimal': '0x12'}",{'blockTimestamp': '2022-10-21T02:38:47.000Z'}
554,0xf0fd88,0xafc27e656ca0a790b7d7a3748b2b40cdc6255c8a15dd759dfeecbe8da6609443:log:11,0xafc27e656ca0a790b7d7a3748b2b40cdc6255c8a15dd759dfeecbe8da6609443,0xe653e7d07b0fedfac957f917a75e1417e004feaf,0x42f08c1357d4ad07f58664defb22172245e3ab88,33.37783711,,,,ATA,erc20,"{'value': '0x01cf35e60218669c00', 'address': '0xa2120b9e674d3fc3875f415a7df52e382f141225', 'decimal': '0x12'}",{'blockTimestamp': '2022-10-21T02:38:11.000Z'}
555,0xf0fd7a,0x14680424c0349ac259fb5c296edfbce44918cdf54a583f48d669a2c35676c4a7:log:534,0x14680424c0349ac259fb5c296edfbce44918cdf54a583f48d669a2c35676c4a7,0xc3969010df137456b9e757382919322328099e92,0x18ff770a7db6549a9aa87da22e37ef38efdd594d,42.0,,,,ATA,erc20,"{'value': '0x0246ddf97976680000', 'address': '0xa2120b9e674d3fc3875f415a7df52e382f141225', 'decimal': '0x12'}",{'blockTimestamp': '2022-10-21T02:35:23.000Z'}
556,0xf0fd7a,0xfd7e31f617490d77d0c593ee5d04b0d2f1268ac87f18356bacbd6239f4107e44:log:528,0xfd7e31f617490d77d0c593ee5d04b0d2f1268ac87f18356bacbd6239f4107e44,0xc3969010df137456b9e757382919322328099e92,0x18ff770a7db6549a9aa87da22e37ef38efdd594d,21.2,,,,ATA,erc20,"{'value': '0x01263587ad76480000', 'address': '0xa2120b9e674d3fc3875f415a7df52e382f141225', 'decimal': '0x12'}",{'blockTimestamp': '2022-10-21T02:35:23.000Z'}
557,0xf0fd7a,0x613c8f6573c17b175d20a64a73d1910880060548cf8b8bbd98f21315bf2558a3:log:527,0x613c8f6573c17b175d20a64a73d1910880060548cf8b8bbd98f21315bf2558a3,0xc3969010df137456b9e757382919322328099e92,0x18ff770a7db6549a9aa87da22e37ef38efdd594d,3.892,,,,ATA,erc20,"{'value': '0x3603296119d20000', 'address': '0xa2120b9e674d3fc3875f415a7df52e382f141225', 'decimal': '0x12'}",{'blockTimestamp': '2022-10-21T02:35:23.000Z'}
558,0xf0fd3f,0xfe6849f2981ade3bb58d6c50bd708f40a8764ded70e2cd7bd912acb0150a38aa:log:663,0xfe6849f2981ade3bb58d6c50bd708f40a8764ded70e2cd7bd912acb0150a38aa,0xc3969010df137456b9e757382919322328099e92,0x18ff770a7db6549a9aa87da22e37ef38efdd594d,0.6212,,,,ATA,erc20,"{'value': '0x089ef21bd6790000', 'address': '0xa2120b9e674d3fc3875f415a7df52e382f141225', 'decimal': '0x12'}",{'blockTimestamp': '2022-10-21T02:23:35.000Z'}
559,0xf0fd3a,0xbf0563d8117b30c6522a2c7f71d6bfd5a3d878f368860d1faf7535abdd5a3551:log:73,0xbf0563d8117b30c6522a2c7f71d6bfd5a3d878f368860d1faf7535abdd5a3551,0xc3969010df137456b9e757382919322328099e92,0x7845e64632a3575661611f63bffb89a326da87b9,613.0,,,,ATA,erc20,"{'value': '0x213b157c2fd2740000', 'address': '0xa2120b9e674d3fc3875f415a7df52e382f141225', 'decimal': '0x12'}",{'blockTimestamp': '2022-10-21T02:22:35.000Z'}
560,0xf0fd38,0xbf7488efccea6252c533d147ac70a946473d48005df1884aaacab82f896a6fe3:log:376,0xbf7488efccea6252c533d147ac70a946473d48005df1884aaacab82f896a6fe3,0xc3969010df137456b9e757382919322328099e92,0x7845e64632a3575661611f63bffb89a326da87b9,22.0,,,,ATA,erc20,"{'value': '0x01314fb37062980000', 'address': '0xa2120b9e674d3fc3875f415a7df52e382f141225', 'decimal': '0x12'}",{'blockTimestamp': '2022-10-21T02:22:11.000Z'}
561,0xf0fd37,0xae05e3bbf89c1442370dd7fcceed42a6f432c046656b5eef27034d23d81c34da:log:33,0xae05e3bbf89c1442370dd7fcceed42a6f432c046656b5eef27034d23d81c34da,0xc3969010df137456b9e757382919322328099e92,0x7845e64632a3575661611f63bffb89a326da87b9,12.0,,,,ATA,erc20,"{'value': '0xa688906bd8b00000', 'address': '0xa2120b9e674d3fc3875f415a7df52e382f141225', 'decimal': '0x12'}",{'blockTimestamp': '2022-10-21T02:21:59.000Z'}
562,0xf0fd35,0x86238ed7151a9e466bb8e6a3d12173ab77ecfa8dedda0fed2b96c155dd477f14:log:442,0x86238ed7151a9e466bb8e6a3d12173ab77ecfa8dedda0fed2b96c155dd477f14,0xc3969010df137456b9e757382919322328099e92,0x7845e64632a3575661611f63bffb89a326da87b9,1.992,,,,ATA,erc20,"{'value': '0x1ba5017228940000', 'address': '0xa2120b9e674d3fc3875f415a7df52e382f141225', 'decimal': '0x12'}",{'blockTimestamp': '2022-10-21T02:21:35.000Z'}
563,0xf0fccc,0xf29368bd67a67ff7e0f8d119bc207a830bf1fadbb1b0778f042c85953425958f:log:252,0xf29368bd67a67ff7e0f8d119bc207a830bf1fadbb1b0778f042c85953425958f,0xc3969010df137456b9e757382919322328099e92,0x7845e64632a3575661611f63bffb89a326da87b9,0.3212,,,,ATA,erc20,"{'value': '0x047521b2bddb0000', 'address': '0xa2120b9e674d3fc3875f415a7df52e382f141225', 'decimal': '0x12'}",{'blockTimestamp': '2022-10-21T02:00:35.000Z'}
564,0xf0ebc7,0x4d95ef2d90f26b1771a9e06c539e5d1365ae8586f7d7829fea4fb1626eb19dc7:log:370,0x4d95ef2d90f26b1771a9e06c539e5d1365ae8586f7d7829fea4fb1626eb19dc7,0x21fcbac2ab634b049fe22d1f560ee3c5dc77e44e,0x13183b5d7eda6334791db1f02b12d1a81007193b,433.54098,,,,ATA,erc20,"{'value': '0x178096f84fbabb4000', 'address': '0xa2120b9e674d3fc3875f415a7df52e382f141225', 'decimal': '0x12'}",{'blockTimestamp': '2022-10-20T11:25:47.000Z'}
565,0xf0ebc5,0x947d98c89653410a1f07be8142e6f3798799d5f424216db09dc99a7142e5d824:log:267,0x947d98c89653410a1f07be8142e6f3798799d5f424216db09dc99a7142e5d824,0x21fcbac2ab634b049fe22d1f560ee3c5dc77e44e,0x13183b5d7eda6334791db1f02b12d1a81007193b,66.92839,,,,ATA,erc20,"{'value': '0x03a0d1681a6ace6000', 'address': '0xa2120b9e674d3fc3875f415a7df52e382f141225', 'decimal': '0x12'}",{'blockTimestamp': '2022-10-20T11:25:23.000Z'}
566,0xf0ebc3,0x9df3565d919b06b95a4223b956fff1834cce1e622710ed92cc8f956a8a4a9666:log:300,0x9df3565d919b06b95a4223b956fff1834cce1e622710ed92cc8f956a8a4a9666,0x21fcbac2ab634b049fe22d1f560ee3c5dc77e44e,0x13183b5d7eda6334791db1f02b12d1a81007193b,101.8839,,,,ATA,erc20,"{'value': '0x0585ec533ef76bc000', 'address': '0xa2120b9e674d3fc3875f415a7df52e382f141225', 'decimal': '0x12'}",{'blockTimestamp': '2022-10-20T11:24:59.000Z'}
567,0xf0ebc2,0x8494d71b010e9f16242fb8e2c45db54e17f3b3ad6c589d674d45ff234ce2c750:log:596,0x8494d71b010e9f16242fb8e2c45db54e17f3b3ad6c589d674d45ff234ce2c750,0x21fcbac2ab634b049fe22d1f560ee3c5dc77e44e,0x13183b5d7eda6334791db1f02b12d1a81007193b,10.34783,,,,ATA,erc20,"{'value': '0x8f9ae08f52216000', 'address': '0xa2120b9e674d3fc3875f415a7df52e382f141225', 'decimal': '0x12'}",{'blockTimestamp': '2022-10-20T11:24:47.000Z'}
568,0xf0ebbf,0x539401f8a1c62d9a957707294c42b460fd51946ab8054f22faaab4caeac43f05:log:141,0x539401f8a1c62d9a957707294c42b460fd51946ab8054f22faaab4caeac43f05,0x21fcbac2ab634b049fe22d1f560ee3c5dc77e44e,0xa44a641412d151c088a52c7fa2590c69707887c8,452.140726,,,,ATA,erc20,"{'value': '0x1882b68ac0b5396000', 'address': '0xa2120b9e674d3fc3875f415a7df52e382f141225', 'decimal': '0x12'}",{'blockTimestamp': '2022-10-20T11:24:11.000Z'}
569,0xf0ebbe,0x70beb2cbe14613ccdf0a0c12c8125b6af44b4b351d52e4cd4400f7c4bcaa68c0:log:324,0x70beb2cbe14613ccdf0a0c12c8125b6af44b4b351d52e4cd4400f7c4bcaa68c0,0x21fcbac2ab634b049fe22d1f560ee3c5dc77e44e,0xa44a641412d151c088a52c7fa2590c69707887c8,68.34,,,,ATA,erc20,"{'value': '0x03b46873eb4e320000', 'address': '0xa2120b9e674d3fc3875f415a7df52e382f141225', 'decimal': '0x12'}",{'blockTimestamp': '2022-10-20T11:23:59.000Z'}
570,0xf0ebbc,0x9f346b6469f8e16aa1ad9075e53bf68e2484a90fb25ade23ec3c7ee18f51e399:log:272,0x9f346b6469f8e16aa1ad9075e53bf68e2484a90fb25ade23ec3c7ee18f51e399,0x21fcbac2ab634b049fe22d1f560ee3c5dc77e44e,0xa44a641412d151c088a52c7fa2590c69707887c8,89.30927399999999,,,,ATA,erc20,"{'value': '0x04d76a4785ae07a000', 'address': '0xa2120b9e674d3fc3875f415a7df52e382f141225', 'decimal': '0x12'}",{'blockTimestamp': '2022-10-20T11:23:35.000Z'}
571,0xf0ebba,0x6a9b9edf5c61bac25e16e336eb5db5ce3d817a74f8d67d7df1eec05a72c4d6a8:log:265,0x6a9b9edf5c61bac25e16e336eb5db5ce3d817a74f8d67d7df1eec05a72c4d6a8,0x21fcbac2ab634b049fe22d1f560ee3c5dc77e44e,0xa44a641412d151c088a52c7fa2590c69707887c8,4.33,,,,ATA,erc20,"{'value': '0x3c17400f05710000', 'address': '0xa2120b9e674d3fc3875f415a7df52e382f141225', 'decimal': '0x12'}",{'blockTimestamp': '2022-10-20T11:23:11.000Z'}
572,0xf0eb8f,0x479edb1029f8081c95a27e990c5f2a86c3c031cccddd0d53a445f6be4d2cd2dc:log:515,0x479edb1029f8081c95a27e990c5f2a86c3c031cccddd0d53a445f6be4d2cd2dc,0x21fcbac2ab634b049fe22d1f560ee3c5dc77e44e,0xa44a641412d151c088a52c7fa2590c69707887c8,1.48,,,,ATA,erc20,"{'value': '0x148a04289b940000', 'address': '0xa2120b9e674d3fc3875f415a7df52e382f141225', 'decimal': '0x12'}",{'blockTimestamp': '2022-10-20T11:14:23.000Z'}
573,0xf0eb8d,0x0dc63305b28b7ea37e085191b2ab72d273eb12316dce2df5bc7523060e480903:log:461,0x0dc63305b28b7ea37e085191b2ab72d273eb12316dce2df5bc7523060e480903,0x21fcbac2ab634b049fe22d1f560ee3c5dc77e44e,0x13183b5d7eda6334791db1f02b12d1a81007193b,2.8989,,,,ATA,erc20,"{'value': '0x283af630e3614000', 'address': '0xa2120b9e674d3fc3875f415a7df52e382f141225', 'decimal': '0x12'}",{'blockTimestamp': '2022-10-20T11:13:59.000Z'}
574,0xf0e953,0x54b9ab92f9149d69a7e358fb4d33d8da1858598ac026272f123faaa2ebf8c592:log:42,0x54b9ab92f9149d69a7e358fb4d33d8da1858598ac026272f123faaa2ebf8c592,0xdfd5293d8e347dfe59e90efd55b2956a1343963d,0xaaeae9ae78e9c5c2fca562c3315c52f3d6e2c668,3626.38,,,,ATA,erc20,"{'value': '0xc49621d49d850e0000', 'address': '0xa2120b9e674d3fc3875f415a7df52e382f141225', 'decimal': '0x12'}",{'blockTimestamp': '2022-10-20T09:19:35.000Z'}
575,0xf0e727,0x908515066e6933bcfb998a553877d3d55faefe0b195a62a4e6caa54b75a36335:log:103,0x908515066e6933bcfb998a553877d3d55faefe0b195a62a4e6caa54b75a36335,0x21a31ee1afc51d94c2efccaa2092ad1028285549,0xedb3ce88b36ae048ec9cb49a9dc72487308c0e9b,7029.942999999999,,,,ATA,erc20,"{'value': '0x017d180ea84403e58000', 'address': '0xa2120b9e674d3fc3875f415a7df52e382f141225', 'decimal': '0x12'}",{'blockTimestamp': '2022-10-20T07:27:59.000Z'}
576,0xf0d25e,0x2dfbd294d1b13af92b45f9e4c4db77dcfefc3966317517b7485e2e369414286f:log:488,0x2dfbd294d1b13af92b45f9e4c4db77dcfefc3966317517b7485e2e369414286f,0x6cc8dcbca746a6e4fdefb98e1d0df903b107fd21,0x24b756b7adea738109a5774f53d6c2553545e7a2,3628.9999999999995,,,,ATA,erc20,"{'value': '0xc4ba7df0bbe4940000', 'address': '0xa2120b9e674d3fc3875f415a7df52e382f141225', 'decimal': '0x12'}",{'blockTimestamp': '2022-10-19T13:36:59.000Z'}
577,0xf0d235,0x1a49265c52a70f5429b9951c7c81020a25c6e304917e01cea44215f1f4d061ad:log:266,0x1a49265c52a70f5429b9951c7c81020a25c6e304917e01cea44215f1f4d061ad,0x6cc8dcbca746a6e4fdefb98e1d0df903b107fd21,0x24b756b7adea738109a5774f53d6c2553545e7a2,5435.0,,,,ATA,erc20,"{'value': '0x0126a1c6d822c80c0000', 'address': '0xa2120b9e674d3fc3875f415a7df52e382f141225', 'decimal': '0x12'}",{'blockTimestamp': '2022-10-19T13:28:47.000Z'}
578,0xf0d20f,0x6f4f6489ab7f88795e52f58bb0b667d0aa5d24e2bb58266ca2a82ebd7415b4e9:log:262,0x6f4f6489ab7f88795e52f58bb0b667d0aa5d24e2bb58266ca2a82ebd7415b4e9,0x6cc8dcbca746a6e4fdefb98e1d0df903b107fd21,0x24b756b7adea738109a5774f53d6c2553545e7a2,5435.0,,,,ATA,erc20,"{'value': '0x0126a1c6d822c80c0000', 'address': '0xa2120b9e674d3fc3875f415a7df52e382f141225', 'decimal': '0x12'}",{'blockTimestamp': '2022-10-19T13:21:11.000Z'}
579,0xf0c74a,0x656fc2423b289f1936fa4b19d4ae7d1f9bd80f5191b025dcfc8905d35108c062:log:322,0x656fc2423b289f1936fa4b19d4ae7d1f9bd80f5191b025dcfc8905d35108c062,0x795b6119dbccab340b1426d6d6359c443390dd40,0x6cc8dcbca746a6e4fdefb98e1d0df903b107fd21,15002.0,,,,ATA,erc20,"{'value': '0x032d42929bff5a280000', 'address': '0xa2120b9e674d3fc3875f415a7df52e382f141225', 'decimal': '0x12'}",{'blockTimestamp': '2022-10-19T04:06:35.000Z'}
580,0xf0c71a,0x79d170e7c49fb031fc7ce54a9d565902c788ac244e696a7881418a1772e812b3:log:165,0x79d170e7c49fb031fc7ce54a9d565902c788ac244e696a7881418a1772e812b3,0x28c6c06298d514db089934071355e5743bf21d60,0x795b6119dbccab340b1426d6d6359c443390dd40,14979.999999999998,,,,ATA,erc20,"{'value': '0x032c1142e88ef7900000', 'address': '0xa2120b9e674d3fc3875f415a7df52e382f141225', 'decimal': '0x12'}",{'blockTimestamp': '2022-10-19T03:56:59.000Z'}
581,0xf0b872,0x17c3eb838511c4e2a5c762665cb469fbb3a97835f30aa715202a107fd300fe81:log:56,0x17c3eb838511c4e2a5c762665cb469fbb3a97835f30aa715202a107fd300fe81,0xdfd5293d8e347dfe59e90efd55b2956a1343963d,0x795b6119dbccab340b1426d6d6359c443390dd40,22.0,,,,ATA,erc20,"{'value': '0x01314fb37062980000', 'address': '0xa2120b9e674d3fc3875f415a7df52e382f141225', 'decimal': '0x12'}",{'blockTimestamp': '2022-10-18T15:22:35.000Z'}
582,0xf0b5af,0x4168a4504c62179a8f28c15e6448c476147f6fc8a6120d6d4d42510b9e03b7b9:log:161,0x4168a4504c62179a8f28c15e6448c476147f6fc8a6120d6d4d42510b9e03b7b9,0x6767526a362ec6c6b1df185478e4f01506b73ff3,0x28c6c06298d514db089934071355e5743bf21d60,36792.0,,,,ATA,erc20,"{'value': '0x07ca7f91aba12be00000', 'address': '0xa2120b9e674d3fc3875f415a7df52e382f141225', 'decimal': '0x12'}",{'blockTimestamp': '2022-10-18T13:00:47.000Z'}
583,0xf0b4eb,0x54c643b3a376c4127c530137aeb707d5b75967dbf459a07d5a9517d52ebe2091:log:106,0x54c643b3a376c4127c530137aeb707d5b75967dbf459a07d5a9517d52ebe2091,0x4fa28621150ddb1834ca4e61bafb9cf04f7c83ca,0xc3969010df137456b9e757382919322328099e92,1368.0,,,,ATA,erc20,"{'value': '0x4a28d050067e600000', 'address': '0xa2120b9e674d3fc3875f415a7df52e382f141225', 'decimal': '0x12'}",{'blockTimestamp': '2022-10-18T12:21:23.000Z'}
584,0xf0b3ff,0x9d1d268ce0b025ea8c1d0ce7b236d31e116e33635a8611a75bf1e6467d45abcc:log:275,0x9d1d268ce0b025ea8c1d0ce7b236d31e116e33635a8611a75bf1e6467d45abcc,0x4fa28621150ddb1834ca4e61bafb9cf04f7c83ca,0x21fcbac2ab634b049fe22d1f560ee3c5dc77e44e,1368.0,,,,ATA,erc20,"{'value': '0x4a28d050067e600000', 'address': '0xa2120b9e674d3fc3875f415a7df52e382f141225', 'decimal': '0x12'}",{'blockTimestamp': '2022-10-18T11:33:47.000Z'}
585,0xf0b3bd,0x9363428b10ef09aaadeb53c87118ee0da395936375a9f37b1da9472237205dd4:log:416,0x9363428b10ef09aaadeb53c87118ee0da395936375a9f37b1da9472237205dd4,0x3c02290922a3618a4646e3bbca65853ea45fe7c6,0x6767526a362ec6c6b1df185478e4f01506b73ff3,36792.0,,,,ATA,erc20,"{'value': '0x07ca7f91aba12be00000', 'address': '0xa2120b9e674d3fc3875f415a7df52e382f141225', 'decimal': '0x12'}",{'blockTimestamp': '2022-10-18T11:20:23.000Z'}
586,0xf0b22a,0x4d3863693f39eedb7c50efd24f0a006b6949baef03d6512345bc99d3bf156360:log:158,0x4d3863693f39eedb7c50efd24f0a006b6949baef03d6512345bc99d3bf156360,0x4fa28621150ddb1834ca4e61bafb9cf04f7c83ca,0xe653e7d07b0fedfac957f917a75e1417e004feaf,1368.0,,,,ATA,erc20,"{'value': '0x4a28d050067e600000', 'address': '0xa2120b9e674d3fc3875f415a7df52e382f141225', 'decimal': '0x12'}",{'blockTimestamp': '2022-10-18T09:58:47.000Z'}
587,0xf0aaa3,0x9d2cbec863d6970f5709784ed4c832046c631b5808fd27b7f6fce3ef11d0b3b6:log:196,0x9d2cbec863d6970f5709784ed4c832046c631b5808fd27b7f6fce3ef11d0b3b6,0x21a31ee1afc51d94c2efccaa2092ad1028285549,0xf1ccf19f71d820db4cd1263516a958d3e6272021,4821.7543,,,,ATA,erc20,"{'value': '0x010563487519d047c000', 'address': '0xa2120b9e674d3fc3875f415a7df52e382f141225', 'decimal': '0x12'}",{'blockTimestamp': '2022-10-18T03:31:59.000Z'}
588,0xf0a2c9,0x840c06f27cf9679f0ce8f6b182b234ae9036b766fba887e1ebc4346076105ca6:log:283,0x840c06f27cf9679f0ce8f6b182b234ae9036b766fba887e1ebc4346076105ca6,0x6cc8dcbca746a6e4fdefb98e1d0df903b107fd21,0x24b756b7adea738109a5774f53d6c2553545e7a2,694.0,,,,ATA,erc20,"{'value': '0x259f2f4b07c9180000', 'address': '0xa2120b9e674d3fc3875f415a7df52e382f141225', 'decimal': '0x12'}",{'blockTimestamp': '2022-10-17T20:48:47.000Z'}
589,0xf09efe,0x485c743cba4f302da4420e133f7b0c33ff7b9e17acb35cb4d9e7ea662b530126:log:302,0x485c743cba4f302da4420e133f7b0c33ff7b9e17acb35cb4d9e7ea662b530126,0xd6216fc19db775df9774a6e33526131da7d19a2c,0xf16e9b0d03470827a95cdfd0cb8a8a3b46969b91,149897.0,,,,ATA,erc20,"{'value': '0x1fbdeec24fa818840000', 'address': '0xa2120b9e674d3fc3875f415a7df52e382f141225', 'decimal': '0x12'}",{'blockTimestamp': '2022-10-17T17:33:47.000Z'}
590,0xf093e4,0x8c21b7c10d310e5befe1f28ede3b63249572d4a24f36b3caeee100d89e9b8020:log:348,0x8c21b7c10d310e5befe1f28ede3b63249572d4a24f36b3caeee100d89e9b8020,0x9f0c8e1f71cf4cd20310ecb685b4427565d9348c,0x28c6c06298d514db089934071355e5743bf21d60,500000.0,,,,ATA,erc20,"{'value': '0x69e10de76676d0800000', 'address': '0xa2120b9e674d3fc3875f415a7df52e382f141225', 'decimal': '0x12'}",{'blockTimestamp': '2022-10-17T08:00:23.000Z'}
591,0xf09387,0x0244206bdedd1b653903aefb905a1c44f9ae668dd44092c5401970ff5bc2dadf:log:37,0x0244206bdedd1b653903aefb905a1c44f9ae668dd44092c5401970ff5bc2dadf,0xf16e9b0d03470827a95cdfd0cb8a8a3b46969b91,0x9f0c8e1f71cf4cd20310ecb685b4427565d9348c,500000.0,,,,ATA,erc20,"{'value': '0x69e10de76676d0800000', 'address': '0xa2120b9e674d3fc3875f415a7df52e382f141225', 'decimal': '0x12'}",{'blockTimestamp': '2022-10-17T07:41:47.000Z'}
592,0xf0936f,0x27f60813eff4444ec86feece271191f6290d28f1997513b1b36a6f994d98b306:log:28,0x27f60813eff4444ec86feece271191f6290d28f1997513b1b36a6f994d98b306,0x738cf6903e6c4e699d1c2dd9ab8b67fcdb3121ea,0xf16e9b0d03470827a95cdfd0cb8a8a3b46969b91,200760.0,,,,ATA,erc20,"{'value': '0x2a8338ae27eedde00000', 'address': '0xa2120b9e674d3fc3875f415a7df52e382f141225', 'decimal': '0x12'}",{'blockTimestamp': '2022-10-17T07:36:59.000Z'}
593,0xf09306,0x093160f9fc0524df80dbeb8e41f66e61c7ed62b0c5eed480f781637ea33c8312:log:348,0x093160f9fc0524df80dbeb8e41f66e61c7ed62b0c5eed480f781637ea33c8312,0x738cf6903e6c4e699d1c2dd9ab8b67fcdb3121ea,0xf16e9b0d03470827a95cdfd0cb8a8a3b46969b91,30000.0,,,,ATA,erc20,"{'value': '0x065a4da25d3016c00000', 'address': '0xa2120b9e674d3fc3875f415a7df52e382f141225', 'decimal': '0x12'}",{'blockTimestamp': '2022-10-17T07:15:59.000Z'}
594,0xf0748a,0x70e8f9aef38de5cfb68aeae73d117bf0970f99a578bbdbcd7af552c90b268784:log:116,0x70e8f9aef38de5cfb68aeae73d117bf0970f99a578bbdbcd7af552c90b268784,0xe66b31678d6c16e9ebf358268a790b763c133750,0xb9c7ae4348c348d0e0a415b3aec7961803613667,102.95291511642459,,,,ATA,erc20,"{'value': '0x0594c23ad4996e6ff0', 'address': '0xa2120b9e674d3fc3875f415a7df52e382f141225', 'decimal': '0x12'}",{'blockTimestamp': '2022-10-16T05:05:11.000Z'}
595,0xf0748a,0x70e8f9aef38de5cfb68aeae73d117bf0970f99a578bbdbcd7af552c90b268784:log:113,0x70e8f9aef38de5cfb68aeae73d117bf0970f99a578bbdbcd7af552c90b268784,0x5654d65578cda52791879751141f2f3d7dc27fe4,0xe66b31678d6c16e9ebf358268a790b763c133750,102.95291511642459,,,,ATA,erc20,"{'value': '0x0594c23ad4996e6ff0', 'address': '0xa2120b9e674d3fc3875f415a7df52e382f141225', 'decimal': '0x12'}",{'blockTimestamp': '2022-10-16T05:05:11.000Z'}
596,0xf06f32,0xd4f1b79c36908603ee595aa7dbfdb390b647ea65e68d8c6f29df8b8bd2932966:log:291,0xd4f1b79c36908603ee595aa7dbfdb390b647ea65e68d8c6f29df8b8bd2932966,0x649ae85d11017ac43f0cbab561982e0c9ceeda1f,0x28c6c06298d514db089934071355e5743bf21d60,14042.01485311004,,,,ATA,erc20,"{'value': '0x02f9381a3f1ecedb5fa6', 'address': '0xa2120b9e674d3fc3875f415a7df52e382f141225', 'decimal': '0x12'}",{'blockTimestamp': '2022-10-16T00:30:11.000Z'}
597,0xf06ecc,0x787aadb6bdcc5f82bddea64be2a076649dc47bfdb63df51b56272001f2dbf115:log:110,0x787aadb6bdcc5f82bddea64be2a076649dc47bfdb63df51b56272001f2dbf115,0x1bad1270426b8059a783704308cec80753de0b38,0x649ae85d11017ac43f0cbab561982e0c9ceeda1f,14042.01485311004,,,,ATA,erc20,"{'value': '0x02f9381a3f1ecedb5fa6', 'address': '0xa2120b9e674d3fc3875f415a7df52e382f141225', 'decimal': '0x12'}",{'blockTimestamp': '2022-10-16T00:09:35.000Z'}
598,0xf06eba,0xbfc706f325f94e7367e97a2dc8427a00fa9e57b7c8c403ca391c516bba959182:log:21,0xbfc706f325f94e7367e97a2dc8427a00fa9e57b7c8c403ca391c516bba959182,0x40ec5b33f54e0e8a33a975908c5ba1c14e5bbbdf,0x1bad1270426b8059a783704308cec80753de0b38,14042.01485311004,,,,ATA,erc20,"{'value': '0x02f9381a3f1ecedb5fa6', 'address': '0xa2120b9e674d3fc3875f415a7df52e382f141225', 'decimal': '0x12'}",{'blockTimestamp': '2022-10-16T00:05:59.000Z'}
599,0xf062f6,0x4ff52271139266affa76a73bbb38ec36fdb78da1c047a8db7f5c36f405797092:log:246,0x4ff52271139266affa76a73bbb38ec36fdb78da1c047a8db7f5c36f405797092,0x6767526a362ec6c6b1df185478e4f01506b73ff3,0x28c6c06298d514db089934071355e5743bf21d60,34752.0,,,,ATA,erc20,"{'value': '0x075be8e1c40347000000', 'address': '0xa2120b9e674d3fc3875f415a7df52e382f141225', 'decimal': '0x12'}",{'blockTimestamp': '2022-10-15T14:00:11.000Z'}
600,0xf0624c,0xadd71076e24f2756f4ac5c73708531faaf2bd9eb471f387e5ee83b4dcf0ae919:log:255,0xadd71076e24f2756f4ac5c73708531faaf2bd9eb471f387e5ee83b4dcf0ae919,0x3c02290922a3618a4646e3bbca65853ea45fe7c6,0x6767526a362ec6c6b1df185478e4f01506b73ff3,34752.0,,,,ATA,erc20,"{'value': '0x075be8e1c40347000000', 'address': '0xa2120b9e674d3fc3875f415a7df52e382f141225', 'decimal': '0x12'}",{'blockTimestamp': '2022-10-15T13:26:11.000Z'}
601,0xf045a1,0x91ab1b514ff3fbdac1de2aa2d76b092ea489c963947b706b09ce9e1eb6ab55e5:log:23,0x91ab1b514ff3fbdac1de2aa2d76b092ea489c963947b706b09ce9e1eb6ab55e5,0x8d8b4dc1ba470e2466c35e3356e1d91c49a1fce1,0x3c02290922a3618a4646e3bbca65853ea45fe7c6,8479.0,,,,ATA,erc20,"{'value': '0x01cba5c34855291c0000', 'address': '0xa2120b9e674d3fc3875f415a7df52e382f141225', 'decimal': '0x12'}",{'blockTimestamp': '2022-10-14T12:51:47.000Z'}
602,0xf04348,0x3970ef2d76ecdd5c426a8c38327fc87a88436f408653a9c1ac5cb5a31cedbd40:log:9,0x3970ef2d76ecdd5c426a8c38327fc87a88436f408653a9c1ac5cb5a31cedbd40,0xbc3aaedf22da39051b46ba6a7353a7924541d897,0x3c02290922a3618a4646e3bbca65853ea45fe7c6,18190.48625469,,,,ATA,erc20,"{'value': '0x03da1bb5575057495400', 'address': '0xa2120b9e674d3fc3875f415a7df52e382f141225', 'decimal': '0x12'}",{'blockTimestamp': '2022-10-14T10:51:35.000Z'}
603,0xf040f5,0x3d5769a50769c5e578462d237b6610172e893359c945f4a7ede1061d92a64df5:log:130,0x3d5769a50769c5e578462d237b6610172e893359c945f4a7ede1061d92a64df5,0xd75f3e718324da1a60ea3f32a81892202a5bc961,0x3c02290922a3618a4646e3bbca65853ea45fe7c6,27616.71448331,,,,ATA,erc20,"{'value': '0x05d91ae74ef235fecc00', 'address': '0xa2120b9e674d3fc3875f415a7df52e382f141225', 'decimal': '0x12'}",{'blockTimestamp': '2022-10-14T08:51:35.000Z'}
604,0xf040f5,0xf8bf838c60046c7e5f0990c9a8dfd723aaa6c6b76abf662326ab87a093f51356:log:107,0xf8bf838c60046c7e5f0990c9a8dfd723aaa6c6b76abf662326ab87a093f51356,0xe6cadab67e83b01f275e45c3a2e98006d3682630,0x3c02290922a3618a4646e3bbca65853ea45fe7c6,29656.63805121,,,,ATA,erc20,"{'value': '0x0647b087abf910eee400', 'address': '0xa2120b9e674d3fc3875f415a7df52e382f141225', 'decimal': '0x12'}",{'blockTimestamp': '2022-10-14T08:51:35.000Z'}
605,0xf039e8,0xc19fbda24734713df6bd87b08f3efa88e1412bfbb2e712dd599f6a5603c2f033:log:218,0xc19fbda24734713df6bd87b08f3efa88e1412bfbb2e712dd599f6a5603c2f033,0xa9d1e08c7793af67e9d92fe308d5697fb81d3e43,0x7d7945111163514202a16428c1dca94a0e6b564c,494.79497385,,,,ATA,erc20,"{'value': '0x1ad2a8df2e31f18400', 'address': '0xa2120b9e674d3fc3875f415a7df52e382f141225', 'decimal': '0x12'}",{'blockTimestamp': '2022-10-14T02:48:11.000Z'}
606,0xf034e4,0x3c4f133ede783a1be4a39d04d84152467a13091f9054202b88d9959b870dc951:log:409,0x3c4f133ede783a1be4a39d04d84152467a13091f9054202b88d9959b870dc951,0xf05e2a70346560d3228c7002194bb7c5dc8fe100,0x28c6c06298d514db089934071355e5743bf21d60,41581.0,,,,ATA,erc20,"{'value': '0x08ce1c4b7a6b8d940000', 'address': '0xa2120b9e674d3fc3875f415a7df52e382f141225', 'decimal': '0x12'}",{'blockTimestamp': '2022-10-13T22:30:11.000Z'}
607,0xf034b9,0x32462510624a495cf925fada9baa6729bd9bd83d83dadaa2fa2deef004370d33:log:132,0x32462510624a495cf925fada9baa6729bd9bd83d83dadaa2fa2deef004370d33,0xf16e9b0d03470827a95cdfd0cb8a8a3b46969b91,0xf05e2a70346560d3228c7002194bb7c5dc8fe100,41581.0,,,,ATA,erc20,"{'value': '0x08ce1c4b7a6b8d940000', 'address': '0xa2120b9e674d3fc3875f415a7df52e382f141225', 'decimal': '0x12'}",{'blockTimestamp': '2022-10-13T22:21:35.000Z'}
608,0xf02b27,0x8cbd2120dabfeae1de8ccf646ea36078e2c5df43de3130806c96dcdb9fdd89ad:log:183,0x8cbd2120dabfeae1de8ccf646ea36078e2c5df43de3130806c96dcdb9fdd89ad,0xf6fb366ac033af40e0b1b3267130aeeff77d655a,0xf660e4ee2d91b00e1b710c032452d18456c4323e,655.0,,,,ATA,erc20,"{'value': '0x2381f375a948dc0000', 'address': '0xa2120b9e674d3fc3875f415a7df52e382f141225', 'decimal': '0x12'}",{'blockTimestamp': '2022-10-13T14:07:11.000Z'}
609,0xf02715,0x225711049790dae560e59c5327e63eb885a255d850d6ac9df6f14c9477d74dba:log:268,0x225711049790dae560e59c5327e63eb885a255d850d6ac9df6f14c9477d74dba,0x1bad1270426b8059a783704308cec80753de0b38,0x40ec5b33f54e0e8a33a975908c5ba1c14e5bbbdf,15351.0,,,,ATA,erc20,"{'value': '0x03402debaeea8d7c0000', 'address': '0xa2120b9e674d3fc3875f415a7df52e382f141225', 'decimal': '0x12'}",{'blockTimestamp': '2022-10-13T10:37:59.000Z'}
610,0xf026f6,0x2efe3f13bbb71ff8db0cd1f21b1f120052b13ae3c9cd6eb7698d6370a0a9ebcc:log:288,0x2efe3f13bbb71ff8db0cd1f21b1f120052b13ae3c9cd6eb7698d6370a0a9ebcc,0x28c6c06298d514db089934071355e5743bf21d60,0x1bad1270426b8059a783704308cec80753de0b38,15351.0,,,,ATA,erc20,"{'value': '0x03402debaeea8d7c0000', 'address': '0xa2120b9e674d3fc3875f415a7df52e382f141225', 'decimal': '0x12'}",{'blockTimestamp': '2022-10-13T10:31:47.000Z'}
611,0xf02407,0x502636e31f08e81f045f1ca010a7d0e7a6a7ad482f75b8ebc66cbe6afdd0ca70:log:155,0x502636e31f08e81f045f1ca010a7d0e7a6a7ad482f75b8ebc66cbe6afdd0ca70,0x6767526a362ec6c6b1df185478e4f01506b73ff3,0x28c6c06298d514db089934071355e5743bf21d60,20883.0,,,,ATA,erc20,"{'value': '0x046c11d7c11fc26c0000', 'address': '0xa2120b9e674d3fc3875f415a7df52e382f141225', 'decimal': '0x12'}",{'blockTimestamp': '2022-10-13T08:00:35.000Z'}
612,0xf02267,0x4d4afa2da9f1fbcbbf3230312d82965a4b8c594c4eb91ce088d25ffcfe2022a5:log:55,0x4d4afa2da9f1fbcbbf3230312d82965a4b8c594c4eb91ce088d25ffcfe2022a5,0xdfd5293d8e347dfe59e90efd55b2956a1343963d,0xe6cadab67e83b01f275e45c3a2e98006d3682630,7206.764999999999,,,,ATA,erc20,"{'value': '0x0186adf4986c2e048000', 'address': '0xa2120b9e674d3fc3875f415a7df52e382f141225', 'decimal': '0x12'}",{'blockTimestamp': '2022-10-13T06:36:23.000Z'}
613,0xf02260,0x903ea380e45e95e10c4247ae984cfc35d8effe6b606d0128887ca0ddace7f65d:log:45,0x903ea380e45e95e10c4247ae984cfc35d8effe6b606d0128887ca0ddace7f65d,0x21a31ee1afc51d94c2efccaa2092ad1028285549,0x8d8b4dc1ba470e2466c35e3356e1d91c49a1fce1,8479.0,,,,ATA,erc20,"{'value': '0x01cba5c34855291c0000', 'address': '0xa2120b9e674d3fc3875f415a7df52e382f141225', 'decimal': '0x12'}",{'blockTimestamp': '2022-10-13T06:34:59.000Z'}
614,0xf0225d,0x6f240a8a98e9e2679a9ae81bee7d633765f3ba6b71c52a5096cda0acffb58cde:log:33,0x6f240a8a98e9e2679a9ae81bee7d633765f3ba6b71c52a5096cda0acffb58cde,0x28c6c06298d514db089934071355e5743bf21d60,0xe6cadab67e83b01f275e45c3a2e98006d3682630,4336.638,,,,ATA,erc20,"{'value': '0xeb16f12481d4730000', 'address': '0xa2120b9e674d3fc3875f415a7df52e382f141225', 'decimal': '0x12'}",{'blockTimestamp': '2022-10-13T06:34:23.000Z'}
615,0xf0225c,0x216baf9237771bf85c436cab44a91230fa4ea5eb61a2f5b7c20e43f360fdf1d8:log:48,0x216baf9237771bf85c436cab44a91230fa4ea5eb61a2f5b7c20e43f360fdf1d8,0x3c02290922a3618a4646e3bbca65853ea45fe7c6,0x6767526a362ec6c6b1df185478e4f01506b73ff3,20883.0,,,,ATA,erc20,"{'value': '0x046c11d7c11fc26c0000', 'address': '0xa2120b9e674d3fc3875f415a7df52e382f141225', 'decimal': '0x12'}",{'blockTimestamp': '2022-10-13T06:34:11.000Z'}
616,0xf0224f,0x10021cfc89d3c76502ce940ba270df9f310c7eaff94c9bf19195d260e49155d2:log:119,0x10021cfc89d3c76502ce940ba270df9f310c7eaff94c9bf19195d260e49155d2,0xdfd5293d8e347dfe59e90efd55b2956a1343963d,0xd75f3e718324da1a60ea3f32a81892202a5bc961,27616.71448331,,,,ATA,erc20,"{'value': '0x05d91ae74ef235fecc00', 'address': '0xa2120b9e674d3fc3875f415a7df52e382f141225', 'decimal': '0x12'}",{'blockTimestamp': '2022-10-13T06:31:35.000Z'}
617,0xf02242,0x1d3c82720c533ca14b4683dd68c618bfec4309b11651a2c2504d9956659e8f9d:log:69,0x1d3c82720c533ca14b4683dd68c618bfec4309b11651a2c2504d9956659e8f9d,0x21a31ee1afc51d94c2efccaa2092ad1028285549,0xbc3aaedf22da39051b46ba6a7353a7924541d897,18190.48625469,,,,ATA,erc20,"{'value': '0x03da1bb5575057495400', 'address': '0xa2120b9e674d3fc3875f415a7df52e382f141225', 'decimal': '0x12'}",{'blockTimestamp': '2022-10-13T06:28:59.000Z'}
618,0xf02237,0x827c7a1d2a9177525b8ce05105a99db9cb4738fba0a957428339868c19c4c68a:log:143,0x827c7a1d2a9177525b8ce05105a99db9cb4738fba0a957428339868c19c4c68a,0x28c6c06298d514db089934071355e5743bf21d60,0xe6cadab67e83b01f275e45c3a2e98006d3682630,14311.653,,,,ATA,erc20,"{'value': '0x0307d615611cd5908000', 'address': '0xa2120b9e674d3fc3875f415a7df52e382f141225', 'decimal': '0x12'}",{'blockTimestamp': '2022-10-13T06:26:47.000Z'}
619,0xf01108,0xbfd7470c4cb50d44ba31a05ff909e224e303607695870bb947a6c2da15328283:log:474,0xbfd7470c4cb50d44ba31a05ff909e224e303607695870bb947a6c2da15328283,0x77d66340759cec45e450c5cb21d506cc87cce7ba,0xf16e9b0d03470827a95cdfd0cb8a8a3b46969b91,2020.7160000000001,,,,ATA,erc20,"{'value': '0x6d8b115fc9ac3e0000', 'address': '0xa2120b9e674d3fc3875f415a7df52e382f141225', 'decimal': '0x12'}",{'blockTimestamp': '2022-10-12T15:43:59.000Z'}
620,0xf01035,0xcaa803f832dafa025bd514cd70e54ddf9f89cb14cbc955b22730c653956680ba:log:68,0xcaa803f832dafa025bd514cd70e54ddf9f89cb14cbc955b22730c653956680ba,0xdfd5293d8e347dfe59e90efd55b2956a1343963d,0x77d66340759cec45e450c5cb21d506cc87cce7ba,2020.7160000000001,,,,ATA,erc20,"{'value': '0x6d8b115fc9ac3e0000', 'address': '0xa2120b9e674d3fc3875f415a7df52e382f141225', 'decimal': '0x12'}",{'blockTimestamp': '2022-10-12T15:01:47.000Z'}
621,0xf00c9e,0xa0d9f9017d108a45be5aa5f193d315d336a8a378e072dd26ca9b95355119a7ef:log:118,0xa0d9f9017d108a45be5aa5f193d315d336a8a378e072dd26ca9b95355119a7ef,0xb367bbc98075334f28ba4705042a60293fc102d7,0x4fa28621150ddb1834ca4e61bafb9cf04f7c83ca,20.12345678,,,,ATA,erc20,"{'value': '0x011744e152a0d37800', 'address': '0xa2120b9e674d3fc3875f415a7df52e382f141225', 'decimal': '0x12'}",{'blockTimestamp': '2022-10-12T11:55:47.000Z'}
622,0xf00c71,0x9fc18a5ae9f5c99246ecd12048d45f0ddd531a8c5310b34b7f3074adfb265629:log:114,0x9fc18a5ae9f5c99246ecd12048d45f0ddd531a8c5310b34b7f3074adfb265629,0x4fa28621150ddb1834ca4e61bafb9cf04f7c83ca,0xb367bbc98075334f28ba4705042a60293fc102d7,20.12345678,,,,ATA,erc20,"{'value': '0x011744e152a0d37800', 'address': '0xa2120b9e674d3fc3875f415a7df52e382f141225', 'decimal': '0x12'}",{'blockTimestamp': '2022-10-12T11:46:47.000Z'}
623,0xeffd89,0x83248790c8ecefede0cab4717208467807125b27f676ddec5117c80d5031a832:log:653,0x83248790c8ecefede0cab4717208467807125b27f676ddec5117c80d5031a832,0x8a9e0106326b01b5089f128566587491dbddcbc5,0x28c6c06298d514db089934071355e5743bf21d60,44641.07142857143,,,,ATA,erc20,"{'value': '0x0973ff5119c0a7b44925', 'address': '0xa2120b9e674d3fc3875f415a7df52e382f141225', 'decimal': '0x12'}",{'blockTimestamp': '2022-10-11T23:00:11.000Z'}
624,0xeffcd2,0x86a33f3fd1c68c2959d8ed59d460cb254e1f860ef3047fa286aaccd620eed71c:log:183,0x86a33f3fd1c68c2959d8ed59d460cb254e1f860ef3047fa286aaccd620eed71c,0xa8059754bc0337408b376851f4ee7a3ca9be3ffd,0x8a9e0106326b01b5089f128566587491dbddcbc5,44641.07142857143,,,,ATA,erc20,"{'value': '0x0973ff5119c0a7b44925', 'address': '0xa2120b9e674d3fc3875f415a7df52e382f141225', 'decimal': '0x12'}",{'blockTimestamp': '2022-10-11T22:23:35.000Z'}
625,0xeff9f0,0x8c773b5c5a450f48527e7e7c3d5d11cfb7d80e700fa3a3cfb7a656ad3e77d3ab:log:209,0x8c773b5c5a450f48527e7e7c3d5d11cfb7d80e700fa3a3cfb7a656ad3e77d3ab,0x21a31ee1afc51d94c2efccaa2092ad1028285549,0xa393cce853a59a891d5af2d672cb8fb11ef094c5,4979.2954,,,,ATA,erc20,"{'value': '0x010ded9ae0dcc0928000', 'address': '0xa2120b9e674d3fc3875f415a7df52e382f141225', 'decimal': '0x12'}",{'blockTimestamp': '2022-10-11T19:54:59.000Z'}
626,0xeff4cd,0xea08e660b6fd5ace1377ef17c7a5ce8c6f2120ebfa7dd5aff12dab05f44d1fb7:log:120,0xea08e660b6fd5ace1377ef17c7a5ce8c6f2120ebfa7dd5aff12dab05f44d1fb7,0x51c3dadcbb47b678db9836ea49c627082c5d302f,0x28c6c06298d514db089934071355e5743bf21d60,15000.0,,,,ATA,erc20,"{'value': '0x032d26d12e980b600000', 'address': '0xa2120b9e674d3fc3875f415a7df52e382f141225', 'decimal': '0x12'}",{'blockTimestamp': '2022-10-11T15:30:11.000Z'}
627,0xeff467,0xe6b9d0c1e1cea834e24a092e20a97025594c3d1831bcfe6f7c2ef11f86a5b61a:log:241,0xe6b9d0c1e1cea834e24a092e20a97025594c3d1831bcfe6f7c2ef11f86a5b61a,0xa44964fa6b4edaf12146333124c8e42e230c4738,0x51c3dadcbb47b678db9836ea49c627082c5d302f,15000.0,,,,ATA,erc20,"{'value': '0x032d26d12e980b600000', 'address': '0xa2120b9e674d3fc3875f415a7df52e382f141225', 'decimal': '0x12'}",{'blockTimestamp': '2022-10-11T15:09:47.000Z'}
628,0xefe9bb,0x01fb0660d4e8ec9d57cc25cef6ff201f0612434b9a08dc63e09cdb93487137df:log:259,0x01fb0660d4e8ec9d57cc25cef6ff201f0612434b9a08dc63e09cdb93487137df,0x4b8a339be06ff31752a806995b72e76e93dd9106,0x28c6c06298d514db089934071355e5743bf21d60,26145.867439499998,,,,ATA,erc20,"{'value': '0x05895ecce57b89887800', 'address': '0xa2120b9e674d3fc3875f415a7df52e382f141225', 'decimal': '0x12'}",{'blockTimestamp': '2022-10-11T06:00:35.000Z'}
629,0xefe95a,0xcd0b6fc62f4c8c7111cd9b93efac5eff695da4412a5a7eb60be40d11b72da6a0:log:37,0xcd0b6fc62f4c8c7111cd9b93efac5eff695da4412a5a7eb60be40d11b72da6a0,0xa9d1e08c7793af67e9d92fe308d5697fb81d3e43,0x4b8a339be06ff31752a806995b72e76e93dd9106,26145.867439499998,,,,ATA,erc20,"{'value': '0x05895ecce57b89887800', 'address': '0xa2120b9e674d3fc3875f415a7df52e382f141225', 'decimal': '0x12'}",{'blockTimestamp': '2022-10-11T05:41:11.000Z'}
630,0xefe764,0x8a4e262271b7ff05f492b0822d7da423412ce19302ee6b9257f02055f766dcaa:log:73,0x8a4e262271b7ff05f492b0822d7da423412ce19302ee6b9257f02055f766dcaa,0x51c3dadcbb47b678db9836ea49c627082c5d302f,0x28c6c06298d514db089934071355e5743bf21d60,13200.0,,,,ATA,erc20,"{'value': '0x02cb92cc8f6714400000', 'address': '0xa2120b9e674d3fc3875f415a7df52e382f141225', 'decimal': '0x12'}",{'blockTimestamp': '2022-10-11T04:00:11.000Z'}
631,0xefe66f,0x5e71c7c42d4098e61ec589d6585defdd1e665ec3ba5da4e35cc201e8580063b9:log:297,0x5e71c7c42d4098e61ec589d6585defdd1e665ec3ba5da4e35cc201e8580063b9,0xa44964fa6b4edaf12146333124c8e42e230c4738,0x51c3dadcbb47b678db9836ea49c627082c5d302f,13200.0,,,,ATA,erc20,"{'value': '0x02cb92cc8f6714400000', 'address': '0xa2120b9e674d3fc3875f415a7df52e382f141225', 'decimal': '0x12'}",{'blockTimestamp': '2022-10-11T03:11:11.000Z'}
632,0xefe5eb,0x26b30576450f0209615fed13f16745a11028e372ede4781b727087122f002818:log:195,0x26b30576450f0209615fed13f16745a11028e372ede4781b727087122f002818,0xa2120b9e674d3fc3875f415a7df52e382f141225,0xa44964fa6b4edaf12146333124c8e42e230c4738,187500.0,,,,ATA,erc20,"{'value': '0x27b46536c66c8e300000', 'address': '0xa2120b9e674d3fc3875f415a7df52e382f141225', 'decimal': '0x12'}",{'blockTimestamp': '2022-10-11T02:44:47.000Z'}
633,0xefe48f,0x6fc0bbc4e6aa53372d5e07847de46cd7e835b07456ff5d5b9efa4c6ac9c085a5:log:46,0x6fc0bbc4e6aa53372d5e07847de46cd7e835b07456ff5d5b9efa4c6ac9c085a5,0xa2120b9e674d3fc3875f415a7df52e382f141225,0xa8059754bc0337408b376851f4ee7a3ca9be3ffd,44641.07142857143,,,,ATA,erc20,"{'value': '0x0973ff5119c0a7b44925', 'address': '0xa2120b9e674d3fc3875f415a7df52e382f141225', 'decimal': '0x12'}",{'blockTimestamp': '2022-10-11T01:34:47.000Z'}
634,0xefe290,0xd1d3fa258c3652aa6ff9d3649c05b7927a59543e1d62f76d6f5621ad0a4f7fb7:log:137,0xd1d3fa258c3652aa6ff9d3649c05b7927a59543e1d62f76d6f5621ad0a4f7fb7,0x1bad1270426b8059a783704308cec80753de0b38,0x40ec5b33f54e0e8a33a975908c5ba1c14e5bbbdf,13772.92946604,,,,ATA,erc20,"{'value': '0x02eaa1cae94170ad3000', 'address': '0xa2120b9e674d3fc3875f415a7df52e382f141225', 'decimal': '0x12'}",{'blockTimestamp': '2022-10-10T23:52:23.000Z'}
635,0xefe271,0xfb53b1819a2ef1959cf165feee587dc9451dd6af49ed9b39d6ca12914accd0d0:log:63,0xfb53b1819a2ef1959cf165feee587dc9451dd6af49ed9b39d6ca12914accd0d0,0x28c6c06298d514db089934071355e5743bf21d60,0x1bad1270426b8059a783704308cec80753de0b38,13772.92946604,,,,ATA,erc20,"{'value': '0x02eaa1cae94170ad3000', 'address': '0xa2120b9e674d3fc3875f415a7df52e382f141225', 'decimal': '0x12'}",{'blockTimestamp': '2022-10-10T23:46:11.000Z'}
636,0xefe221,0x7a8176e741f32ff710b5978d7fe047f53fd1db0e7a2f7b2dc6afe062daecc2aa:log:406,0x7a8176e741f32ff710b5978d7fe047f53fd1db0e7a2f7b2dc6afe062daecc2aa,0x4b8a339be06ff31752a806995b72e76e93dd9106,0x28c6c06298d514db089934071355e5743bf21d60,40561.78076814,,,,ATA,erc20,"{'value': '0x0896dbc95f192fc87800', 'address': '0xa2120b9e674d3fc3875f415a7df52e382f141225', 'decimal': '0x12'}",{'blockTimestamp': '2022-10-10T23:30:11.000Z'}
637,0xefe137,0x940c4dc22c26da32ef3c0a2393a5b490aef0cabf66058c5ac219c7e8fa38218d:log:62,0x940c4dc22c26da32ef3c0a2393a5b490aef0cabf66058c5ac219c7e8fa38218d,0xa9d1e08c7793af67e9d92fe308d5697fb81d3e43,0x4b8a339be06ff31752a806995b72e76e93dd9106,40561.78076814,,,,ATA,erc20,"{'value': '0x0896dbc95f192fc87800', 'address': '0xa2120b9e674d3fc3875f415a7df52e382f141225', 'decimal': '0x12'}",{'blockTimestamp': '2022-10-10T22:43:11.000Z'}
638,0xefe0a1,0x0abe2155fedfd5454d5ec4b478eab51289a7fada496405e3b534bdb53511fad6:log:325,0x0abe2155fedfd5454d5ec4b478eab51289a7fada496405e3b534bdb53511fad6,0x18367e7fb5d2928e2d52996e4b9cc8780d864a57,0x6e90b6005d7eef5e0da2d9410646b88c2ed97d50,88.0,,,,ATA,erc20,"{'value': '0x04c53ecdc18a600000', 'address': '0xa2120b9e674d3fc3875f415a7df52e382f141225', 'decimal': '0x12'}",{'blockTimestamp': '2022-10-10T22:13:11.000Z'}
639,0xefddae,0x930bb6a5992ed4600142543b329911d59fe4a660e3e17230b9b7e43f44a08016:log:15,0x930bb6a5992ed4600142543b329911d59fe4a660e3e17230b9b7e43f44a08016,0xdfd5293d8e347dfe59e90efd55b2956a1343963d,0x9a1fa52a41dbd6ba7a98d9cc125bef1b07d4674a,250.9768,,,,ATA,erc20,"{'value': '0x0d9b00b5de30420000', 'address': '0xa2120b9e674d3fc3875f415a7df52e382f141225', 'decimal': '0x12'}",{'blockTimestamp': '2022-10-10T19:41:47.000Z'}
640,0xefc272,0x3aacf2c104067c804c780a6c2d20d4832aa53771baf0871febbcaa5b05e05fdc:log:85,0x3aacf2c104067c804c780a6c2d20d4832aa53771baf0871febbcaa5b05e05fdc,0x21a31ee1afc51d94c2efccaa2092ad1028285549,0xeb91263907dec6b20de095ee6a7545f52df10b0d,873.81807107,,,,ATA,erc20,"{'value': '0x2f5ea969f39c63ac00', 'address': '0xa2120b9e674d3fc3875f415a7df52e382f141225', 'decimal': '0x12'}",{'blockTimestamp': '2022-10-09T20:19:35.000Z'}
641,0xefaa2a,0xbbe29d4ab6417033af14bbceeefbb0731572de357fb5b399f25c775b0abfc3f0:log:433,0xbbe29d4ab6417033af14bbceeefbb0731572de357fb5b399f25c775b0abfc3f0,0x9060a859602ff697795a6fce59d59317fa3f873b,0x28c6c06298d514db089934071355e5743bf21d60,2014.0,,,,ATA,erc20,"{'value': '0x6d2ddd595ee4b80000', 'address': '0xa2120b9e674d3fc3875f415a7df52e382f141225', 'decimal': '0x12'}",{'blockTimestamp': '2022-10-08T23:30:11.000Z'}
642,0xefa995,0x0087d9aa4dd5f9bf50b4e258295ba987aa7d4e4835b6f84b616e8eab002a2500:log:196,0x0087d9aa4dd5f9bf50b4e258295ba987aa7d4e4835b6f84b616e8eab002a2500,0x3c02290922a3618a4646e3bbca65853ea45fe7c6,0x9060a859602ff697795a6fce59d59317fa3f873b,2014.0,,,,ATA,erc20,"{'value': '0x6d2ddd595ee4b80000', 'address': '0xa2120b9e674d3fc3875f415a7df52e382f141225', 'decimal': '0x12'}",{'blockTimestamp': '2022-10-08T23:00:23.000Z'}
643,0xefa3f4,0x9caead6dafc3d56382d9dd4fd45deec7c7c27a82a9cf70a8daadf544c234acfa:log:44,0x9caead6dafc3d56382d9dd4fd45deec7c7c27a82a9cf70a8daadf544c234acfa,0x28c6c06298d514db089934071355e5743bf21d60,0x0082084ba3e2f9f4c72c644f86812cd5ec6e7a18,995.0,,,,ATA,erc20,"{'value': '0x35f0661c4399ac0000', 'address': '0xa2120b9e674d3fc3875f415a7df52e382f141225', 'decimal': '0x12'}",{'blockTimestamp': '2022-10-08T18:10:35.000Z'}
644,0xefa202,0xa02db4959fe84af09a9939a8a9c387c196b9b89c9e107707509a895ba27b6f5c:log:380,0xa02db4959fe84af09a9939a8a9c387c196b9b89c9e107707509a895ba27b6f5c,0x9060a859602ff697795a6fce59d59317fa3f873b,0x28c6c06298d514db089934071355e5743bf21d60,1224.0,,,,ATA,erc20,"{'value': '0x425a698af856200000', 'address': '0xa2120b9e674d3fc3875f415a7df52e382f141225', 'decimal': '0x12'}",{'blockTimestamp': '2022-10-08T16:30:11.000Z'}
645,0xefa195,0x9a6e473c74ee000ca705dc517a3bbeb00468ed75dddfa89880eb950a7a1361ec:log:71,0x9a6e473c74ee000ca705dc517a3bbeb00468ed75dddfa89880eb950a7a1361ec,0x3c02290922a3618a4646e3bbca65853ea45fe7c6,0x9060a859602ff697795a6fce59d59317fa3f873b,1224.0,,,,ATA,erc20,"{'value': '0x425a698af856200000', 'address': '0xa2120b9e674d3fc3875f415a7df52e382f141225', 'decimal': '0x12'}",{'blockTimestamp': '2022-10-08T16:08:11.000Z'}
646,0xef9d71,0x748925254c37580e6d90fc35ebddc859ebd2dfe4112ed6e70d87d0ac0d2cba92:log:81,0x748925254c37580e6d90fc35ebddc859ebd2dfe4112ed6e70d87d0ac0d2cba92,0xdfd5293d8e347dfe59e90efd55b2956a1343963d,0x9291b4f53a1b0af121ebc31d8cb755b63e2873e2,389.59,,,,ATA,erc20,"{'value': '0x151ea5b8dd1c6f0000', 'address': '0xa2120b9e674d3fc3875f415a7df52e382f141225', 'decimal': '0x12'}",{'blockTimestamp': '2022-10-08T12:35:35.000Z'}
647,0xef9cc0,0x85d6c3c46515b4573a90dfad871b3491b546e288b9d87f8886cc618a01e7377f:log:399,0x85d6c3c46515b4573a90dfad871b3491b546e288b9d87f8886cc618a01e7377f,0x9060a859602ff697795a6fce59d59317fa3f873b,0x28c6c06298d514db089934071355e5743bf21d60,5143.8,,,,ATA,erc20,"{'value': '0x0116d8909efac64c0000', 'address': '0xa2120b9e674d3fc3875f415a7df52e382f141225', 'decimal': '0x12'}",{'blockTimestamp': '2022-10-08T12:00:11.000Z'}
648,0xef9c54,0x36b8313127b4ace1fbc57ac66073d4e135665406ec3012340d8ec5c2fd73e8c1:log:391,0x36b8313127b4ace1fbc57ac66073d4e135665406ec3012340d8ec5c2fd73e8c1,0x3c02290922a3618a4646e3bbca65853ea45fe7c6,0x9060a859602ff697795a6fce59d59317fa3f873b,2687.0000000000005,,,,ATA,erc20,"{'value': '0x91a99da7a9f29c0000', 'address': '0xa2120b9e674d3fc3875f415a7df52e382f141225', 'decimal': '0x12'}",{'blockTimestamp': '2022-10-08T11:38:23.000Z'}
649,0xef9c0d,0xeb8045687a15e6d20d91a29a6e39e9ecaf336f8a69ec384e628f16273ee53726:log:144,0xeb8045687a15e6d20d91a29a6e39e9ecaf336f8a69ec384e628f16273ee53726,0x3c02290922a3618a4646e3bbca65853ea45fe7c6,0x9060a859602ff697795a6fce59d59317fa3f873b,1654.0,,,,ATA,erc20,"{'value': '0x59a9dc6cbb80180000', 'address': '0xa2120b9e674d3fc3875f415a7df52e382f141225', 'decimal': '0x12'}",{'blockTimestamp': '2022-10-08T11:24:11.000Z'}
650,0xef9bd1,0x98018e175ad1a1f42ed28571cd6ad5809062db2a6ee5bf3aad0fe86c0dfcc3d6:log:518,0x98018e175ad1a1f42ed28571cd6ad5809062db2a6ee5bf3aad0fe86c0dfcc3d6,0x3c02290922a3618a4646e3bbca65853ea45fe7c6,0x9060a859602ff697795a6fce59d59317fa3f873b,802.8,,,,ATA,erc20,"{'value': '0x2b85168a9553980000', 'address': '0xa2120b9e674d3fc3875f415a7df52e382f141225', 'decimal': '0x12'}",{'blockTimestamp': '2022-10-08T11:12:11.000Z'}
651,0xef96ea,0xbf01dc04ee97b7bb62f210e66cea82019738f28111a9defec82d2dbf38dc59b3:log:505,0xbf01dc04ee97b7bb62f210e66cea82019738f28111a9defec82d2dbf38dc59b3,0x9060a859602ff697795a6fce59d59317fa3f873b,0x28c6c06298d514db089934071355e5743bf21d60,2078.0,,,,ATA,erc20,"{'value': '0x70a60b0648bdb80000', 'address': '0xa2120b9e674d3fc3875f415a7df52e382f141225', 'decimal': '0x12'}",{'blockTimestamp': '2022-10-08T07:00:23.000Z'}
652,0xef9653,0xda91c4d31436fea738f69f24985887e0455307d7ae59564e142048d75c9c51c8:log:81,0xda91c4d31436fea738f69f24985887e0455307d7ae59564e142048d75c9c51c8,0x3c02290922a3618a4646e3bbca65853ea45fe7c6,0x9060a859602ff697795a6fce59d59317fa3f873b,2078.0,,,,ATA,erc20,"{'value': '0x70a60b0648bdb80000', 'address': '0xa2120b9e674d3fc3875f415a7df52e382f141225', 'decimal': '0x12'}",{'blockTimestamp': '2022-10-08T06:30:11.000Z'}
653,0xef9493,0x6a1baa643ed5368eeadebb485b363148370063384fff4522d5975b8578697494:log:252,0x6a1baa643ed5368eeadebb485b363148370063384fff4522d5975b8578697494,0x9060a859602ff697795a6fce59d59317fa3f873b,0x28c6c06298d514db089934071355e5743bf21d60,1444.0,,,,ATA,erc20,"{'value': '0x4e47868d5c30100000', 'address': '0xa2120b9e674d3fc3875f415a7df52e382f141225', 'decimal': '0x12'}",{'blockTimestamp': '2022-10-08T05:00:11.000Z'}
654,0xef9444,0xcc3588db27d406a6bb9c9342602aa1c1356f35719e6090f709aa6fff8882ad5e:log:319,0xcc3588db27d406a6bb9c9342602aa1c1356f35719e6090f709aa6fff8882ad5e,0x3c02290922a3618a4646e3bbca65853ea45fe7c6,0x9060a859602ff697795a6fce59d59317fa3f873b,1444.0,,,,ATA,erc20,"{'value': '0x4e47868d5c30100000', 'address': '0xa2120b9e674d3fc3875f415a7df52e382f141225', 'decimal': '0x12'}",{'blockTimestamp': '2022-10-08T04:44:11.000Z'}
655,0xef8575,0x03b570a7053167c2b16b255e8cde92c06139330c50bc04afa55f9fdcd45bb8c6:log:387,0x03b570a7053167c2b16b255e8cde92c06139330c50bc04afa55f9fdcd45bb8c6,0xd8259173fb6ae1fb2462213bc1fe951c41a35a59,0x28c6c06298d514db089934071355e5743bf21d60,1083.0,,,,ATA,erc20,"{'value': '0x3ab5a4ea05240c0000', 'address': '0xa2120b9e674d3fc3875f415a7df52e382f141225', 'decimal': '0x12'}",{'blockTimestamp': '2022-10-07T16:00:59.000Z'}
656,0xef851e,0xefb6796e203ce60cd4ceee8bdc0c012f0da218c01a5db45459dae2ab7decde0e:log:468,0xefb6796e203ce60cd4ceee8bdc0c012f0da218c01a5db45459dae2ab7decde0e,0x3c02290922a3618a4646e3bbca65853ea45fe7c6,0xd8259173fb6ae1fb2462213bc1fe951c41a35a59,1083.0,,,,ATA,erc20,"{'value': '0x3ab5a4ea05240c0000', 'address': '0xa2120b9e674d3fc3875f415a7df52e382f141225', 'decimal': '0x12'}",{'blockTimestamp': '2022-10-07T15:42:23.000Z'}
657,0xef84ef,0xd2a274a3758e0cf82f87d5fd57f80f27bf7992930dcaadb14614f20b3940a4bf:log:165,0xd2a274a3758e0cf82f87d5fd57f80f27bf7992930dcaadb14614f20b3940a4bf,0x21a31ee1afc51d94c2efccaa2092ad1028285549,0xe6cadab67e83b01f275e45c3a2e98006d3682630,3801.58205121,,,,ATA,erc20,"{'value': '0xce158c8dee38e6e400', 'address': '0xa2120b9e674d3fc3875f415a7df52e382f141225', 'decimal': '0x12'}",{'blockTimestamp': '2022-10-07T15:32:59.000Z'}
658,0xef8356,0xc10d0228c740a5a7d74fe62fc3a910fb75b417031c28a844b1d8844c5ed3514a:log:186,0xc10d0228c740a5a7d74fe62fc3a910fb75b417031c28a844b1d8844c5ed3514a,0x28c6c06298d514db089934071355e5743bf21d60,0x89100ba9ee477ada9e2003e0675724185278648d,71169.0,,,,ATA,erc20,"{'value': '0x0f121447ce7a3f640000', 'address': '0xa2120b9e674d3fc3875f415a7df52e382f141225', 'decimal': '0x12'}",{'blockTimestamp': '2022-10-07T14:09:23.000Z'}
659,0xef8296,0x924a1ec6b05dc1d8344e8f1ca405a99bc7849363d358fcd3ac1ad6867a576ccc:log:483,0x924a1ec6b05dc1d8344e8f1ca405a99bc7849363d358fcd3ac1ad6867a576ccc,0xa22fc6a83a3d588f6e0dbce0a4fe1ce627b00091,0x28c6c06298d514db089934071355e5743bf21d60,44641.07142857143,,,,ATA,erc20,"{'value': '0x0973ff5119c0a7b44925', 'address': '0xa2120b9e674d3fc3875f415a7df52e382f141225', 'decimal': '0x12'}",{'blockTimestamp': '2022-10-07T13:30:47.000Z'}
660,0xef8295,0xc65edb8c567646db21ee1399d93bec5f0fbb603cc550ba8207d247577bc3c298:log:196,0xc65edb8c567646db21ee1399d93bec5f0fbb603cc550ba8207d247577bc3c298,0xc56a98cf46f44142444a8ccdc96ce799be09b0b2,0x28c6c06298d514db089934071355e5743bf21d60,2738.09398,,,,ATA,erc20,"{'value': '0x946eafefc42f85c000', 'address': '0xa2120b9e674d3fc3875f415a7df52e382f141225', 'decimal': '0x12'}",{'blockTimestamp': '2022-10-07T13:30:35.000Z'}
661,0xef8262,0x1df840704dc86bfdd076e0bffbde45172ba8ef2674c2b492596c1b482642c245:log:204,0x1df840704dc86bfdd076e0bffbde45172ba8ef2674c2b492596c1b482642c245,0x3c02290922a3618a4646e3bbca65853ea45fe7c6,0xc56a98cf46f44142444a8ccdc96ce799be09b0b2,2738.09398017,,,,ATA,erc20,"{'value': '0x946eafefebc44fe400', 'address': '0xa2120b9e674d3fc3875f415a7df52e382f141225', 'decimal': '0x12'}",{'blockTimestamp': '2022-10-07T13:20:23.000Z'}
662,0xef8226,0xae09c3af13789e5e756f8f5e16ce2867d9c204999b1c3d275aed01f90bae4ae6:log:238,0xae09c3af13789e5e756f8f5e16ce2867d9c204999b1c3d275aed01f90bae4ae6,0xca63cd425d0e78ffe05a84c330bfee691242113d,0xa22fc6a83a3d588f6e0dbce0a4fe1ce627b00091,44641.07142857143,,,,ATA,erc20,"{'value': '0x0973ff5119c0a7b44925', 'address': '0xa2120b9e674d3fc3875f415a7df52e382f141225', 'decimal': '0x12'}",{'blockTimestamp': '2022-10-07T13:08:11.000Z'}
663,0xef8222,0xf2a833e58fa391621988b7658ad0c877c80b5cf37f609d89d4c7ea367df11f72:log:199,0xf2a833e58fa391621988b7658ad0c877c80b5cf37f609d89d4c7ea367df11f72,0xa2120b9e674d3fc3875f415a7df52e382f141225,0xca63cd425d0e78ffe05a84c330bfee691242113d,44641.07142857143,,,,ATA,erc20,"{'value': '0x0973ff5119c0a7b44925', 'address': '0xa2120b9e674d3fc3875f415a7df52e382f141225', 'decimal': '0x12'}",{'blockTimestamp': '2022-10-07T13:07:23.000Z'}
664,0xef81d6,0xbadbc7c746d8197f59af763daf9d374d6086f223416e5711b59bb92d3c96ffea:log:68,0xbadbc7c746d8197f59af763daf9d374d6086f223416e5711b59bb92d3c96ffea,0xcb8b64477e1b071480b440983fba05af9ea5240d,0x3c02290922a3618a4646e3bbca65853ea45fe7c6,5326.3346,,,,ATA,erc20,"{'value': '0x0120bdbdca91e0508000', 'address': '0xa2120b9e674d3fc3875f415a7df52e382f141225', 'decimal': '0x12'}",{'blockTimestamp': '2022-10-07T12:51:59.000Z'}
665,0xef81d5,0xd34ff904c94b76c64c9a5af450e35b16aeb6e5fb36c0df2abc1111f1be62b5ec:log:102,0xd34ff904c94b76c64c9a5af450e35b16aeb6e5fb36c0df2abc1111f1be62b5ec,0xf431666bdc13d00bc0d2661ef756755f0c7086dd,0x3c02290922a3618a4646e3bbca65853ea45fe7c6,11635.999999999998,,,,ATA,erc20,"{'value': '0x0276c9f05dd46d500000', 'address': '0xa2120b9e674d3fc3875f415a7df52e382f141225', 'decimal': '0x12'}",{'blockTimestamp': '2022-10-07T12:51:47.000Z'}
666,0xef8183,0xd052362af28c65a93620852db82787e256b2bdb535337ba7a08a419afdb8791b:log:174,0xd052362af28c65a93620852db82787e256b2bdb535337ba7a08a419afdb8791b,0xdfd5293d8e347dfe59e90efd55b2956a1343963d,0xcb8b64477e1b071480b440983fba05af9ea5240d,2571.405,,,,ATA,erc20,"{'value': '0x8b6569b79cc7548000', 'address': '0xa2120b9e674d3fc3875f415a7df52e382f141225', 'decimal': '0x12'}",{'blockTimestamp': '2022-10-07T12:34:35.000Z'}
667,0xef816a,0x5c53ba44a8e9b78aea92244f1dc49b7c143191e9dc51cb3cd9bcc9c105c59614:log:120,0x5c53ba44a8e9b78aea92244f1dc49b7c143191e9dc51cb3cd9bcc9c105c59614,0x21a31ee1afc51d94c2efccaa2092ad1028285549,0xf431666bdc13d00bc0d2661ef756755f0c7086dd,11635.999999999998,,,,ATA,erc20,"{'value': '0x0276c9f05dd46d500000', 'address': '0xa2120b9e674d3fc3875f415a7df52e382f141225', 'decimal': '0x12'}",{'blockTimestamp': '2022-10-07T12:29:35.000Z'}
668,0xef8148,0xaef1b086db65db60a048fee01f78f3ff5db987c50b5c92e91a5aace28c93dcf0:log:89,0xaef1b086db65db60a048fee01f78f3ff5db987c50b5c92e91a5aace28c93dcf0,0xf16e9b0d03470827a95cdfd0cb8a8a3b46969b91,0xcb8b64477e1b071480b440983fba05af9ea5240d,2754.9296000000004,,,,ATA,erc20,"{'value': '0x95585412f518fc0000', 'address': '0xa2120b9e674d3fc3875f415a7df52e382f141225', 'decimal': '0x12'}",{'blockTimestamp': '2022-10-07T12:22:47.000Z'}
669,0xef7fb8,0xfcdb33707ffbc3bf8564e33580d294c27d99f312382cee79d94cd2f84842bcfe:log:94,0xfcdb33707ffbc3bf8564e33580d294c27d99f312382cee79d94cd2f84842bcfe,0x28c6c06298d514db089934071355e5743bf21d60,0x624710d44f29712966e3b0f1568e458833f623be,61649.0,,,,ATA,erc20,"{'value': '0x0d0dffbd959968a40000', 'address': '0xa2120b9e674d3fc3875f415a7df52e382f141225', 'decimal': '0x12'}",{'blockTimestamp': '2022-10-07T11:02:23.000Z'}
670,0xef7e94,0x4766dadd2e762018a3c60103a94825d75284cbde57dc7a5c50bb2c04430d3238:log:71,0x4766dadd2e762018a3c60103a94825d75284cbde57dc7a5c50bb2c04430d3238,0xdfd5293d8e347dfe59e90efd55b2956a1343963d,0xd2d12fbd85ccf797bfd8d4b2f1560129f0cf36bd,4825.149,,,,ATA,erc20,"{'value': '0x01059264dac3d34c8000', 'address': '0xa2120b9e674d3fc3875f415a7df52e382f141225', 'decimal': '0x12'}",{'blockTimestamp': '2022-10-07T10:03:47.000Z'}
671,0xef7dec,0x8abdba40e982f315b17c50dcb92d726fcd3da24f1e09ecab8b108fa507ca106b:log:560,0x8abdba40e982f315b17c50dcb92d726fcd3da24f1e09ecab8b108fa507ca106b,0x32cdc6a3bdc3110d0f740689e79b13a24f6764d4,0x28c6c06298d514db089934071355e5743bf21d60,1229.82182557,,,,ATA,erc20,"{'value': '0x42ab34d27b0a42d400', 'address': '0xa2120b9e674d3fc3875f415a7df52e382f141225', 'decimal': '0x12'}",{'blockTimestamp': '2022-10-07T09:30:11.000Z'}
672,0xef7dec,0x125974b761a9f07d5bb57bd12450c6fdddd05de3cbfb237adc556cb645e10817:log:553,0x125974b761a9f07d5bb57bd12450c6fdddd05de3cbfb237adc556cb645e10817,0x649ae85d11017ac43f0cbab561982e0c9ceeda1f,0x28c6c06298d514db089934071355e5743bf21d60,12918.929466045378,,,,ATA,erc20,"{'value': '0x02bc56296df249a61632', 'address': '0xa2120b9e674d3fc3875f415a7df52e382f141225', 'decimal': '0x12'}",{'blockTimestamp': '2022-10-07T09:30:11.000Z'}
673,0xef7dbf,0x6b7d134a3458deb2170140b249a24cf685c94c683824e520f9ab1c26044c38df:log:167,0x6b7d134a3458deb2170140b249a24cf685c94c683824e520f9ab1c26044c38df,0x21a31ee1afc51d94c2efccaa2092ad1028285549,0xff90a78642e7f3ac41f6305430e5241cc8b30aab,1386.591,,,,ATA,erc20,"{'value': '0x4b2ad0d006a9a98000', 'address': '0xa2120b9e674d3fc3875f415a7df52e382f141225', 'decimal': '0x12'}",{'blockTimestamp': '2022-10-07T09:21:11.000Z'}
674,0xef7d9e,0x179983a05a52bb9aa21fe4a7536d220276570ebfeb6ef9ffc98dd24b439c48cd:log:514,0x179983a05a52bb9aa21fe4a7536d220276570ebfeb6ef9ffc98dd24b439c48cd,0x3c02290922a3618a4646e3bbca65853ea45fe7c6,0x32cdc6a3bdc3110d0f740689e79b13a24f6764d4,1229.82182557,,,,ATA,erc20,"{'value': '0x42ab34d27b0a42d400', 'address': '0xa2120b9e674d3fc3875f415a7df52e382f141225', 'decimal': '0x12'}",{'blockTimestamp': '2022-10-07T09:14:23.000Z'}
675,0xef7d63,0xd7e299c8b9d88f5c59ad8eb69f9d5919a797043892ac8f710ef4296deeefadae:log:257,0xd7e299c8b9d88f5c59ad8eb69f9d5919a797043892ac8f710ef4296deeefadae,0x1bad1270426b8059a783704308cec80753de0b38,0x649ae85d11017ac43f0cbab561982e0c9ceeda1f,12918.929466045378,,,,ATA,erc20,"{'value': '0x02bc56296df249a61632', 'address': '0xa2120b9e674d3fc3875f415a7df52e382f141225', 'decimal': '0x12'}",{'blockTimestamp': '2022-10-07T09:02:35.000Z'}
676,0xef7d58,0xcf17b0ef72001f0065e9573e3610ce004920daa81f424dc38b43605d3d6191df:log:426,0xcf17b0ef72001f0065e9573e3610ce004920daa81f424dc38b43605d3d6191df,0x32cdc6a3bdc3110d0f740689e79b13a24f6764d4,0x28c6c06298d514db089934071355e5743bf21d60,4550.66355601,,,,ATA,erc20,"{'value': '0xf6b124a9be03f82400', 'address': '0xa2120b9e674d3fc3875f415a7df52e382f141225', 'decimal': '0x12'}",{'blockTimestamp': '2022-10-07T09:00:23.000Z'}
677,0xef7d29,0x6ba534ea6161c3e0da8ef7b5ba04a4f3334d4a3af195fb9319503af9c6e5faac:log:81,0x6ba534ea6161c3e0da8ef7b5ba04a4f3334d4a3af195fb9319503af9c6e5faac,0x28c6c06298d514db089934071355e5743bf21d60,0x4fa28621150ddb1834ca4e61bafb9cf04f7c83ca,12595.84942719,,,,ATA,erc20,"{'value': '0x02aad2868e5bdf6e1c00', 'address': '0xa2120b9e674d3fc3875f415a7df52e382f141225', 'decimal': '0x12'}",{'blockTimestamp': '2022-10-07T08:50:59.000Z'}
678,0xef7d01,0x42fca58cb3ac29a3315f64dd7824e037b6c7e3ca379115d2a2cff6ad1b9f55d0:log:211,0x42fca58cb3ac29a3315f64dd7824e037b6c7e3ca379115d2a2cff6ad1b9f55d0,0x979715bfd3e217122d9ab7dbff5dfc230bf378be,0x4fa28621150ddb1834ca4e61bafb9cf04f7c83ca,43.12089005,,,,ATA,erc20,"{'value': '0x02566c2d0944ed1400', 'address': '0xa2120b9e674d3fc3875f415a7df52e382f141225', 'decimal': '0x12'}",{'blockTimestamp': '2022-10-07T08:42:59.000Z'}
679,0xef7cf5,0x3042acd341aa4b8d19c3c29aae01d7d05b9effd89c09257cd1998a8cf18bd1ba:log:214,0x3042acd341aa4b8d19c3c29aae01d7d05b9effd89c09257cd1998a8cf18bd1ba,0xdfd5293d8e347dfe59e90efd55b2956a1343963d,0x979715bfd3e217122d9ab7dbff5dfc230bf378be,43.12089005,,,,ATA,erc20,"{'value': '0x02566c2d0944ed1400', 'address': '0xa2120b9e674d3fc3875f415a7df52e382f141225', 'decimal': '0x12'}",{'blockTimestamp': '2022-10-07T08:40:35.000Z'}
680,0xef7cd7,0xc5fa8dd0b2f9639d0fe07388ed73f5139d4366113cd0cf1971ec2ffeeb114f2e:log:354,0xc5fa8dd0b2f9639d0fe07388ed73f5139d4366113cd0cf1971ec2ffeeb114f2e,0x3c02290922a3618a4646e3bbca65853ea45fe7c6,0x32cdc6a3bdc3110d0f740689e79b13a24f6764d4,4550.66355601,,,,ATA,erc20,"{'value': '0xf6b124a9be03f82400', 'address': '0xa2120b9e674d3fc3875f415a7df52e382f141225', 'decimal': '0x12'}",{'blockTimestamp': '2022-10-07T08:34:35.000Z'}
681,0xef7ca2,0xa373488e2f42e2692a341fff9778233e2d46a0b2e3ae0b281424b171d5ab8ec5:log:71,0xa373488e2f42e2692a341fff9778233e2d46a0b2e3ae0b281424b171d5ab8ec5,0x40ec5b33f54e0e8a33a975908c5ba1c14e5bbbdf,0x1bad1270426b8059a783704308cec80753de0b38,12918.929466045378,,,,ATA,erc20,"{'value': '0x02bc56296df249a61632', 'address': '0xa2120b9e674d3fc3875f415a7df52e382f141225', 'decimal': '0x12'}",{'blockTimestamp': '2022-10-07T08:23:59.000Z'}
682,0xef7c2d,0x63d283b1ee01aedc574409e60700498ae2cf41caa55857428b3ab6e6b0c3ecb7:log:521,0x63d283b1ee01aedc574409e60700498ae2cf41caa55857428b3ab6e6b0c3ecb7,0xe9096f0c84fd5fe4ff06d28737c7801b1ac28a39,0x28c6c06298d514db089934071355e5743bf21d60,5681.720491640001,,,,ATA,erc20,"{'value': '0x013401b61c19ebfab000', 'address': '0xa2120b9e674d3fc3875f415a7df52e382f141225', 'decimal': '0x12'}",{'blockTimestamp': '2022-10-07T08:00:11.000Z'}
683,0xef7c2d,0xeca69bff9cf20a21530e36f58ee0cce7bb5aafdad8cc60397662c6fbbb4db019:log:516,0xeca69bff9cf20a21530e36f58ee0cce7bb5aafdad8cc60397662c6fbbb4db019,0xcb9ecf7e53e84bd70d4eb110674d5981b6b9adf0,0x28c6c06298d514db089934071355e5743bf21d60,10791.0,,,,ATA,erc20,"{'value': '0x0248fb354ed4e83c0000', 'address': '0xa2120b9e674d3fc3875f415a7df52e382f141225', 'decimal': '0x12'}",{'blockTimestamp': '2022-10-07T08:00:11.000Z'}
684,0xef7c02,0xf980310b4586fccbb08a1431186ab8c2d0b45fe622c575e7d4243958c4c2fc9c:log:69,0xf980310b4586fccbb08a1431186ab8c2d0b45fe622c575e7d4243958c4c2fc9c,0x0ace0d05cafdfa02b726d99485af599c2a7fd18f,0x3c02290922a3618a4646e3bbca65853ea45fe7c6,4706.268,,,,ATA,erc20,"{'value': '0xff2096b31f9c160000', 'address': '0xa2120b9e674d3fc3875f415a7df52e382f141225', 'decimal': '0x12'}",{'blockTimestamp': '2022-10-07T07:51:35.000Z'}
685,0xef7c02,0xc54ca3af3ba3587d8b41745c51a67d16fa27273c96e9808b6bbf715d0f145764:log:67,0xc54ca3af3ba3587d8b41745c51a67d16fa27273c96e9808b6bbf715d0f145764,0x8d8b4dc1ba470e2466c35e3356e1d91c49a1fce1,0x3c02290922a3618a4646e3bbca65853ea45fe7c6,5289.3415307099995,,,,ATA,erc20,"{'value': '0x011ebc5c020c5a73dc00', 'address': '0xa2120b9e674d3fc3875f415a7df52e382f141225', 'decimal': '0x12'}",{'blockTimestamp': '2022-10-07T07:51:35.000Z'}
686,0xef7c02,0x73f4c360c016b354e97261e75540a9a8b960f985a1ee0f0d0ec9911a812abfb9:log:65,0x73f4c360c016b354e97261e75540a9a8b960f985a1ee0f0d0ec9911a812abfb9,0x8b2e9f195bb0c117b7b5765189e18cbc0186aff5,0x3c02290922a3618a4646e3bbca65853ea45fe7c6,6284.0,,,,ATA,erc20,"{'value': '0x0154a804c1f0eab00000', 'address': '0xa2120b9e674d3fc3875f415a7df52e382f141225', 'decimal': '0x12'}",{'blockTimestamp': '2022-10-07T07:51:35.000Z'}
687,0xef7c02,0x6ff3057bb886d8952821c88d7d8bfcd795853be8cd0106835de52de4d3e920e8:log:62,0x6ff3057bb886d8952821c88d7d8bfcd795853be8cd0106835de52de4d3e920e8,0x3d20031848995e6c4078be6716526b37764b5145,0x3c02290922a3618a4646e3bbca65853ea45fe7c6,10797.0,,,,ATA,erc20,"{'value': '0x02494e79970ad4940000', 'address': '0xa2120b9e674d3fc3875f415a7df52e382f141225', 'decimal': '0x12'}",{'blockTimestamp': '2022-10-07T07:51:35.000Z'}
688,0xef7c02,0x715f059a4ff8b1fd7fd3d91378996fe4f970c48e417452e3ee617fd3426f2f81:log:60,0x715f059a4ff8b1fd7fd3d91378996fe4f970c48e417452e3ee617fd3426f2f81,0xf431666bdc13d00bc0d2661ef756755f0c7086dd,0x3c02290922a3618a4646e3bbca65853ea45fe7c6,11650.628,,,,ATA,erc20,"{'value': '0x027794f17653cbba0000', 'address': '0xa2120b9e674d3fc3875f415a7df52e382f141225', 'decimal': '0x12'}",{'blockTimestamp': '2022-10-07T07:51:35.000Z'}
689,0xef7bc9,0x16589b01a0865911732671f6c5fe960afb4579f5e2f21509aa23ecc56101124a:log:29,0x16589b01a0865911732671f6c5fe960afb4579f5e2f21509aa23ecc56101124a,0x3c02290922a3618a4646e3bbca65853ea45fe7c6,0xe9096f0c84fd5fe4ff06d28737c7801b1ac28a39,5681.720491640001,,,,ATA,erc20,"{'value': '0x013401b61c19ebfab000', 'address': '0xa2120b9e674d3fc3875f415a7df52e382f141225', 'decimal': '0x12'}",{'blockTimestamp': '2022-10-07T07:40:11.000Z'}
690,0xef7bb6,0x934c172e85364b2cb50f889f70eeca1f8156af49d1a2c1ef43b92015c14aa81b:log:269,0x934c172e85364b2cb50f889f70eeca1f8156af49d1a2c1ef43b92015c14aa81b,0x3c02290922a3618a4646e3bbca65853ea45fe7c6,0xcb9ecf7e53e84bd70d4eb110674d5981b6b9adf0,10791.0,,,,ATA,erc20,"{'value': '0x0248fb354ed4e83c0000', 'address': '0xa2120b9e674d3fc3875f415a7df52e382f141225', 'decimal': '0x12'}",{'blockTimestamp': '2022-10-07T07:36:23.000Z'}
691,0xef7b9e,0xf5b7179ab18e3ca2d8cd25c283465b168da23b024ee978ee3716d6f3213fe7a5:log:73,0xf5b7179ab18e3ca2d8cd25c283465b168da23b024ee978ee3716d6f3213fe7a5,0x21a31ee1afc51d94c2efccaa2092ad1028285549,0x0ace0d05cafdfa02b726d99485af599c2a7fd18f,4706.268,,,,ATA,erc20,"{'value': '0xff2096b31f9c160000', 'address': '0xa2120b9e674d3fc3875f415a7df52e382f141225', 'decimal': '0x12'}",{'blockTimestamp': '2022-10-07T07:31:35.000Z'}
692,0xef7b98,0x75eefd33b0d9a6c8fae4f541a0f20d19eee31b6791aec20af20d02af749f26f7:log:344,0x75eefd33b0d9a6c8fae4f541a0f20d19eee31b6791aec20af20d02af749f26f7,0xa5af71cbdf246b1ee681d81da730c1a7c3b52d87,0x28c6c06298d514db089934071355e5743bf21d60,1864.0,,,,ATA,erc20,"{'value': '0x650c324c1ad0200000', 'address': '0xa2120b9e674d3fc3875f415a7df52e382f141225', 'decimal': '0x12'}",{'blockTimestamp': '2022-10-07T07:30:23.000Z'}
693,0xef7b96,0xe3cfe224624eb9a2f9319817d567f65087c50acfef0a24c0cad7643a499ac2a7:log:12,0xe3cfe224624eb9a2f9319817d567f65087c50acfef0a24c0cad7643a499ac2a7,0x28c6c06298d514db089934071355e5743bf21d60,0x6a05b31ca3a0c2db16f20c111869c6796f86ba25,1036.941,,,,ATA,erc20,"{'value': '0x383672798d16548000', 'address': '0xa2120b9e674d3fc3875f415a7df52e382f141225', 'decimal': '0x12'}",{'blockTimestamp': '2022-10-07T07:29:59.000Z'}
694,0xef7b8d,0x1818e6bf0f94bbccd6721f45eb349a02ee6b81888674ab2f377d62076af1d27e:log:565,0x1818e6bf0f94bbccd6721f45eb349a02ee6b81888674ab2f377d62076af1d27e,0x0d0707963952f2fba59dd06f2b425ace40b492fe,0xf431666bdc13d00bc0d2661ef756755f0c7086dd,3496.6279999999997,,,,ATA,erc20,"{'value': '0xbd8d76201224920000', 'address': '0xa2120b9e674d3fc3875f415a7df52e382f141225', 'decimal': '0x12'}",{'blockTimestamp': '2022-10-07T07:28:11.000Z'}
695,0xef7b8d,0xa4a07c759a182e0f6a5b8b050409ef7b382e10f38592db341fc0cf4ed36d2e29:log:442,0xa4a07c759a182e0f6a5b8b050409ef7b382e10f38592db341fc0cf4ed36d2e29,0xdfd5293d8e347dfe59e90efd55b2956a1343963d,0x3d20031848995e6c4078be6716526b37764b5145,6263.0,,,,ATA,erc20,"{'value': '0x01538495c5342f7c0000', 'address': '0xa2120b9e674d3fc3875f415a7df52e382f141225', 'decimal': '0x12'}",{'blockTimestamp': '2022-10-07T07:28:11.000Z'}
696,0xef7b8b,0x7cc94bdb8cf61c83c7545f879d11a7db63777e3bba42a1f91d981300d61c15ec:log:165,0x7cc94bdb8cf61c83c7545f879d11a7db63777e3bba42a1f91d981300d61c15ec,0x21a31ee1afc51d94c2efccaa2092ad1028285549,0x3d20031848995e6c4078be6716526b37764b5145,4534.0,,,,ATA,erc20,"{'value': '0xf5c9e3d1d6a5180000', 'address': '0xa2120b9e674d3fc3875f415a7df52e382f141225', 'decimal': '0x12'}",{'blockTimestamp': '2022-10-07T07:27:47.000Z'}
697,0xef7b88,0x74797b2ce9211b4ecf6a372d920ba0799076165ed4fe55e07527170c26950c83:log:86,0x74797b2ce9211b4ecf6a372d920ba0799076165ed4fe55e07527170c26950c83,0x21a31ee1afc51d94c2efccaa2092ad1028285549,0x8b2e9f195bb0c117b7b5765189e18cbc0186aff5,6284.0,,,,ATA,erc20,"{'value': '0x0154a804c1f0eab00000', 'address': '0xa2120b9e674d3fc3875f415a7df52e382f141225', 'decimal': '0x12'}",{'blockTimestamp': '2022-10-07T07:27:11.000Z'}
698,0xef7b88,0x49700d278ca04aec28c0086e760c17b367a78cbe0f7e5381d7c6bd249655f4ec:log:84,0x49700d278ca04aec28c0086e760c17b367a78cbe0f7e5381d7c6bd249655f4ec,0x28c6c06298d514db089934071355e5743bf21d60,0xf431666bdc13d00bc0d2661ef756755f0c7086dd,8153.999999999999,,,,ATA,erc20,"{'value': '0x01ba077b5641a7280000', 'address': '0xa2120b9e674d3fc3875f415a7df52e382f141225', 'decimal': '0x12'}",{'blockTimestamp': '2022-10-07T07:27:11.000Z'}
699,0xef7b7b,0xd9d7fe81014196b7ba4572e153ae66aad4ab42d346ec6b0dbe78f229d19ed96c:log:32,0xd9d7fe81014196b7ba4572e153ae66aad4ab42d346ec6b0dbe78f229d19ed96c,0x28c6c06298d514db089934071355e5743bf21d60,0x8d8b4dc1ba470e2466c35e3356e1d91c49a1fce1,1864.85693071,,,,ATA,erc20,"{'value': '0x651816ba0b96cc5c00', 'address': '0xa2120b9e674d3fc3875f415a7df52e382f141225', 'decimal': '0x12'}",{'blockTimestamp': '2022-10-07T07:24:35.000Z'}
700,0xef7b51,0x728c7ff869b9f6eab9a55abe9a532a708a03b173fbc69519261f926179e1f1f6:log:295,0x728c7ff869b9f6eab9a55abe9a532a708a03b173fbc69519261f926179e1f1f6,0x3c02290922a3618a4646e3bbca65853ea45fe7c6,0xa5af71cbdf246b1ee681d81da730c1a7c3b52d87,1864.0,,,,ATA,erc20,"{'value': '0x650c324c1ad0200000', 'address': '0xa2120b9e674d3fc3875f415a7df52e382f141225', 'decimal': '0x12'}",{'blockTimestamp': '2022-10-07T07:16:11.000Z'}
701,0xef7a61,0xaa1c56a74ae004afd708f55ac22530e77c45e61af3ba830a555515c2d3bce970:log:21,0xaa1c56a74ae004afd708f55ac22530e77c45e61af3ba830a555515c2d3bce970,0xdfd5293d8e347dfe59e90efd55b2956a1343963d,0xda26ed6e7c2bb990e3251f5db26c51eb02bd03c4,42.0,,,,ATA,erc20,"{'value': '0x0246ddf97976680000', 'address': '0xa2120b9e674d3fc3875f415a7df52e382f141225', 'decimal': '0x12'}",{'blockTimestamp': '2022-10-07T06:28:11.000Z'}
702,0xef7731,0x30ce056d0cbf721c4db5546617958a2d2f35ce71ab7546334521dcc53f1dc5c5:log:137,0x30ce056d0cbf721c4db5546617958a2d2f35ce71ab7546334521dcc53f1dc5c5,0x21a31ee1afc51d94c2efccaa2092ad1028285549,0x02de50f991e33d3cb51b3ac6383354449994f11f,827.745,,,,ATA,erc20,"{'value': '0x2cdf44fbeb45b68000', 'address': '0xa2120b9e674d3fc3875f415a7df52e382f141225', 'decimal': '0x12'}",{'blockTimestamp': '2022-10-07T03:44:23.000Z'}
703,0xef7654,0xdb7b405bb65cad19f65dd3dafda030a9d9383a58b346a138a64a428f1a7217af:log:185,0xdb7b405bb65cad19f65dd3dafda030a9d9383a58b346a138a64a428f1a7217af,0xa5af71cbdf246b1ee681d81da730c1a7c3b52d87,0x28c6c06298d514db089934071355e5743bf21d60,3432.0,,,,ATA,erc20,"{'value': '0xba0c91587c14a00000', 'address': '0xa2120b9e674d3fc3875f415a7df52e382f141225', 'decimal': '0x12'}",{'blockTimestamp': '2022-10-07T03:00:11.000Z'}
704,0xef75be,0xddcad3e3752bf34107e37e5ff4f3aba1bbd9ad7e58facd63e564108d37d918dc:log:213,0xddcad3e3752bf34107e37e5ff4f3aba1bbd9ad7e58facd63e564108d37d918dc,0x3c02290922a3618a4646e3bbca65853ea45fe7c6,0xa5af71cbdf246b1ee681d81da730c1a7c3b52d87,3432.0,,,,ATA,erc20,"{'value': '0xba0c91587c14a00000', 'address': '0xa2120b9e674d3fc3875f415a7df52e382f141225', 'decimal': '0x12'}",{'blockTimestamp': '2022-10-07T02:30:11.000Z'}
705,0xef73ff,0x267b47371227cd96443c0a2a162e09f811c192197bf51828bedfa57c11598094:log:243,0x267b47371227cd96443c0a2a162e09f811c192197bf51828bedfa57c11598094,0x6e0787c1c75216bbe6cc81abe498710a0419b4f7,0x28c6c06298d514db089934071355e5743bf21d60,1840.0,,,,ATA,erc20,"{'value': '0x63bf212b431ec00000', 'address': '0xa2120b9e674d3fc3875f415a7df52e382f141225', 'decimal': '0x12'}",{'blockTimestamp': '2022-10-07T01:00:23.000Z'}
706,0xef7375,0x353b969d221dd27326ed7683b84f917dbc86223055b7d37508da2c574e02407c:log:165,0x353b969d221dd27326ed7683b84f917dbc86223055b7d37508da2c574e02407c,0x3c02290922a3618a4646e3bbca65853ea45fe7c6,0x6e0787c1c75216bbe6cc81abe498710a0419b4f7,1840.0,,,,ATA,erc20,"{'value': '0x63bf212b431ec00000', 'address': '0xa2120b9e674d3fc3875f415a7df52e382f141225', 'decimal': '0x12'}",{'blockTimestamp': '2022-10-07T00:32:11.000Z'}
707,0xef71ab,0x11c1040d363416376abfb4a483b345128393b94a878bc61838c6c9cb76f14bd9:log:454,0x11c1040d363416376abfb4a483b345128393b94a878bc61838c6c9cb76f14bd9,0x4b8a339be06ff31752a806995b72e76e93dd9106,0x28c6c06298d514db089934071355e5743bf21d60,21352.39193452,,,,ATA,erc20,"{'value': '0x048583f6e69ffc703000', 'address': '0xa2120b9e674d3fc3875f415a7df52e382f141225', 'decimal': '0x12'}",{'blockTimestamp': '2022-10-06T23:00:11.000Z'}
708,0xef7160,0xcdbc9b4d2fd79d49014ce8101f34df0f679220297180d937a09cc8b97e444704:log:118,0xcdbc9b4d2fd79d49014ce8101f34df0f679220297180d937a09cc8b97e444704,0xa9d1e08c7793af67e9d92fe308d5697fb81d3e43,0x4b8a339be06ff31752a806995b72e76e93dd9106,21352.39193452,,,,ATA,erc20,"{'value': '0x048583f6e69ffc703000', 'address': '0xa2120b9e674d3fc3875f415a7df52e382f141225', 'decimal': '0x12'}",{'blockTimestamp': '2022-10-06T22:45:11.000Z'}
709,0xef7116,0x538a202f55e4e025af30166289e63d140ee17c0567dfa087321c9840ed3390a2:log:244,0x538a202f55e4e025af30166289e63d140ee17c0567dfa087321c9840ed3390a2,0x4b8a339be06ff31752a806995b72e76e93dd9106,0x28c6c06298d514db089934071355e5743bf21d60,24379.894997450003,,,,ATA,erc20,"{'value': '0x0529a30271f60a2d6400', 'address': '0xa2120b9e674d3fc3875f415a7df52e382f141225', 'decimal': '0x12'}",{'blockTimestamp': '2022-10-06T22:30:23.000Z'}
710,0xef70ad,0x4c541bd766968ffc4b0667c51a44dda9a8990e7ae3c6e5ce579131c4ade65871:log:11,0x4c541bd766968ffc4b0667c51a44dda9a8990e7ae3c6e5ce579131c4ade65871,0xa9d1e08c7793af67e9d92fe308d5697fb81d3e43,0x4b8a339be06ff31752a806995b72e76e93dd9106,24379.894997450003,,,,ATA,erc20,"{'value': '0x0529a30271f60a2d6400', 'address': '0xa2120b9e674d3fc3875f415a7df52e382f141225', 'decimal': '0x12'}",{'blockTimestamp': '2022-10-06T22:09:11.000Z'}
711,0xef6f9a,0x129b28e1a8019692d52530d2393e278b03f53d3b0ba3291ae0fe350bd320d127:log:125,0x129b28e1a8019692d52530d2393e278b03f53d3b0ba3291ae0fe350bd320d127,0x28c6c06298d514db089934071355e5743bf21d60,0x8ee50a5f1cb578ae42e1700db8916b3cb366b160,1122.112,,,,ATA,erc20,"{'value': '0x3cd46ea6cbbb200000', 'address': '0xa2120b9e674d3fc3875f415a7df52e382f141225', 'decimal': '0x12'}",{'blockTimestamp': '2022-10-06T21:14:11.000Z'}
712,0xef6e92,0x3ccaf1cdf38df484dfe0876ca8d692286b1e16198ceab52cb6bb1d4e35138c20:log:115,0x3ccaf1cdf38df484dfe0876ca8d692286b1e16198ceab52cb6bb1d4e35138c20,0xdfd5293d8e347dfe59e90efd55b2956a1343963d,0x8597835d58598ab4b786df429b9c9f1a16780809,343.0,,,,ATA,erc20,"{'value': '0x129814cab546fc0000', 'address': '0xa2120b9e674d3fc3875f415a7df52e382f141225', 'decimal': '0x12'}",{'blockTimestamp': '2022-10-06T20:21:11.000Z'}
713,0xef6c47,0x9018f3721bb528b8211d036a1db6e4358bd3bd304279f5eca3e96f80980b9482:log:144,0x9018f3721bb528b8211d036a1db6e4358bd3bd304279f5eca3e96f80980b9482,0x21a31ee1afc51d94c2efccaa2092ad1028285549,0x0f167bc266df42daf11615517024c62edf193394,3111.25129455,,,,ATA,erc20,"{'value': '0xa8a949084702f9dc00', 'address': '0xa2120b9e674d3fc3875f415a7df52e382f141225', 'decimal': '0x12'}",{'blockTimestamp': '2022-10-06T18:23:11.000Z'}
714,0xef6725,0x9dc3525a8640e024f018ebc824ba9d5b8023cddd5dc4bc8ad2facbb3f8359a8a:log:476,0x9dc3525a8640e024f018ebc824ba9d5b8023cddd5dc4bc8ad2facbb3f8359a8a,0x28c6c06298d514db089934071355e5743bf21d60,0x0ff7c073e7b98520c9b977f87050c1dd9219bb0a,106.26206780000001,,,,ATA,erc20,"{'value': '0x05c2aeb3a9dd797000', 'address': '0xa2120b9e674d3fc3875f415a7df52e382f141225', 'decimal': '0x12'}",{'blockTimestamp': '2022-10-06T13:58:47.000Z'}
715,0xef6697,0xc52a559c3c700fa3cd43551a244501ab0bc7c782b757b7b7690df0a6274fa5ea:log:261,0xc52a559c3c700fa3cd43551a244501ab0bc7c782b757b7b7690df0a6274fa5ea,0xd9a479174a73c73d422266073d6074ed0c72e293,0x28c6c06298d514db089934071355e5743bf21d60,55000.0,,,,ATA,erc20,"{'value': '0x0ba58e545582d4600000', 'address': '0xa2120b9e674d3fc3875f415a7df52e382f141225', 'decimal': '0x12'}",{'blockTimestamp': '2022-10-06T13:30:11.000Z'}
716,0xef660b,0xfce976a0fe66cf899c5f568fd71a8ff0788fda32db65d81417ae8a3780964736:log:382,0xfce976a0fe66cf899c5f568fd71a8ff0788fda32db65d81417ae8a3780964736,0x9e041caa835b6bc22366f957de830b9e01735a59,0xd9a479174a73c73d422266073d6074ed0c72e293,55000.0,,,,ATA,erc20,"{'value': '0x0ba58e545582d4600000', 'address': '0xa2120b9e674d3fc3875f415a7df52e382f141225', 'decimal': '0x12'}",{'blockTimestamp': '2022-10-06T13:02:11.000Z'}
717,0xef657b,0x47bf2026ec51890576078f552b5610c5e513730dfb3839278a536f89acf06da3:log:95,0x47bf2026ec51890576078f552b5610c5e513730dfb3839278a536f89acf06da3,0xdfd5293d8e347dfe59e90efd55b2956a1343963d,0xeb9cdece8f159b6e961681a771c354481544711f,71.3475612,,,,ATA,erc20,"{'value': '0x03de2574e554716000', 'address': '0xa2120b9e674d3fc3875f415a7df52e382f141225', 'decimal': '0x12'}",{'blockTimestamp': '2022-10-06T12:32:35.000Z'}
718,0xef656f,0x9fde0f947965ce1285f436afb1bfc51503174209752df7154cf4bdb0d34ac0b6:log:523,0x9fde0f947965ce1285f436afb1bfc51503174209752df7154cf4bdb0d34ac0b6,0xd8259173fb6ae1fb2462213bc1fe951c41a35a59,0x28c6c06298d514db089934071355e5743bf21d60,1177.0,,,,ATA,erc20,"{'value': '0x3fce27fffc9ac40000', 'address': '0xa2120b9e674d3fc3875f415a7df52e382f141225', 'decimal': '0x12'}",{'blockTimestamp': '2022-10-06T12:30:11.000Z'}
719,0xef653e,0x6168d809ece82777e35ca1e239b442440c067dabbb7fee323af489da83c5ab2a:log:174,0x6168d809ece82777e35ca1e239b442440c067dabbb7fee323af489da83c5ab2a,0x3c02290922a3618a4646e3bbca65853ea45fe7c6,0xd8259173fb6ae1fb2462213bc1fe951c41a35a59,1177.0,,,,ATA,erc20,"{'value': '0x3fce27fffc9ac40000', 'address': '0xa2120b9e674d3fc3875f415a7df52e382f141225', 'decimal': '0x12'}",{'blockTimestamp': '2022-10-06T12:20:23.000Z'}
720,0xef64e1,0x09b5a1100031fae59d7e4271cf686e0b82bb4274d720ec86d6dc1201f67ef7c6:log:453,0x09b5a1100031fae59d7e4271cf686e0b82bb4274d720ec86d6dc1201f67ef7c6,0x21a31ee1afc51d94c2efccaa2092ad1028285549,0x65df9902e9d82429b35859c92102a4a85fcebd60,2475.7090000000003,,,,ATA,erc20,"{'value': '0x86355d3aa1ad8c8000', 'address': '0xa2120b9e674d3fc3875f415a7df52e382f141225', 'decimal': '0x12'}",{'blockTimestamp': '2022-10-06T12:01:47.000Z'}
721,0xef631c,0xa3febc1860424d367d93684ec8ade742cf879c98991498e307f648497f1fd686:log:162,0xa3febc1860424d367d93684ec8ade742cf879c98991498e307f648497f1fd686,0x29984d1f9055cafb02dcdd53c54b727902e44975,0x28c6c06298d514db089934071355e5743bf21d60,89128.92,,,,ATA,erc20,"{'value': '0x12dfb03d42be40fc0000', 'address': '0xa2120b9e674d3fc3875f415a7df52e382f141225', 'decimal': '0x12'}",{'blockTimestamp': '2022-10-06T10:30:11.000Z'}
722,0xef630e,0x1139c1a75d392205dadfdfafcac93866476932cbaea715be92d9ad11a8ae726a:log:109,0x1139c1a75d392205dadfdfafcac93866476932cbaea715be92d9ad11a8ae726a,0x95b564f3b3bae3f206aa418667ba000afafacc8a,0x29984d1f9055cafb02dcdd53c54b727902e44975,89128.92,,,,ATA,erc20,"{'value': '0x12dfb03d42be40fc0000', 'address': '0xa2120b9e674d3fc3875f415a7df52e382f141225', 'decimal': '0x12'}",{'blockTimestamp': '2022-10-06T10:27:23.000Z'}
723,0xef6236,0x4dd77c875d632961d683f4b6ef34140ba6d5ea37babf78665e3822d069b941c3:log:118,0x4dd77c875d632961d683f4b6ef34140ba6d5ea37babf78665e3822d069b941c3,0x28c6c06298d514db089934071355e5743bf21d60,0x966f6eb1ee9b1fd497af55f9294a3ec9fa81eb84,18686.459,,,,ATA,erc20,"{'value': '0x03f4feb67f65a51f8000', 'address': '0xa2120b9e674d3fc3875f415a7df52e382f141225', 'decimal': '0x12'}",{'blockTimestamp': '2022-10-06T09:43:59.000Z'}
724,0xef60c9,0xc9a3bb5f3790391394a2ca96529e81f0c426459510bb9be4c33446147e21980e:log:152,0xc9a3bb5f3790391394a2ca96529e81f0c426459510bb9be4c33446147e21980e,0x9e396b27e32518448cbdb2277070ae2ab2984e79,0x28c6c06298d514db089934071355e5743bf21d60,312500.0,,,,ATA,erc20,"{'value': '0x422ca8b0a00a42500000', 'address': '0xa2120b9e674d3fc3875f415a7df52e382f141225', 'decimal': '0x12'}",{'blockTimestamp': '2022-10-06T08:30:11.000Z'}
725,0xef60b9,0xf135fefb47ff57d383d77229be0087c5dcab9d9da6c2183cb4a297e8a3c97118:log:351,0xf135fefb47ff57d383d77229be0087c5dcab9d9da6c2183cb4a297e8a3c97118,0xb09d8ccc60c2ad5711272475f8fff9d0ac0ca8bd,0x9e396b27e32518448cbdb2277070ae2ab2984e79,312500.0,,,,ATA,erc20,"{'value': '0x422ca8b0a00a42500000', 'address': '0xa2120b9e674d3fc3875f415a7df52e382f141225', 'decimal': '0x12'}",{'blockTimestamp': '2022-10-06T08:26:59.000Z'}
726,0xef60b7,0xde9558ee2fade4ab02a5fee65693f837f74ca81b7beeada06db85c2d9f3d850b:log:150,0xde9558ee2fade4ab02a5fee65693f837f74ca81b7beeada06db85c2d9f3d850b,0xa2120b9e674d3fc3875f415a7df52e382f141225,0xb09d8ccc60c2ad5711272475f8fff9d0ac0ca8bd,312500.0,,,,ATA,erc20,"{'value': '0x422ca8b0a00a42500000', 'address': '0xa2120b9e674d3fc3875f415a7df52e382f141225', 'decimal': '0x12'}",{'blockTimestamp': '2022-10-06T08:26:35.000Z'}
727,0xef589f,0xdbad2b65094203280dd58bfe916d3b7ec54de8c74f35b3acfe57208ec38fbb06:log:338,0xdbad2b65094203280dd58bfe916d3b7ec54de8c74f35b3acfe57208ec38fbb06,0xf05e2a70346560d3228c7002194bb7c5dc8fe100,0x28c6c06298d514db089934071355e5743bf21d60,38830.0,,,,ATA,erc20,"{'value': '0x0838fa8025d7c1f80000', 'address': '0xa2120b9e674d3fc3875f415a7df52e382f141225', 'decimal': '0x12'}",{'blockTimestamp': '2022-10-06T01:30:11.000Z'}
728,0xef5822,0xecc4155c725d42fd7dd504709ffac073b25abf6cd541e544178ec9eed8553ab1:log:133,0xecc4155c725d42fd7dd504709ffac073b25abf6cd541e544178ec9eed8553ab1,0xf16e9b0d03470827a95cdfd0cb8a8a3b46969b91,0xf05e2a70346560d3228c7002194bb7c5dc8fe100,38830.0,,,,ATA,erc20,"{'value': '0x0838fa8025d7c1f80000', 'address': '0xa2120b9e674d3fc3875f415a7df52e382f141225', 'decimal': '0x12'}",{'blockTimestamp': '2022-10-06T01:04:47.000Z'}
729,0xef5348,0x8dcba97769484347c598a91d2b5fb462a3a2ed375e539143436fafb7af1de47c:log:137,0x8dcba97769484347c598a91d2b5fb462a3a2ed375e539143436fafb7af1de47c,0xdfd5293d8e347dfe59e90efd55b2956a1343963d,0x792458d35d0e055b56442343611fd3500954dd34,5013.96,,,,ATA,erc20,"{'value': '0x010fceac46e6c1940000', 'address': '0xa2120b9e674d3fc3875f415a7df52e382f141225', 'decimal': '0x12'}",{'blockTimestamp': '2022-10-05T20:55:35.000Z'}
730,0xef4eb5,0x84c520009edb58114bbff93d6ee122551ec3a8b57763458370aa5392904d1c05:log:402,0x84c520009edb58114bbff93d6ee122551ec3a8b57763458370aa5392904d1c05,0xa5af71cbdf246b1ee681d81da730c1a7c3b52d87,0x28c6c06298d514db089934071355e5743bf21d60,6041.0,,,,ATA,erc20,"{'value': '0x01477bb7556906c40000', 'address': '0xa2120b9e674d3fc3875f415a7df52e382f141225', 'decimal': '0x12'}",{'blockTimestamp': '2022-10-05T17:00:23.000Z'}
731,0xef4df9,0x74aa97bde7e5148c5fdf88607fbae90ac65cc1deb6b6394a16c7eb1e3cc2b2bd:log:152,0x74aa97bde7e5148c5fdf88607fbae90ac65cc1deb6b6394a16c7eb1e3cc2b2bd,0x3c02290922a3618a4646e3bbca65853ea45fe7c6,0xa5af71cbdf246b1ee681d81da730c1a7c3b52d87,6041.0,,,,ATA,erc20,"{'value': '0x01477bb7556906c40000', 'address': '0xa2120b9e674d3fc3875f415a7df52e382f141225', 'decimal': '0x12'}",{'blockTimestamp': '2022-10-05T16:22:23.000Z'}
732,0xef4af7,0x3d7f86017d20f5c57fcedeaab3cd4c195878350428bd9747520079c0ed39b7e3:log:11,0x3d7f86017d20f5c57fcedeaab3cd4c195878350428bd9747520079c0ed39b7e3,0x1bad1270426b8059a783704308cec80753de0b38,0x40ec5b33f54e0e8a33a975908c5ba1c14e5bbbdf,13667.999999999998,,,,ATA,erc20,"{'value': '0x02e4f19a8fd517100000', 'address': '0xa2120b9e674d3fc3875f415a7df52e382f141225', 'decimal': '0x12'}",{'blockTimestamp': '2022-10-05T13:47:47.000Z'}
733,0xef4ae3,0x1933109587058fafbf59745dd8bca63b1083f2de85015a2c97ac15c62fe0af9c:log:129,0x1933109587058fafbf59745dd8bca63b1083f2de85015a2c97ac15c62fe0af9c,0x21a31ee1afc51d94c2efccaa2092ad1028285549,0x1bad1270426b8059a783704308cec80753de0b38,13667.999999999998,,,,ATA,erc20,"{'value': '0x02e4f19a8fd517100000', 'address': '0xa2120b9e674d3fc3875f415a7df52e382f141225', 'decimal': '0x12'}",{'blockTimestamp': '2022-10-05T13:43:47.000Z'}
734,0xef427c,0x53e10afc4f4dddb67eb899cd076c140e499c4a63e7c57547072df5708f0167fb:log:105,0x53e10afc4f4dddb67eb899cd076c140e499c4a63e7c57547072df5708f0167fb,0xa516e1ddb893db044c4c1d4f56790e25bd455e16,0x28c6c06298d514db089934071355e5743bf21d60,3538.39913,,,,ATA,erc20,"{'value': '0xbfd126fd7e313ba000', 'address': '0xa2120b9e674d3fc3875f415a7df52e382f141225', 'decimal': '0x12'}",{'blockTimestamp': '2022-10-05T06:30:23.000Z'}
735,0xef41f1,0xce2ab7ea6fa733b7a4b5d003ce24a93abd05bab001b008eee79e10e5a6fabede:log:43,0xce2ab7ea6fa733b7a4b5d003ce24a93abd05bab001b008eee79e10e5a6fabede,0x3c02290922a3618a4646e3bbca65853ea45fe7c6,0xa516e1ddb893db044c4c1d4f56790e25bd455e16,3538.39913071,,,,ATA,erc20,"{'value': '0xbfd126fe238087dc00', 'address': '0xa2120b9e674d3fc3875f415a7df52e382f141225', 'decimal': '0x12'}",{'blockTimestamp': '2022-10-05T06:02:23.000Z'}
736,0xef3dd9,0x64d43edb78ac275388594a1c7621bb2839bba6c09febfa90e4106cabd2e6e730:log:110,0x64d43edb78ac275388594a1c7621bb2839bba6c09febfa90e4106cabd2e6e730,0x0d28f03d122b1db98183b424683458cf6cc8d504,0x28c6c06298d514db089934071355e5743bf21d60,15886.815455,,,,ATA,erc20,"{'value': '0x035d39da945de4c8f000', 'address': '0xa2120b9e674d3fc3875f415a7df52e382f141225', 'decimal': '0x12'}",{'blockTimestamp': '2022-10-05T02:30:23.000Z'}
737,0xef3cf7,0xeafc300e13e8d0a110965be30b7325151e07fe1668fd3666b79754db437b1182:log:117,0xeafc300e13e8d0a110965be30b7325151e07fe1668fd3666b79754db437b1182,0x3c02290922a3618a4646e3bbca65853ea45fe7c6,0x0d28f03d122b1db98183b424683458cf6cc8d504,15886.815454329999,,,,ATA,erc20,"{'value': '0x035d39da93c1e5ac4400', 'address': '0xa2120b9e674d3fc3875f415a7df52e382f141225', 'decimal': '0x12'}",{'blockTimestamp': '2022-10-05T01:44:23.000Z'}
738,0xef36e4,0xe1d735c6d53ccf8ec71c33173482e3fc82755bddf1ede9c5d908f82905613c55:log:147,0xe1d735c6d53ccf8ec71c33173482e3fc82755bddf1ede9c5d908f82905613c55,0x28c6c06298d514db089934071355e5743bf21d60,0x2e2b7ecce7e218cc1e52708b0e2466bce8366ba3,14765.284,,,,ATA,erc20,"{'value': '0x03206d7a702c2eca0000', 'address': '0xa2120b9e674d3fc3875f415a7df52e382f141225', 'decimal': '0x12'}",{'blockTimestamp': '2022-10-04T20:29:11.000Z'}
739,0xef36c0,0xe754b7651772aa27e8c6a6ef65b95996f219f1b7d5cfe1ec02444d7b7065f130:log:207,0xe754b7651772aa27e8c6a6ef65b95996f219f1b7d5cfe1ec02444d7b7065f130,0xdfd5293d8e347dfe59e90efd55b2956a1343963d,0x2e2b7ecce7e218cc1e52708b0e2466bce8366ba3,80.0,,,,ATA,erc20,"{'value': '0x04563918244f400000', 'address': '0xa2120b9e674d3fc3875f415a7df52e382f141225', 'decimal': '0x12'}",{'blockTimestamp': '2022-10-04T20:21:47.000Z'}
740,0xef2619,0x87533e8ed05d766fc6ffdae459484efdf28ff394fdef7ec04b74eb1971a016d2:log:415,0x87533e8ed05d766fc6ffdae459484efdf28ff394fdef7ec04b74eb1971a016d2,0x73b3342cc5faab60dd314360bc67ad6ce694e9b5,0x8992a7c145bf2e7e19cd55d38318b11328d3e7ad,500.0,,,,ATA,erc20,"{'value': '0x1b1ae4d6e2ef500000', 'address': '0xa2120b9e674d3fc3875f415a7df52e382f141225', 'decimal': '0x12'}",{'blockTimestamp': '2022-10-04T06:01:59.000Z'}
741,0xef23c0,0x1d74300211206e357589e649c0e98096bd5175d4fdd81f5f500f23362e059e85:log:62,0x1d74300211206e357589e649c0e98096bd5175d4fdd81f5f500f23362e059e85,0x2765b477ce6fdc03325f86586405d7d4ad3d4bfa,0x28c6c06298d514db089934071355e5743bf21d60,187500.0,,,,ATA,erc20,"{'value': '0x27b46536c66c8e300000', 'address': '0xa2120b9e674d3fc3875f415a7df52e382f141225', 'decimal': '0x12'}",{'blockTimestamp': '2022-10-04T04:00:23.000Z'}
742,0xef2352,0xdd4b8f216b673494a0db24b1db59aed2060325b053741fd6e5f73256bcce41f1:log:171,0xdd4b8f216b673494a0db24b1db59aed2060325b053741fd6e5f73256bcce41f1,0x2ce5f9f52c1eec9a1183f91139c59b485ff39dad,0x2765b477ce6fdc03325f86586405d7d4ad3d4bfa,187500.0,,,,ATA,erc20,"{'value': '0x27b46536c66c8e300000', 'address': '0xa2120b9e674d3fc3875f415a7df52e382f141225', 'decimal': '0x12'}",{'blockTimestamp': '2022-10-04T03:38:23.000Z'}
743,0xef2321,0x77138b1f17beac4d5519fbbe29f564fa63bf45aa4e7da31e3183236542cf173d:log:13,0x77138b1f17beac4d5519fbbe29f564fa63bf45aa4e7da31e3183236542cf173d,0xa2120b9e674d3fc3875f415a7df52e382f141225,0x2ce5f9f52c1eec9a1183f91139c59b485ff39dad,187500.0,,,,ATA,erc20,"{'value': '0x27b46536c66c8e300000', 'address': '0xa2120b9e674d3fc3875f415a7df52e382f141225', 'decimal': '0x12'}",{'blockTimestamp': '2022-10-04T03:28:35.000Z'}
744,0xef1c2c,0xb227b2a5799ea09d4dca1e4ed589b9ffba8b87981563bcb5cca617391c6ba5fd:log:240,0xb227b2a5799ea09d4dca1e4ed589b9ffba8b87981563bcb5cca617391c6ba5fd,0x29984d1f9055cafb02dcdd53c54b727902e44975,0x28c6c06298d514db089934071355e5743bf21d60,356515.66,,,,ATA,erc20,"{'value': '0x4b7ec0adfd14246e0000', 'address': '0xa2120b9e674d3fc3875f415a7df52e382f141225', 'decimal': '0x12'}",{'blockTimestamp': '2022-10-03T21:30:11.000Z'}
745,0xef1bb6,0x38df4b24a2fe5a9e43986a840d13d1bfc45273dcc9aadd4ca0895a5e203c3fde:log:283,0x38df4b24a2fe5a9e43986a840d13d1bfc45273dcc9aadd4ca0895a5e203c3fde,0x95b564f3b3bae3f206aa418667ba000afafacc8a,0x29984d1f9055cafb02dcdd53c54b727902e44975,356515.66,,,,ATA,erc20,"{'value': '0x4b7ec0adfd14246e0000', 'address': '0xa2120b9e674d3fc3875f415a7df52e382f141225', 'decimal': '0x12'}",{'blockTimestamp': '2022-10-03T21:06:23.000Z'}
746,0xef0ff4,0x762f92bc83fe05131279a87f8f0492acfbfb1845742349dc5b5a5c0df8a399e6:log:135,0x762f92bc83fe05131279a87f8f0492acfbfb1845742349dc5b5a5c0df8a399e6,0x29984d1f9055cafb02dcdd53c54b727902e44975,0x28c6c06298d514db089934071355e5743bf21d60,1426062.64,,,,ATA,erc20,"{'value': '0x012dfb02b7f45091b80000', 'address': '0xa2120b9e674d3fc3875f415a7df52e382f141225', 'decimal': '0x12'}",{'blockTimestamp': '2022-10-03T11:00:23.000Z'}
747,0xef0fe0,0xcc72e9eb3c43ab9a4db435a4097678da62481b213dfbca143c3fb1f4fadc1ba4:log:192,0xcc72e9eb3c43ab9a4db435a4097678da62481b213dfbca143c3fb1f4fadc1ba4,0x95b564f3b3bae3f206aa418667ba000afafacc8a,0x29984d1f9055cafb02dcdd53c54b727902e44975,1426062.64,,,,ATA,erc20,"{'value': '0x012dfb02b7f45091b80000', 'address': '0xa2120b9e674d3fc3875f415a7df52e382f141225', 'decimal': '0x12'}",{'blockTimestamp': '2022-10-03T10:56:23.000Z'}
748,0xef0fc9,0x85d36e3f4c862b3c927d3b635cc291d454555c028312419a1931b1b58160cd05:log:13,0x85d36e3f4c862b3c927d3b635cc291d454555c028312419a1931b1b58160cd05,0xedc6bacdc1e29d7c5fa6f6eca6fdd447b9c487c9,0x95b564f3b3bae3f206aa418667ba000afafacc8a,1872190.0,,,,ATA,erc20,"{'value': '0x018c739f8e50422e380000', 'address': '0xa2120b9e674d3fc3875f415a7df52e382f141225', 'decimal': '0x12'}",{'blockTimestamp': '2022-10-03T10:51:47.000Z'}
749,0xef042a,0x6291c5450168d60422f7141339f689a94a925f6d7e764f647f70df1e8b6f95cf:log:174,0x6291c5450168d60422f7141339f689a94a925f6d7e764f647f70df1e8b6f95cf,0x5654d65578cda52791879751141f2f3d7dc27fe4,0x4bba5f077a8fcfaf8d6d07c6cfbce553e2d94c9c,395.90488639827197,,,,ATA,erc20,"{'value': '0x157648b495d26140dd', 'address': '0xa2120b9e674d3fc3875f415a7df52e382f141225', 'decimal': '0x12'}",{'blockTimestamp': '2022-10-03T00:53:11.000Z'}
750,0xef0429,0x371c88cd6f64ae4c25d8cc1e0fe84e65cf273435d2acf52ecb190276e4f9a378:log:16,0x371c88cd6f64ae4c25d8cc1e0fe84e65cf273435d2acf52ecb190276e4f9a378,0xe66b31678d6c16e9ebf358268a790b763c133750,0x5654d65578cda52791879751141f2f3d7dc27fe4,335.34509439801917,,,,ATA,erc20,"{'value': '0x122dd91a9edbc53972', 'address': '0xa2120b9e674d3fc3875f415a7df52e382f141225', 'decimal': '0x12'}",{'blockTimestamp': '2022-10-03T00:52:59.000Z'}
751,0xef0429,0x371c88cd6f64ae4c25d8cc1e0fe84e65cf273435d2acf52ecb190276e4f9a378:log:13,0x371c88cd6f64ae4c25d8cc1e0fe84e65cf273435d2acf52ecb190276e4f9a378,0x5acd444fff9593cc3da2fc057d952606cf7e18b5,0xe66b31678d6c16e9ebf358268a790b763c133750,335.34509439801917,,,,ATA,erc20,"{'value': '0x122dd91a9edbc53972', 'address': '0xa2120b9e674d3fc3875f415a7df52e382f141225', 'decimal': '0x12'}",{'blockTimestamp': '2022-10-03T00:52:59.000Z'}
752,0xef0429,0x371c88cd6f64ae4c25d8cc1e0fe84e65cf273435d2acf52ecb190276e4f9a378:log:11,0x371c88cd6f64ae4c25d8cc1e0fe84e65cf273435d2acf52ecb190276e4f9a378,0x5acd444fff9593cc3da2fc057d952606cf7e18b5,0x382ffce2287252f930e1c8dc9328dac5bf282ba1,5.10677808727948,,,,ATA,erc20,"{'value': '0x46deeb9d0f0acce5', 'address': '0xa2120b9e674d3fc3875f415a7df52e382f141225', 'decimal': '0x12'}",{'blockTimestamp': '2022-10-03T00:52:59.000Z'}
753,0xeefcc3,0xbbe068af019e29c4c70498b6cfdd73b0982844eaa392f9d7eedabd943bcb269a:log:29,0xbbe068af019e29c4c70498b6cfdd73b0982844eaa392f9d7eedabd943bcb269a,0x21a31ee1afc51d94c2efccaa2092ad1028285549,0x6a8a830eb287e3af5cd609f9d277571de4e3a1b2,60882.0,,,,ATA,erc20,"{'value': '0x0ce46b7a3156e4080000', 'address': '0xa2120b9e674d3fc3875f415a7df52e382f141225', 'decimal': '0x12'}",{'blockTimestamp': '2022-10-02T18:32:23.000Z'}
754,0xeefafb,0x5bcbb6b7c9a4c548c207e8fe0a3e864e8c34928a841d55f9e3475f1e36a4aabc:log:104,0x5bcbb6b7c9a4c548c207e8fe0a3e864e8c34928a841d55f9e3475f1e36a4aabc,0x0d28f03d122b1db98183b424683458cf6cc8d504,0x28c6c06298d514db089934071355e5743bf21d60,4878.564029,,,,ATA,erc20,"{'value': '0x010877ad28a2af7cd000', 'address': '0xa2120b9e674d3fc3875f415a7df52e382f141225', 'decimal': '0x12'}",{'blockTimestamp': '2022-10-02T17:00:11.000Z'}
755,0xeefa8d,0x4e67fcad0f5b9bc108ed2cf00d16fde3fbe65c24247ab49d72a7ee684f53612c:log:571,0x4e67fcad0f5b9bc108ed2cf00d16fde3fbe65c24247ab49d72a7ee684f53612c,0x3c02290922a3618a4646e3bbca65853ea45fe7c6,0x0d28f03d122b1db98183b424683458cf6cc8d504,4878.564028979999,,,,ATA,erc20,"{'value': '0x010877ad289e07650800', 'address': '0xa2120b9e674d3fc3875f415a7df52e382f141225', 'decimal': '0x12'}",{'blockTimestamp': '2022-10-02T16:38:11.000Z'}
756,0xeef939,0xad8f9ce661462f9fd1f323d57c25a967ce5cd79e89ac84a75fc2edb5a6ff06d4:log:329,0xad8f9ce661462f9fd1f323d57c25a967ce5cd79e89ac84a75fc2edb5a6ff06d4,0xbcf222d1060b5850076bf69f1503564cf5144d24,0x28c6c06298d514db089934071355e5743bf21d60,23808.571428571428,,,,ATA,erc20,"{'value': '0x050aaa4d63116a824925', 'address': '0xa2120b9e674d3fc3875f415a7df52e382f141225', 'decimal': '0x12'}",{'blockTimestamp': '2022-10-02T15:30:11.000Z'}
757,0xeef933,0xe7a7725044545a7e007aec592c9cab70c102f9d3489b3805bf6f4d071d394920:log:262,0xe7a7725044545a7e007aec592c9cab70c102f9d3489b3805bf6f4d071d394920,0x28c6c06298d514db089934071355e5743bf21d60,0x6a8a830eb287e3af5cd609f9d277571de4e3a1b2,1872.0,,,,ATA,erc20,"{'value': '0x657b3801b80b400000', 'address': '0xa2120b9e674d3fc3875f415a7df52e382f141225', 'decimal': '0x12'}",{'blockTimestamp': '2022-10-02T15:28:59.000Z'}
758,0xeef8ae,0xd6174f00dbf148f95562ea402547a5ccc5ca2e167399ecea359513a1321e3cfd:log:84,0xd6174f00dbf148f95562ea402547a5ccc5ca2e167399ecea359513a1321e3cfd,0xa0ff757077b5d796259582b2b9db99c906277007,0xbcf222d1060b5850076bf69f1503564cf5144d24,23808.571428571428,,,,ATA,erc20,"{'value': '0x050aaa4d63116a824925', 'address': '0xa2120b9e674d3fc3875f415a7df52e382f141225', 'decimal': '0x12'}",{'blockTimestamp': '2022-10-02T15:02:23.000Z'}
759,0xeef7ea,0x9c42331d9b86534156284360c8bdbf01357a0d66e288672fa1162d3e42d38ff9:log:195,0x9c42331d9b86534156284360c8bdbf01357a0d66e288672fa1162d3e42d38ff9,0xdfd5293d8e347dfe59e90efd55b2956a1343963d,0x72bbed600a97e2d58910d470409ce806052669a0,54113.82200000001,,,,ATA,erc20,"{'value': '0x0b758423a1aeee430000', 'address': '0xa2120b9e674d3fc3875f415a7df52e382f141225', 'decimal': '0x12'}",{'blockTimestamp': '2022-10-02T14:23:11.000Z'}
760,0xeef76f,0x7e4a8656f50d503dc384694cceddbde38db097a3fb64fb105b16456712ebb5e3:log:49,0x7e4a8656f50d503dc384694cceddbde38db097a3fb64fb105b16456712ebb5e3,0x21a31ee1afc51d94c2efccaa2092ad1028285549,0x72bbed600a97e2d58910d470409ce806052669a0,39910.0,,,,ATA,erc20,"{'value': '0x08738682ebc1efd80000', 'address': '0xa2120b9e674d3fc3875f415a7df52e382f141225', 'decimal': '0x12'}",{'blockTimestamp': '2022-10-02T13:58:35.000Z'}
761,0xeef57c,0x6faa5a078a3a07fa6fb1c4fdeacc5b33e76d24d8bc31c3544415919be9e280bb:log:75,0x6faa5a078a3a07fa6fb1c4fdeacc5b33e76d24d8bc31c3544415919be9e280bb,0x28c6c06298d514db089934071355e5743bf21d60,0x9e041caa835b6bc22366f957de830b9e01735a59,3000.0,,,,ATA,erc20,"{'value': '0xa2a15d09519be00000', 'address': '0xa2120b9e674d3fc3875f415a7df52e382f141225', 'decimal': '0x12'}",{'blockTimestamp': '2022-10-02T12:18:47.000Z'}
762,0xeef4df,0x078bfb78c25b9d1d511aed61ba5b6f678e5fd54053652abbaa725caa0a750d68:log:23,0x078bfb78c25b9d1d511aed61ba5b6f678e5fd54053652abbaa725caa0a750d68,0xdfd5293d8e347dfe59e90efd55b2956a1343963d,0x9e041caa835b6bc22366f957de830b9e01735a59,2000.0,,,,ATA,erc20,"{'value': '0x6c6b935b8bbd400000', 'address': '0xa2120b9e674d3fc3875f415a7df52e382f141225', 'decimal': '0x12'}",{'blockTimestamp': '2022-10-02T11:47:11.000Z'}
763,0xeef4af,0x5a5ef9076eb18e24d8b81f82643d27a8e63dbfccf2c37aeef1895bc95c3f57c4:log:75,0x5a5ef9076eb18e24d8b81f82643d27a8e63dbfccf2c37aeef1895bc95c3f57c4,0x21a31ee1afc51d94c2efccaa2092ad1028285549,0x9e041caa835b6bc22366f957de830b9e01735a59,49999.99999999999,,,,ATA,erc20,"{'value': '0x0a968163f0a57b400000', 'address': '0xa2120b9e674d3fc3875f415a7df52e382f141225', 'decimal': '0x12'}",{'blockTimestamp': '2022-10-02T11:37:35.000Z'}
764,0xeef48c,0x0f30a3d039053df4968ab07c0f80d8f7afebb6250a8cc416c3d9314e6db476a7:log:333,0x0f30a3d039053df4968ab07c0f80d8f7afebb6250a8cc416c3d9314e6db476a7,0x6e0787c1c75216bbe6cc81abe498710a0419b4f7,0x28c6c06298d514db089934071355e5743bf21d60,4799.0,,,,ATA,erc20,"{'value': '0x01042780f1ceeb9c0000', 'address': '0xa2120b9e674d3fc3875f415a7df52e382f141225', 'decimal': '0x12'}",{'blockTimestamp': '2022-10-02T11:30:23.000Z'}
765,0xeef43c,0xf0923c7e6fa1f4ceb7374553c7b9ccf1790b48bb4d2ff3ca1eb05cc7c4090280:log:9,0xf0923c7e6fa1f4ceb7374553c7b9ccf1790b48bb4d2ff3ca1eb05cc7c4090280,0x3c02290922a3618a4646e3bbca65853ea45fe7c6,0x6e0787c1c75216bbe6cc81abe498710a0419b4f7,4799.0,,,,ATA,erc20,"{'value': '0x01042780f1ceeb9c0000', 'address': '0xa2120b9e674d3fc3875f415a7df52e382f141225', 'decimal': '0x12'}",{'blockTimestamp': '2022-10-02T11:14:23.000Z'}
766,0xeef231,0xaf29088eded92f0df0aef4391ae015d7d55308085fcd4868d6e7971e3adaddd9:log:205,0xaf29088eded92f0df0aef4391ae015d7d55308085fcd4868d6e7971e3adaddd9,0xe66b31678d6c16e9ebf358268a790b763c133750,0x5654d65578cda52791879751141f2f3d7dc27fe4,152.4675718467,,,,ATA,erc20,"{'value': '0x0843e9a0c968e6e300', 'address': '0xa2120b9e674d3fc3875f415a7df52e382f141225', 'decimal': '0x12'}",{'blockTimestamp': '2022-10-02T09:29:23.000Z'}
767,0xeef231,0xaf29088eded92f0df0aef4391ae015d7d55308085fcd4868d6e7971e3adaddd9:log:202,0xaf29088eded92f0df0aef4391ae015d7d55308085fcd4868d6e7971e3adaddd9,0xf1946e4ffa94edfd3f373116a14a86c6182de99f,0xe66b31678d6c16e9ebf358268a790b763c133750,152.4675718467,,,,ATA,erc20,"{'value': '0x0843e9a0c968e6e300', 'address': '0xa2120b9e674d3fc3875f415a7df52e382f141225', 'decimal': '0x12'}",{'blockTimestamp': '2022-10-02T09:29:23.000Z'}
768,0xeef231,0xaf29088eded92f0df0aef4391ae015d7d55308085fcd4868d6e7971e3adaddd9:log:200,0xaf29088eded92f0df0aef4391ae015d7d55308085fcd4868d6e7971e3adaddd9,0xf1946e4ffa94edfd3f373116a14a86c6182de99f,0x382ffce2287252f930e1c8dc9328dac5bf282ba1,1.5400764833,,,,ATA,erc20,"{'value': '0x155f7366e2078100', 'address': '0xa2120b9e674d3fc3875f415a7df52e382f141225', 'decimal': '0x12'}",{'blockTimestamp': '2022-10-02T09:29:23.000Z'}
769,0xeef226,0x8309c4dffb8aeae272e2e36f6fe39618cfb6218274143b5088f6a68d89210b2a:log:31,0x8309c4dffb8aeae272e2e36f6fe39618cfb6218274143b5088f6a68d89210b2a,0xa9d1e08c7793af67e9d92fe308d5697fb81d3e43,0xf1946e4ffa94edfd3f373116a14a86c6182de99f,121.65565868,,,,ATA,erc20,"{'value': '0x06984fb90299913000', 'address': '0xa2120b9e674d3fc3875f415a7df52e382f141225', 'decimal': '0x12'}",{'blockTimestamp': '2022-10-02T09:27:11.000Z'}
770,0xeef203,0xd612536de4093106f8ea26c34defdc8a9f21d0f1be11b179d9c58b9248c16d9c:log:253,0xd612536de4093106f8ea26c34defdc8a9f21d0f1be11b179d9c58b9248c16d9c,0xa9d1e08c7793af67e9d92fe308d5697fb81d3e43,0xf1946e4ffa94edfd3f373116a14a86c6182de99f,32.35198965,,,,ATA,erc20,"{'value': '0x01c0f95b2db15d3400', 'address': '0xa2120b9e674d3fc3875f415a7df52e382f141225', 'decimal': '0x12'}",{'blockTimestamp': '2022-10-02T09:20:11.000Z'}
771,0xeef10a,0x06209c23a26f1e7d168e566812e6df7c67117f02916c1d928970bfffa1f6f19d:log:456,0x06209c23a26f1e7d168e566812e6df7c67117f02916c1d928970bfffa1f6f19d,0x9060a859602ff697795a6fce59d59317fa3f873b,0x28c6c06298d514db089934071355e5743bf21d60,1735.0,,,,ATA,erc20,"{'value': '0x5e0df63b9376bc0000', 'address': '0xa2120b9e674d3fc3875f415a7df52e382f141225', 'decimal': '0x12'}",{'blockTimestamp': '2022-10-02T08:30:11.000Z'}
772,0xeef0ba,0xd94ff8e6af4aadc0a39afd0839a4c78fc73fe4bb2c09b3e1aad44e884f350e2d:log:569,0xd94ff8e6af4aadc0a39afd0839a4c78fc73fe4bb2c09b3e1aad44e884f350e2d,0x3c02290922a3618a4646e3bbca65853ea45fe7c6,0x9060a859602ff697795a6fce59d59317fa3f873b,1735.0,,,,ATA,erc20,"{'value': '0x5e0df63b9376bc0000', 'address': '0xa2120b9e674d3fc3875f415a7df52e382f141225', 'decimal': '0x12'}",{'blockTimestamp': '2022-10-02T08:14:11.000Z'}
773,0xeeee20,0x1839f6206e045d9d3997d6fc9a72d4d578cb0ab292b57055b448ceef3ffd3a51:log:453,0x1839f6206e045d9d3997d6fc9a72d4d578cb0ab292b57055b448ceef3ffd3a51,0x9060a859602ff697795a6fce59d59317fa3f873b,0x28c6c06298d514db089934071355e5743bf21d60,3327.0000000000005,,,,ATA,erc20,"{'value': '0xb45b6668cc6c9c0000', 'address': '0xa2120b9e674d3fc3875f415a7df52e382f141225', 'decimal': '0x12'}",{'blockTimestamp': '2022-10-02T06:00:23.000Z'}
774,0xeeee11,0x5480a8d7bf3000a5381e614e7c162ef8d75555205473cbedf4bdff53503f2c1e:log:13,0x5480a8d7bf3000a5381e614e7c162ef8d75555205473cbedf4bdff53503f2c1e,0x74de5d4fcbf63e00296fd95d33236b9794016631,0x5654d65578cda52791879751141f2f3d7dc27fe4,294.34291149660464,,,,ATA,erc20,"{'value': '0x0ff4d41682b55bc233', 'address': '0xa2120b9e674d3fc3875f415a7df52e382f141225', 'decimal': '0x12'}",{'blockTimestamp': '2022-10-02T05:57:23.000Z'}
775,0xeeee11,0x5480a8d7bf3000a5381e614e7c162ef8d75555205473cbedf4bdff53503f2c1e:log:11,0x5480a8d7bf3000a5381e614e7c162ef8d75555205473cbedf4bdff53503f2c1e,0x524fdb6d78a7d1c917ec75074702ee14f56358b7,0x74de5d4fcbf63e00296fd95d33236b9794016631,294.34291149660464,,,,ATA,erc20,"{'value': '0x0ff4d41682b55bc233', 'address': '0xa2120b9e674d3fc3875f415a7df52e382f141225', 'decimal': '0x12'}",{'blockTimestamp': '2022-10-02T05:57:23.000Z'}
776,0xeeedc6,0xcc6de6db682748bd4c12160e58f8fe3c615edc09f85eafccd3957ea6dcac1662:log:894,0xcc6de6db682748bd4c12160e58f8fe3c615edc09f85eafccd3957ea6dcac1662,0x3c02290922a3618a4646e3bbca65853ea45fe7c6,0x9060a859602ff697795a6fce59d59317fa3f873b,1577.0,,,,ATA,erc20,"{'value': '0x557d4578b227040000', 'address': '0xa2120b9e674d3fc3875f415a7df52e382f141225', 'decimal': '0x12'}",{'blockTimestamp': '2022-10-02T05:42:23.000Z'}
777,0xeeed6c,0x6280edc6ca970bd422cb5d80747886a09168ac0ef548dedb333273242d1ec123:log:223,0x6280edc6ca970bd422cb5d80747886a09168ac0ef548dedb333273242d1ec123,0x3c02290922a3618a4646e3bbca65853ea45fe7c6,0x9060a859602ff697795a6fce59d59317fa3f873b,1750.0,,,,ATA,erc20,"{'value': '0x5ede20f01a45980000', 'address': '0xa2120b9e674d3fc3875f415a7df52e382f141225', 'decimal': '0x12'}",{'blockTimestamp': '2022-10-02T05:24:23.000Z'}
778,0xeeea9d,0x40405e0721da9973068c921d8504c8d2dfb773864623da1648683b60b22e0c8b:log:482,0x40405e0721da9973068c921d8504c8d2dfb773864623da1648683b60b22e0c8b,0x95e3e979f9642eaf0bca988757025c2f6dcb8594,0x28c6c06298d514db089934071355e5743bf21d60,2576.0,,,,ATA,erc20,"{'value': '0x8ba52e6fc45e400000', 'address': '0xa2120b9e674d3fc3875f415a7df52e382f141225', 'decimal': '0x12'}",{'blockTimestamp': '2022-10-02T03:00:11.000Z'}
779,0xeee9fe,0xe83f22dd8dace4d5cb792be8fb929e203ac267186a8fbb82a3ca1c4502e5fd16:log:369,0xe83f22dd8dace4d5cb792be8fb929e203ac267186a8fbb82a3ca1c4502e5fd16,0x3c02290922a3618a4646e3bbca65853ea45fe7c6,0x95e3e979f9642eaf0bca988757025c2f6dcb8594,2576.0,,,,ATA,erc20,"{'value': '0x8ba52e6fc45e400000', 'address': '0xa2120b9e674d3fc3875f415a7df52e382f141225', 'decimal': '0x12'}",{'blockTimestamp': '2022-10-02T02:28:11.000Z'}
780,0xeee9cc,0xc5a7ef21390576cf6be7eb85dbde8a98f1029ef66a3b105ebfbcd9f4f11e4293:log:153,0xc5a7ef21390576cf6be7eb85dbde8a98f1029ef66a3b105ebfbcd9f4f11e4293,0x28c6c06298d514db089934071355e5743bf21d60,0x9ac1f3d2c6c903587a504f4fba5a2d323899fecd,39439.99999999999,,,,ATA,erc20,"{'value': '0x085a0bf37dec9e400000', 'address': '0xa2120b9e674d3fc3875f415a7df52e382f141225', 'decimal': '0x12'}",{'blockTimestamp': '2022-10-02T02:18:11.000Z'}
781,0xeee8de,0xa61a0eb5ced168275116aa19f9710e7744bc3a320ea1a4183e29d24265e7be13:log:127,0xa61a0eb5ced168275116aa19f9710e7744bc3a320ea1a4183e29d24265e7be13,0x3c02290922a3618a4646e3bbca65853ea45fe7c6,0xc7939a2ae135e0e17d8899c2abf4d030550710b1,35.0969997,,,,ATA,erc20,"{'value': '0x01e7119746787dc800', 'address': '0xa2120b9e674d3fc3875f415a7df52e382f141225', 'decimal': '0x12'}",{'blockTimestamp': '2022-10-02T01:30:23.000Z'}
782,0xeee8a2,0xc2b1502db40e7b09892bcc835c748e5f5998226fb5c372916e5096468fa29b95:log:66,0xc2b1502db40e7b09892bcc835c748e5f5998226fb5c372916e5096468fa29b95,0xdfd5293d8e347dfe59e90efd55b2956a1343963d,0x9aff300b07bfb8840e76ea2dc4525e77dfcbaa43,63462.99999999999,,,,ATA,erc20,"{'value': '0x0d70560c329d873c0000', 'address': '0xa2120b9e674d3fc3875f415a7df52e382f141225', 'decimal': '0x12'}",{'blockTimestamp': '2022-10-02T01:18:23.000Z'}
783,0xeee84a,0x076eec1142406aa5875ea4184c21549a114666481e2831c2a0cda353a8b46bcd:log:167,0x076eec1142406aa5875ea4184c21549a114666481e2831c2a0cda353a8b46bcd,0x28c6c06298d514db089934071355e5743bf21d60,0x21a31ee1afc51d94c2efccaa2092ad1028285549,866324.659,,,,ATA,erc20,"{'value': '0xb7738dca4fbd1ecb8000', 'address': '0xa2120b9e674d3fc3875f415a7df52e382f141225', 'decimal': '0x12'}",{'blockTimestamp': '2022-10-02T01:00:47.000Z'}
784,0xeee83c,0x4d123ef6d7242d1bb0b5a4b87417adab5d97a64c1009f465a7f32fba3499cb5d:log:151,0x4d123ef6d7242d1bb0b5a4b87417adab5d97a64c1009f465a7f32fba3499cb5d,0x21a31ee1afc51d94c2efccaa2092ad1028285549,0x010e92f3980d3c5166b336065651738c706ef97d,121014.0,,,,ATA,erc20,"{'value': '0x19a02e9d205961180000', 'address': '0xa2120b9e674d3fc3875f415a7df52e382f141225', 'decimal': '0x12'}",{'blockTimestamp': '2022-10-02T00:57:59.000Z'}
785,0xeee738,0x7619432423452f50f756e954916835bef0488fa633234adca8424c7d43ec3258:log:103,0x7619432423452f50f756e954916835bef0488fa633234adca8424c7d43ec3258,0x28c6c06298d514db089934071355e5743bf21d60,0x48554178f6b00f8d60e0bf8cbc6b2efa751b8d40,70362.2,,,,ATA,erc20,"{'value': '0x0ee657ae69164e3c0000', 'address': '0xa2120b9e674d3fc3875f415a7df52e382f141225', 'decimal': '0x12'}",{'blockTimestamp': '2022-10-02T00:05:47.000Z'}
786,0xeee283,0x4416b9ab59a92209fde9c3665ee470392866bc74ca0d7d25a154d9489e4cbb92:log:297,0x4416b9ab59a92209fde9c3665ee470392866bc74ca0d7d25a154d9489e4cbb92,0x3c02290922a3618a4646e3bbca65853ea45fe7c6,0x6b76f95eccebc8676b22be0e5a40f867bb59b6a8,977.684,,,,ATA,erc20,"{'value': '0x350017520217020000', 'address': '0xa2120b9e674d3fc3875f415a7df52e382f141225', 'decimal': '0x12'}",{'blockTimestamp': '2022-10-01T20:02:23.000Z'}
787,0xeee0ae,0x8d6fa3bc43e6647504c4b128e09ac0f96c0c04c1a2fd89246f9816e600ac24d2:log:107,0x8d6fa3bc43e6647504c4b128e09ac0f96c0c04c1a2fd89246f9816e600ac24d2,0xdfd5293d8e347dfe59e90efd55b2956a1343963d,0x624710d44f29712966e3b0f1568e458833f623be,102008.0,,,,ATA,erc20,"{'value': '0x1599dd60f273eee00000', 'address': '0xa2120b9e674d3fc3875f415a7df52e382f141225', 'decimal': '0x12'}",{'blockTimestamp': '2022-10-01T18:27:11.000Z'}
788,0xeede42,0x59530c3a22abf64896a1726509d23124bcfb857acd023483c09e4951b6b5c66c:log:132,0x59530c3a22abf64896a1726509d23124bcfb857acd023483c09e4951b6b5c66c,0x21a31ee1afc51d94c2efccaa2092ad1028285549,0x41b6d723e7fa70f794b514a85a4ca838c380f4f4,35071.0,,,,ATA,erc20,"{'value': '0x076d33e56de0dc9c0000', 'address': '0xa2120b9e674d3fc3875f415a7df52e382f141225', 'decimal': '0x12'}",{'blockTimestamp': '2022-10-01T16:21:35.000Z'}
789,0xeed9cb,0x5b41e940feb6be3418209801a40c57831d2579f47f89d37f4e0eda95e890836e:log:526,0x5b41e940feb6be3418209801a40c57831d2579f47f89d37f4e0eda95e890836e,0x6b76f95eccebc8676b22be0e5a40f867bb59b6a8,0x28c6c06298d514db089934071355e5743bf21d60,2103.67,,,,ATA,erc20,"{'value': '0x720a492f4755ff0000', 'address': '0xa2120b9e674d3fc3875f415a7df52e382f141225', 'decimal': '0x12'}",{'blockTimestamp': '2022-10-01T12:30:23.000Z'}
790,0xeed97a,0xa716ee156eb07b02261298baa1ad8283210a0df480343af31cac4327c75a220d:log:81,0xa716ee156eb07b02261298baa1ad8283210a0df480343af31cac4327c75a220d,0x3c02290922a3618a4646e3bbca65853ea45fe7c6,0x6b76f95eccebc8676b22be0e5a40f867bb59b6a8,2103.67,,,,ATA,erc20,"{'value': '0x720a492f4755ff0000', 'address': '0xa2120b9e674d3fc3875f415a7df52e382f141225', 'decimal': '0x12'}",{'blockTimestamp': '2022-10-01T12:14:11.000Z'}
791,0xeed934,0x7a658ce6593cb40d357a6ed5726f96ed57e7262013eb4d9082dcd4b666311a8b:log:579,0x7a658ce6593cb40d357a6ed5726f96ed57e7262013eb4d9082dcd4b666311a8b,0x6b76f95eccebc8676b22be0e5a40f867bb59b6a8,0x28c6c06298d514db089934071355e5743bf21d60,2548.1,,,,ATA,erc20,"{'value': '0x8a21fdb9966cda0000', 'address': '0xa2120b9e674d3fc3875f415a7df52e382f141225', 'decimal': '0x12'}",{'blockTimestamp': '2022-10-01T12:00:11.000Z'}
792,0xeed92b,0x2d112bcdea56af9abce9e83de1ea9e0adaca3e7384cffffc98b5c438edfadf12:log:108,0x2d112bcdea56af9abce9e83de1ea9e0adaca3e7384cffffc98b5c438edfadf12,0x3c02290922a3618a4646e3bbca65853ea45fe7c6,0x6b76f95eccebc8676b22be0e5a40f867bb59b6a8,2548.1,,,,ATA,erc20,"{'value': '0x8a21fdb9966cda0000', 'address': '0xa2120b9e674d3fc3875f415a7df52e382f141225', 'decimal': '0x12'}",{'blockTimestamp': '2022-10-01T11:58:23.000Z'}
793,0xeed89f,0xf41aabef67a6a518978791972d499a383ece23791f4fc18c4020a913e3b1dfad:log:127,0xf41aabef67a6a518978791972d499a383ece23791f4fc18c4020a913e3b1dfad,0x29984d1f9055cafb02dcdd53c54b727902e44975,0x28c6c06298d514db089934071355e5743bf21d60,87680.54999999999,,,,ATA,erc20,"{'value': '0x12912c1159894c770000', 'address': '0xa2120b9e674d3fc3875f415a7df52e382f141225', 'decimal': '0x12'}",{'blockTimestamp': '2022-10-01T11:30:11.000Z'}
794,0xeed86d,0x986c82f1390655f4549ccc3b19c1ea4be815f91131d4480c607d7788630c5bc2:log:129,0x986c82f1390655f4549ccc3b19c1ea4be815f91131d4480c607d7788630c5bc2,0xb638c9ed38621892c52611fac202aca483482c0d,0xa9d1e08c7793af67e9d92fe308d5697fb81d3e43,80787.0,,,,ATA,erc20,"{'value': '0x111b78d7f8212a6c0000', 'address': '0xa2120b9e674d3fc3875f415a7df52e382f141225', 'decimal': '0x12'}",{'blockTimestamp': '2022-10-01T11:20:11.000Z'}
795,0xeed851,0x38173bc80b41b82b46caf6d821230169d3a1f6faee1123392ff9b90e9e4ac97f:log:115,0x38173bc80b41b82b46caf6d821230169d3a1f6faee1123392ff9b90e9e4ac97f,0x95b564f3b3bae3f206aa418667ba000afafacc8a,0x29984d1f9055cafb02dcdd53c54b727902e44975,87680.54999999999,,,,ATA,erc20,"{'value': '0x12912c1159894c770000', 'address': '0xa2120b9e674d3fc3875f415a7df52e382f141225', 'decimal': '0x12'}",{'blockTimestamp': '2022-10-01T11:14:35.000Z'}
796,0xeed83b,0xd2615c9e1007197d782916659c53528a37a612ec9ea07a85e835593b696796fb:log:122,0xd2615c9e1007197d782916659c53528a37a612ec9ea07a85e835593b696796fb,0x28c6c06298d514db089934071355e5743bf21d60,0xb638c9ed38621892c52611fac202aca483482c0d,80787.0,,,,ATA,erc20,"{'value': '0x111b78d7f8212a6c0000', 'address': '0xa2120b9e674d3fc3875f415a7df52e382f141225', 'decimal': '0x12'}",{'blockTimestamp': '2022-10-01T11:10:11.000Z'}
797,0xeed809,0x85e80cc7e3b5ba1e5d0187b4d979f90894d926f627bf36dbb1d1d2ef474db265:log:219,0x85e80cc7e3b5ba1e5d0187b4d979f90894d926f627bf36dbb1d1d2ef474db265,0x6e0787c1c75216bbe6cc81abe498710a0419b4f7,0x28c6c06298d514db089934071355e5743bf21d60,6870.000000000001,,,,ATA,erc20,"{'value': '0x01746c66f92e15980000', 'address': '0xa2120b9e674d3fc3875f415a7df52e382f141225', 'decimal': '0x12'}",{'blockTimestamp': '2022-10-01T11:00:11.000Z'}
798,0xeed75f,0x3ffcc4a444fcaaf8d19ed4b09c4533a049cd0a851b60be41249b81a4ff058c52:log:97,0x3ffcc4a444fcaaf8d19ed4b09c4533a049cd0a851b60be41249b81a4ff058c52,0x3c02290922a3618a4646e3bbca65853ea45fe7c6,0x6e0787c1c75216bbe6cc81abe498710a0419b4f7,6870.000000000001,,,,ATA,erc20,"{'value': '0x01746c66f92e15980000', 'address': '0xa2120b9e674d3fc3875f415a7df52e382f141225', 'decimal': '0x12'}",{'blockTimestamp': '2022-10-01T10:26:11.000Z'}
799,0xeed649,0xbdab60136eeea37e4913494a9def2964e6dfeb8b4d78eb0bf23eb91e6ca9f1b2:log:454,0xbdab60136eeea37e4913494a9def2964e6dfeb8b4d78eb0bf23eb91e6ca9f1b2,0x7ecccabb5e4ff4537f70b0a5018e8c0cfd53fff4,0x28c6c06298d514db089934071355e5743bf21d60,167056.50546976,,,,ATA,erc20,"{'value': '0x236026bc1d7269c08000', 'address': '0xa2120b9e674d3fc3875f415a7df52e382f141225', 'decimal': '0x12'}",{'blockTimestamp': '2022-10-01T09:30:11.000Z'}
800,0xeed5a9,0x82710062452e849852c54be6cb1a905741b5016eb05526867f96371c0820afd4:log:52,0x82710062452e849852c54be6cb1a905741b5016eb05526867f96371c0820afd4,0xa9d1e08c7793af67e9d92fe308d5697fb81d3e43,0x7ecccabb5e4ff4537f70b0a5018e8c0cfd53fff4,167056.50546976,,,,ATA,erc20,"{'value': '0x236026bc1d7269c08000', 'address': '0xa2120b9e674d3fc3875f415a7df52e382f141225', 'decimal': '0x12'}",{'blockTimestamp': '2022-10-01T08:58:11.000Z'}
801,0xeed51d,0xb670d609c46516d94329dd10ec8a27e4134259a9ccdf95f70a3a32e2718e8b21:log:220,0xb670d609c46516d94329dd10ec8a27e4134259a9ccdf95f70a3a32e2718e8b21,0x9060a859602ff697795a6fce59d59317fa3f873b,0x28c6c06298d514db089934071355e5743bf21d60,2592.0,,,,ATA,erc20,"{'value': '0x8c8339dafed4800000', 'address': '0xa2120b9e674d3fc3875f415a7df52e382f141225', 'decimal': '0x12'}",{'blockTimestamp': '2022-10-01T08:30:11.000Z'}
802,0xeed4bb,0xb08058fb3c9fb3c2d5faceb65ce197f04fee422ed46bec6ea71175543d0150ab:log:84,0xb08058fb3c9fb3c2d5faceb65ce197f04fee422ed46bec6ea71175543d0150ab,0x3c02290922a3618a4646e3bbca65853ea45fe7c6,0x9060a859602ff697795a6fce59d59317fa3f873b,1368.0,,,,ATA,erc20,"{'value': '0x4a28d050067e600000', 'address': '0xa2120b9e674d3fc3875f415a7df52e382f141225', 'decimal': '0x12'}",{'blockTimestamp': '2022-10-01T08:10:23.000Z'}
803,0xeed49c,0x5322abde8e5f30a6b3324f053434a33c4724f5a2a66ad2e8c52a8694a1ed61b3:log:385,0x5322abde8e5f30a6b3324f053434a33c4724f5a2a66ad2e8c52a8694a1ed61b3,0x3c02290922a3618a4646e3bbca65853ea45fe7c6,0x9060a859602ff697795a6fce59d59317fa3f873b,1224.0,,,,ATA,erc20,"{'value': '0x425a698af856200000', 'address': '0xa2120b9e674d3fc3875f415a7df52e382f141225', 'decimal': '0x12'}",{'blockTimestamp': '2022-10-01T08:04:11.000Z'}
804,0xeed3f3,0xd54c66635fb0b63a4d05448c8b1a8ee3a973cdec01c03d8c15b0e78e00092e7f:log:315,0xd54c66635fb0b63a4d05448c8b1a8ee3a973cdec01c03d8c15b0e78e00092e7f,0x6b76f95eccebc8676b22be0e5a40f867bb59b6a8,0x28c6c06298d514db089934071355e5743bf21d60,3601.68,,,,ATA,erc20,"{'value': '0xc33f59cd7b44e80000', 'address': '0xa2120b9e674d3fc3875f415a7df52e382f141225', 'decimal': '0x12'}",{'blockTimestamp': '2022-10-01T07:30:11.000Z'}
805,0xeed37a,0x7bd438eb02e331833c451a81c0663842d6dfcbca9355d68ac04acd5ed6f92816:log:144,0x7bd438eb02e331833c451a81c0663842d6dfcbca9355d68ac04acd5ed6f92816,0x74de5d4fcbf63e00296fd95d33236b9794016631,0x524fdb6d78a7d1c917ec75074702ee14f56358b7,294.34291149660464,,,,ATA,erc20,"{'value': '0x0ff4d41682b55bc233', 'address': '0xa2120b9e674d3fc3875f415a7df52e382f141225', 'decimal': '0x12'}",{'blockTimestamp': '2022-10-01T07:05:59.000Z'}
806,0xeed37a,0x7bd438eb02e331833c451a81c0663842d6dfcbca9355d68ac04acd5ed6f92816:log:141,0x7bd438eb02e331833c451a81c0663842d6dfcbca9355d68ac04acd5ed6f92816,0x5654d65578cda52791879751141f2f3d7dc27fe4,0x74de5d4fcbf63e00296fd95d33236b9794016631,294.34291149660464,,,,ATA,erc20,"{'value': '0x0ff4d41682b55bc233', 'address': '0xa2120b9e674d3fc3875f415a7df52e382f141225', 'decimal': '0x12'}",{'blockTimestamp': '2022-10-01T07:05:59.000Z'}
807,0xeed35d,0xd0e70df2bebc7965ce66c824b81409d497982edd4cf3a38e63267b44625b3520:log:313,0xd0e70df2bebc7965ce66c824b81409d497982edd4cf3a38e63267b44625b3520,0x3c02290922a3618a4646e3bbca65853ea45fe7c6,0x6b76f95eccebc8676b22be0e5a40f867bb59b6a8,3601.68,,,,ATA,erc20,"{'value': '0xc33f59cd7b44e80000', 'address': '0xa2120b9e674d3fc3875f415a7df52e382f141225', 'decimal': '0x12'}",{'blockTimestamp': '2022-10-01T07:00:11.000Z'}
808,0xeed35d,0xe0e1393781686a84b358d2b415711d895e1a79beff9e4645b8ed245034426514:log:307,0xe0e1393781686a84b358d2b415711d895e1a79beff9e4645b8ed245034426514,0x9060a859602ff697795a6fce59d59317fa3f873b,0x28c6c06298d514db089934071355e5743bf21d60,1112.0,,,,ATA,erc20,"{'value': '0x3c48199c5f1a600000', 'address': '0xa2120b9e674d3fc3875f415a7df52e382f141225', 'decimal': '0x12'}",{'blockTimestamp': '2022-10-01T07:00:11.000Z'}
809,0xeed34e,0x0a66d978b922a3c5b15c2aa7e7264a9822fd209c356c438409dd4c89d20616bd:log:36,0x0a66d978b922a3c5b15c2aa7e7264a9822fd209c356c438409dd4c89d20616bd,0x1bad1270426b8059a783704308cec80753de0b38,0x40ec5b33f54e0e8a33a975908c5ba1c14e5bbbdf,12372.794349290001,,,,ATA,erc20,"{'value': '0x029ebb03bace26d8a400', 'address': '0xa2120b9e674d3fc3875f415a7df52e382f141225', 'decimal': '0x12'}",{'blockTimestamp': '2022-10-01T06:57:11.000Z'}
810,0xeed334,0x5aa7d3c3a89fa2671d1fa8e746890294953b94f2e552540c5b3b5126c855e7ae:log:28,0x5aa7d3c3a89fa2671d1fa8e746890294953b94f2e552540c5b3b5126c855e7ae,0xdfd5293d8e347dfe59e90efd55b2956a1343963d,0x1bad1270426b8059a783704308cec80753de0b38,12372.794349290001,,,,ATA,erc20,"{'value': '0x029ebb03bace26d8a400', 'address': '0xa2120b9e674d3fc3875f415a7df52e382f141225', 'decimal': '0x12'}",{'blockTimestamp': '2022-10-01T06:51:59.000Z'}
811,0xeed2fa,0x0f00ab39292a23897b7260422ee8f7f0ca3198da26e8aba2715fdb8d7b4ac4fc:log:80,0x0f00ab39292a23897b7260422ee8f7f0ca3198da26e8aba2715fdb8d7b4ac4fc,0xb638c9ed38621892c52611fac202aca483482c0d,0xa9d1e08c7793af67e9d92fe308d5697fb81d3e43,163341.0,,,,ATA,erc20,"{'value': '0x2296bbbd024ab8140000', 'address': '0xa2120b9e674d3fc3875f415a7df52e382f141225', 'decimal': '0x12'}",{'blockTimestamp': '2022-10-01T06:40:23.000Z'}
812,0xeed2db,0x88af65cc09fb747c61c2b4a8eeb2753527fd88e0faed0cac9ae271078789388b:log:370,0x88af65cc09fb747c61c2b4a8eeb2753527fd88e0faed0cac9ae271078789388b,0x3c02290922a3618a4646e3bbca65853ea45fe7c6,0x9060a859602ff697795a6fce59d59317fa3f873b,1112.0,,,,ATA,erc20,"{'value': '0x3c48199c5f1a600000', 'address': '0xa2120b9e674d3fc3875f415a7df52e382f141225', 'decimal': '0x12'}",{'blockTimestamp': '2022-10-01T06:34:11.000Z'}
813,0xeed2c7,0x9c5efeefd0abce7d19a2aa0de69114e1f1e32cfabe1e444001d014dbb338c600:log:289,0x9c5efeefd0abce7d19a2aa0de69114e1f1e32cfabe1e444001d014dbb338c600,0xaad60b6615b9eb13a9b0212af7b298f26dd74e7f,0x28c6c06298d514db089934071355e5743bf21d60,37391.0,,,,ATA,erc20,"{'value': '0x07eaf85d29fdd6dc0000', 'address': '0xa2120b9e674d3fc3875f415a7df52e382f141225', 'decimal': '0x12'}",{'blockTimestamp': '2022-10-01T06:30:11.000Z'}
814,0xeed2c7,0xcc382def8a06df7a9c699966007a65bfc60a43f202108da9d12596501f228142:log:278,0xcc382def8a06df7a9c699966007a65bfc60a43f202108da9d12596501f228142,0x7ecccabb5e4ff4537f70b0a5018e8c0cfd53fff4,0x28c6c06298d514db089934071355e5743bf21d60,190807.20445929,,,,ATA,erc20,"{'value': '0x2867ade54bd3fe768400', 'address': '0xa2120b9e674d3fc3875f415a7df52e382f141225', 'decimal': '0x12'}",{'blockTimestamp': '2022-10-01T06:30:11.000Z'}
815,0xeed2c7,0xb103e4f52bd6f0a76dcf851586073bda7c6c0b2aefc5cdf4743d81642c181da8:log:270,0xb103e4f52bd6f0a76dcf851586073bda7c6c0b2aefc5cdf4743d81642c181da8,0x6b76f95eccebc8676b22be0e5a40f867bb59b6a8,0x28c6c06298d514db089934071355e5743bf21d60,16855.532,,,,ATA,erc20,"{'value': '0x0391bd7f1990657e0000', 'address': '0xa2120b9e674d3fc3875f415a7df52e382f141225', 'decimal': '0x12'}",{'blockTimestamp': '2022-10-01T06:30:11.000Z'}
816,0xeed2c6,0x2bd2d80fa55937e8dddb84a0834d2fa59f653c726583c301d77810911b8084fb:log:51,0x2bd2d80fa55937e8dddb84a0834d2fa59f653c726583c301d77810911b8084fb,0x21a31ee1afc51d94c2efccaa2092ad1028285549,0xb638c9ed38621892c52611fac202aca483482c0d,163341.0,,,,ATA,erc20,"{'value': '0x2296bbbd024ab8140000', 'address': '0xa2120b9e674d3fc3875f415a7df52e382f141225', 'decimal': '0x12'}",{'blockTimestamp': '2022-10-01T06:29:59.000Z'}
817,0xeed2bd,0xbc1270a7390a92e006cda24f774073e9e0d2e2a58fd8046af0b38072e7f2adfd:log:306,0xbc1270a7390a92e006cda24f774073e9e0d2e2a58fd8046af0b38072e7f2adfd,0x3c02290922a3618a4646e3bbca65853ea45fe7c6,0x6b76f95eccebc8676b22be0e5a40f867bb59b6a8,9827.69,,,,ATA,erc20,"{'value': '0x0214c298b1aab2b10000', 'address': '0xa2120b9e674d3fc3875f415a7df52e382f141225', 'decimal': '0x12'}",{'blockTimestamp': '2022-10-01T06:28:11.000Z'}
818,0xeed26e,0x3b8d01ec8215d21eebb291a45a97b213c9c5fab302100b16533f6987f0c48a2f:log:41,0x3b8d01ec8215d21eebb291a45a97b213c9c5fab302100b16533f6987f0c48a2f,0x3c02290922a3618a4646e3bbca65853ea45fe7c6,0xaad60b6615b9eb13a9b0212af7b298f26dd74e7f,37391.0,,,,ATA,erc20,"{'value': '0x07eaf85d29fdd6dc0000', 'address': '0xa2120b9e674d3fc3875f415a7df52e382f141225', 'decimal': '0x12'}",{'blockTimestamp': '2022-10-01T06:12:11.000Z'}
819,0xeed24c,0xc7a6ba47e0c04a576a18f5d26d720338185780fcc5245123e4836348634e24f7:log:21,0xc7a6ba47e0c04a576a18f5d26d720338185780fcc5245123e4836348634e24f7,0xa9d1e08c7793af67e9d92fe308d5697fb81d3e43,0x7ecccabb5e4ff4537f70b0a5018e8c0cfd53fff4,190807.20445929,,,,ATA,erc20,"{'value': '0x2867ade54bd3fe768400', 'address': '0xa2120b9e674d3fc3875f415a7df52e382f141225', 'decimal': '0x12'}",{'blockTimestamp': '2022-10-01T06:05:23.000Z'}
820,0xeed229,0xa21a5eea74390289b0fcb90e0f5adc7d5d99c4bc990ce1a6b0b62f033e9fbe97:log:63,0xa21a5eea74390289b0fcb90e0f5adc7d5d99c4bc990ce1a6b0b62f033e9fbe97,0x3c02290922a3618a4646e3bbca65853ea45fe7c6,0x6b76f95eccebc8676b22be0e5a40f867bb59b6a8,7027.842000000001,,,,ATA,erc20,"{'value': '0x017cfae667e5b2cd0000', 'address': '0xa2120b9e674d3fc3875f415a7df52e382f141225', 'decimal': '0x12'}",{'blockTimestamp': '2022-10-01T05:58:11.000Z'}
821,0xeed207,0x2ed3297a80e18f3cad513e865fbb3da45bbcf032cb9c910951bf434bee1f337f:log:118,0x2ed3297a80e18f3cad513e865fbb3da45bbcf032cb9c910951bf434bee1f337f,0xd8f7c8c89efe493740fbe2d5cbc0671112c884fd,0x3c02290922a3618a4646e3bbca65853ea45fe7c6,46812.0,,,,ATA,erc20,"{'value': '0x09e9af00bb64f1f00000', 'address': '0xa2120b9e674d3fc3875f415a7df52e382f141225', 'decimal': '0x12'}",{'blockTimestamp': '2022-10-01T05:51:11.000Z'}
822,0xeed1bc,0x20aace5456cf803e3f3ca4044e1489452f8a2ed23a391d12a2cdb0e26222afef:log:423,0x20aace5456cf803e3f3ca4044e1489452f8a2ed23a391d12a2cdb0e26222afef,0xb6b8a316179344f4c0643a7a68c179bcb96dd690,0xf16e9b0d03470827a95cdfd0cb8a8a3b46969b91,8048.76111829,,,,ATA,erc20,"{'value': '0x01b452ffb8ebb340b400', 'address': '0xa2120b9e674d3fc3875f415a7df52e382f141225', 'decimal': '0x12'}",{'blockTimestamp': '2022-10-01T05:36:11.000Z'}
823,0xeed188,0x6cecff0cdc952b2eea14ca30aab25d163aa95332efa3079235113a45f4ae009f:log:55,0x6cecff0cdc952b2eea14ca30aab25d163aa95332efa3079235113a45f4ae009f,0x28c6c06298d514db089934071355e5743bf21d60,0xd8f7c8c89efe493740fbe2d5cbc0671112c884fd,46812.0,,,,ATA,erc20,"{'value': '0x09e9af00bb64f1f00000', 'address': '0xa2120b9e674d3fc3875f415a7df52e382f141225', 'decimal': '0x12'}",{'blockTimestamp': '2022-10-01T05:25:47.000Z'}
824,0xeed0ce,0x503581cebc68038c6ef48886f7eeb050e87cdd274a08fb9298dc2ceacf126075:log:140,0x503581cebc68038c6ef48886f7eeb050e87cdd274a08fb9298dc2ceacf126075,0x3c02290922a3618a4646e3bbca65853ea45fe7c6,0xb6b8a316179344f4c0643a7a68c179bcb96dd690,8048.76111829,,,,ATA,erc20,"{'value': '0x01b452ffb8ebb340b400', 'address': '0xa2120b9e674d3fc3875f415a7df52e382f141225', 'decimal': '0x12'}",{'blockTimestamp': '2022-10-01T04:48:11.000Z'}
825,0xeed0b8,0xad8ffb3b99ef4db6f9acd8f0b8e8b07f3b254e99a270b742d70902021892864c:log:107,0xad8ffb3b99ef4db6f9acd8f0b8e8b07f3b254e99a270b742d70902021892864c,0xb6b8a316179344f4c0643a7a68c179bcb96dd690,0xf16e9b0d03470827a95cdfd0cb8a8a3b46969b91,4698.72923917,,,,ATA,erc20,"{'value': '0xfeb7f7a417354e9400', 'address': '0xa2120b9e674d3fc3875f415a7df52e382f141225', 'decimal': '0x12'}",{'blockTimestamp': '2022-10-01T04:43:47.000Z'}
826,0xeed0ae,0x48943e0df281a67603593713756914c3787b4701c400a697e7a1b9ebe4302266:log:545,0x48943e0df281a67603593713756914c3787b4701c400a697e7a1b9ebe4302266,0x8f8097a2af8ecb317f05ff284069afaa87763952,0x21375e8ff94a9acad555e0d8a4f17c69c5e33bd5,2193.0,,,,ATA,erc20,"{'value': '0x76e1fd18fcefa40000', 'address': '0xa2120b9e674d3fc3875f415a7df52e382f141225', 'decimal': '0x12'}",{'blockTimestamp': '2022-10-01T04:41:47.000Z'}
827,0xeecfd5,0x3932f285f71cda7b3ca42d5f4481adceb487d649922a373e8d0a31a3dda48c08:log:25,0x3932f285f71cda7b3ca42d5f4481adceb487d649922a373e8d0a31a3dda48c08,0xe66b31678d6c16e9ebf358268a790b763c133750,0x4f201128a735fb52998a43a2c8622db04a30fc78,162.64560242193963,,,,ATA,erc20,"{'value': '0x08d12941ab5f1fc604', 'address': '0xa2120b9e674d3fc3875f415a7df52e382f141225', 'decimal': '0x12'}",{'blockTimestamp': '2022-10-01T03:57:59.000Z'}
828,0xeecfd5,0x3932f285f71cda7b3ca42d5f4481adceb487d649922a373e8d0a31a3dda48c08:log:22,0x3932f285f71cda7b3ca42d5f4481adceb487d649922a373e8d0a31a3dda48c08,0x5654d65578cda52791879751141f2f3d7dc27fe4,0xe66b31678d6c16e9ebf358268a790b763c133750,162.64560242193963,,,,ATA,erc20,"{'value': '0x08d12941ab5f1fc604', 'address': '0xa2120b9e674d3fc3875f415a7df52e382f141225', 'decimal': '0x12'}",{'blockTimestamp': '2022-10-01T03:57:59.000Z'}
829,0xeecf89,0x314ba5b428c99b864846196983e54021a4ebd54a6d2e2ccb196365f760b7394b:log:29,0x314ba5b428c99b864846196983e54021a4ebd54a6d2e2ccb196365f760b7394b,0x5654d65578cda52791879751141f2f3d7dc27fe4,0x4bba5f077a8fcfaf8d6d07c6cfbce553e2d94c9c,321.79998357081035,,,,ATA,erc20,"{'value': '0x1171df341698b0e838', 'address': '0xa2120b9e674d3fc3875f415a7df52e382f141225', 'decimal': '0x12'}",{'blockTimestamp': '2022-10-01T03:42:35.000Z'}
830,0xeecf88,0x11afd7ebdb6b58234229d82bd23d25d3c310f5f0c0bc4552226d03b2ddf9f99b:log:40,0x11afd7ebdb6b58234229d82bd23d25d3c310f5f0c0bc4552226d03b2ddf9f99b,0xd54e4f8a55247487dd7c8c59f14ee5c0c2889477,0x5654d65578cda52791879751141f2f3d7dc27fe4,457.4346533158411,,,,ATA,erc20,"{'value': '0x18cc2e59991cabebee', 'address': '0xa2120b9e674d3fc3875f415a7df52e382f141225', 'decimal': '0x12'}",{'blockTimestamp': '2022-10-01T03:42:23.000Z'}
831,0xeecf87,0x03daaf624aa082aaaaf7f93275df216da16e14b303acaf8ee20498289ce0ad4e:log:35,0x03daaf624aa082aaaaf7f93275df216da16e14b303acaf8ee20498289ce0ad4e,0x40ec5b33f54e0e8a33a975908c5ba1c14e5bbbdf,0xd54e4f8a55247487dd7c8c59f14ee5c0c2889477,457.4346533158411,,,,ATA,erc20,"{'value': '0x18cc2e59991cabebee', 'address': '0xa2120b9e674d3fc3875f415a7df52e382f141225', 'decimal': '0x12'}",{'blockTimestamp': '2022-10-01T03:42:11.000Z'}
832,0xeecf74,0x938564476d0ee83a33ce966b09046b7b1b1268063b5ee677ea2452cfc0fbab05:log:231,0x938564476d0ee83a33ce966b09046b7b1b1268063b5ee677ea2452cfc0fbab05,0x3c02290922a3618a4646e3bbca65853ea45fe7c6,0xb6b8a316179344f4c0643a7a68c179bcb96dd690,4698.72923917,,,,ATA,erc20,"{'value': '0xfeb7f7a417354e9400', 'address': '0xa2120b9e674d3fc3875f415a7df52e382f141225', 'decimal': '0x12'}",{'blockTimestamp': '2022-10-01T03:38:23.000Z'}
833,0xeecdd8,0x1f4e39a6a44bf4d3aca4505a48554b36ec93f73fdadfa06d4efe4d30472e6320:log:170,0x1f4e39a6a44bf4d3aca4505a48554b36ec93f73fdadfa06d4efe4d30472e6320,0xb638c9ed38621892c52611fac202aca483482c0d,0xa9d1e08c7793af67e9d92fe308d5697fb81d3e43,68622.0,,,,ATA,erc20,"{'value': '0x0e88018e110fd7780000', 'address': '0xa2120b9e674d3fc3875f415a7df52e382f141225', 'decimal': '0x12'}",{'blockTimestamp': '2022-10-01T02:15:11.000Z'}
834,0xeecda9,0x2b5dd7f42fdde6d98f5df01c4e1e9d68228907a31f684b85855f0673cc3b8a23:log:43,0x2b5dd7f42fdde6d98f5df01c4e1e9d68228907a31f684b85855f0673cc3b8a23,0xdfd5293d8e347dfe59e90efd55b2956a1343963d,0xb638c9ed38621892c52611fac202aca483482c0d,68622.0,,,,ATA,erc20,"{'value': '0x0e88018e110fd7780000', 'address': '0xa2120b9e674d3fc3875f415a7df52e382f141225', 'decimal': '0x12'}",{'blockTimestamp': '2022-10-01T02:05:35.000Z'}
835,0xeecb9f,0x5d166221799684fcb341f70bc10426d9d3cca5049427bb3a6d2ceae86afb1e5d:log:160,0x5d166221799684fcb341f70bc10426d9d3cca5049427bb3a6d2ceae86afb1e5d,0xa9d1e08c7793af67e9d92fe308d5697fb81d3e43,0xbecdc29d70e865bd22abc311c591a6ad7f8df2d9,12.565909049999998,,,,ATA,erc20,"{'value': '0xae6313b4351dc400', 'address': '0xa2120b9e674d3fc3875f415a7df52e382f141225', 'decimal': '0x12'}",{'blockTimestamp': '2022-10-01T00:20:11.000Z'}
836,0xeeca12,0x38b00aacf56d2f60a78d1a16c81ce822b1ceca8d036464f46cfb0c1c5a317879:log:440,0x38b00aacf56d2f60a78d1a16c81ce822b1ceca8d036464f46cfb0c1c5a317879,0xd8259173fb6ae1fb2462213bc1fe951c41a35a59,0x28c6c06298d514db089934071355e5743bf21d60,1921.0,,,,ATA,erc20,"{'value': '0x68233afa1b15640000', 'address': '0xa2120b9e674d3fc3875f415a7df52e382f141225', 'decimal': '0x12'}",{'blockTimestamp': '2022-09-30T23:00:47.000Z'}
837,0xeeca11,0xfe84163fe9213f982932f91de8d89a5d0741fff5dba669ce748913afc25d425b:log:176,0xfe84163fe9213f982932f91de8d89a5d0741fff5dba669ce748913afc25d425b,0xb638c9ed38621892c52611fac202aca483482c0d,0xa9d1e08c7793af67e9d92fe308d5697fb81d3e43,53284.0,,,,ATA,erc20,"{'value': '0x0b48880ba944ca100000', 'address': '0xa2120b9e674d3fc3875f415a7df52e382f141225', 'decimal': '0x12'}",{'blockTimestamp': '2022-09-30T23:00:35.000Z'}
838,0xeec9d5,0x9a2d9650db4d6a4ff58c88181c19e41ace263c9e1c1e8058365e1a900030eb67:log:101,0x9a2d9650db4d6a4ff58c88181c19e41ace263c9e1c1e8058365e1a900030eb67,0x21a31ee1afc51d94c2efccaa2092ad1028285549,0xb638c9ed38621892c52611fac202aca483482c0d,53284.0,,,,ATA,erc20,"{'value': '0x0b48880ba944ca100000', 'address': '0xa2120b9e674d3fc3875f415a7df52e382f141225', 'decimal': '0x12'}",{'blockTimestamp': '2022-09-30T22:48:35.000Z'}
839,0xeec9a3,0x066881b90c9ddb7d36cda751b951a938ebac96b5b39142b2b2128600120739da:log:132,0x066881b90c9ddb7d36cda751b951a938ebac96b5b39142b2b2128600120739da,0x3c02290922a3618a4646e3bbca65853ea45fe7c6,0xd8259173fb6ae1fb2462213bc1fe951c41a35a59,1921.0,,,,ATA,erc20,"{'value': '0x68233afa1b15640000', 'address': '0xa2120b9e674d3fc3875f415a7df52e382f141225', 'decimal': '0x12'}",{'blockTimestamp': '2022-09-30T22:38:23.000Z'}
840,0xeec996,0x687d061662497485af3bc8a46ae1c08ab617950b45520970a1aaf077fd4f62f7:log:240,0x687d061662497485af3bc8a46ae1c08ab617950b45520970a1aaf077fd4f62f7,0x0635cf48342199b3ae93630ce651f31e37320c6a,0xf16e9b0d03470827a95cdfd0cb8a8a3b46969b91,310.5478272287878,,,,ATA,erc20,"{'value': '0x10d5b78382fd4705fa', 'address': '0xa2120b9e674d3fc3875f415a7df52e382f141225', 'decimal': '0x12'}",{'blockTimestamp': '2022-09-30T22:35:47.000Z'}
841,0xeec97b,0x3912847c4f4e0536450d76a1ad433b7c456ea1a066de6e17d885df47871cacf3:log:374,0x3912847c4f4e0536450d76a1ad433b7c456ea1a066de6e17d885df47871cacf3,0xd8259173fb6ae1fb2462213bc1fe951c41a35a59,0x28c6c06298d514db089934071355e5743bf21d60,3182.0,,,,ATA,erc20,"{'value': '0xac7f1eed0a9cf80000', 'address': '0xa2120b9e674d3fc3875f415a7df52e382f141225', 'decimal': '0x12'}",{'blockTimestamp': '2022-09-30T22:30:11.000Z'}
842,0xeec8fb,0x6e968aad69abc78a2a6dad53693e3a3e6bac62be9a307d0748f2ebbfc4503912:log:159,0x6e968aad69abc78a2a6dad53693e3a3e6bac62be9a307d0748f2ebbfc4503912,0x3c02290922a3618a4646e3bbca65853ea45fe7c6,0xd8259173fb6ae1fb2462213bc1fe951c41a35a59,3182.0,,,,ATA,erc20,"{'value': '0xac7f1eed0a9cf80000', 'address': '0xa2120b9e674d3fc3875f415a7df52e382f141225', 'decimal': '0x12'}",{'blockTimestamp': '2022-09-30T22:04:23.000Z'}
843,0xeec8f6,0x3728d8e9dff3bed3f52b9ca37ca0f1649f630eb706b90c0f203eab30b7018c1a:log:190,0x3728d8e9dff3bed3f52b9ca37ca0f1649f630eb706b90c0f203eab30b7018c1a,0xa9d1e08c7793af67e9d92fe308d5697fb81d3e43,0x8a508b87b83bc2b92bc87134dcd60b4ea31b172f,44.35615336,,,,ATA,erc20,"{'value': '0x026790b678d18ca000', 'address': '0xa2120b9e674d3fc3875f415a7df52e382f141225', 'decimal': '0x12'}",{'blockTimestamp': '2022-09-30T22:03:23.000Z'}
844,0xeec8f4,0xd3e6c864941aea47eaa0c9e1655a3dfca3a3f07d3c2d814a8823c3a0158cf646:log:1,0xd3e6c864941aea47eaa0c9e1655a3dfca3a3f07d3c2d814a8823c3a0158cf646,0x5654d65578cda52791879751141f2f3d7dc27fe4,0x0635cf48342199b3ae93630ce651f31e37320c6a,310.5478272287878,,,,ATA,erc20,"{'value': '0x10d5b78382fd4705fa', 'address': '0xa2120b9e674d3fc3875f415a7df52e382f141225', 'decimal': '0x12'}",{'blockTimestamp': '2022-09-30T22:02:59.000Z'}
845,0xeec8e7,0x6652a8c87b4f07e78c0c45dc7b0d47a472fb913c688e6920b7e220bdcd27616b:log:35,0x6652a8c87b4f07e78c0c45dc7b0d47a472fb913c688e6920b7e220bdcd27616b,0x29984d1f9055cafb02dcdd53c54b727902e44975,0x28c6c06298d514db089934071355e5743bf21d60,350722.23,,,,ATA,erc20,"{'value': '0x4a44b0affafc811f0000', 'address': '0xa2120b9e674d3fc3875f415a7df52e382f141225', 'decimal': '0x12'}",{'blockTimestamp': '2022-09-30T22:00:23.000Z'}
846,0xeec5ff,0x67a453381f3461565b003bf5f4fdec749a512227b052a7eee8babbbed17a0452:log:139,0x67a453381f3461565b003bf5f4fdec749a512227b052a7eee8babbbed17a0452,0xa9d1e08c7793af67e9d92fe308d5697fb81d3e43,0x153e2aa435cfab574fc8886d464b1c493acfd7b8,6.86119873,,,,ATA,erc20,"{'value': '0x5f37dfe48b02e400', 'address': '0xa2120b9e674d3fc3875f415a7df52e382f141225', 'decimal': '0x12'}",{'blockTimestamp': '2022-09-30T19:31:11.000Z'}
847,0xeec593,0xe504aa292b295426f1e85e116a8b12d1a8b09ec96431a8e2210ba5d5c19081b0:log:2,0xe504aa292b295426f1e85e116a8b12d1a8b09ec96431a8e2210ba5d5c19081b0,0x882d04c3d8410ddf2061b3cba2c3522854316feb,0x40ec5b33f54e0e8a33a975908c5ba1c14e5bbbdf,1010.3755207779059,,,,ATA,erc20,"{'value': '0x36c5c6eef2d564cdee', 'address': '0xa2120b9e674d3fc3875f415a7df52e382f141225', 'decimal': '0x12'}",{'blockTimestamp': '2022-09-30T19:09:35.000Z'}
848,0xeec593,0xe504aa292b295426f1e85e116a8b12d1a8b09ec96431a8e2210ba5d5c19081b0:log:0,0xe504aa292b295426f1e85e116a8b12d1a8b09ec96431a8e2210ba5d5c19081b0,0x40ec5b33f54e0e8a33a975908c5ba1c14e5bbbdf,0x882d04c3d8410ddf2061b3cba2c3522854316feb,1010.3755207779059,,,,ATA,erc20,"{'value': '0x36c5c6eef2d564cdee', 'address': '0xa2120b9e674d3fc3875f415a7df52e382f141225', 'decimal': '0x12'}",{'blockTimestamp': '2022-09-30T19:09:35.000Z'}
849,0xeec58f,0xc435cb8a13d87bac478f12940cb2342ae04a9841dca0ab7eefc7ec91989db798:log:221,0xc435cb8a13d87bac478f12940cb2342ae04a9841dca0ab7eefc7ec91989db798,0x95b564f3b3bae3f206aa418667ba000afafacc8a,0x29984d1f9055cafb02dcdd53c54b727902e44975,350722.23,,,,ATA,erc20,"{'value': '0x4a44b0affafc811f0000', 'address': '0xa2120b9e674d3fc3875f415a7df52e382f141225', 'decimal': '0x12'}",{'blockTimestamp': '2022-09-30T19:08:47.000Z'}
850,0xeec589,0x6ec0e9f7abe6d69ef62a86579fa98a6f2ab39572757c645c4b4d731daabbf8ec:log:107,0x6ec0e9f7abe6d69ef62a86579fa98a6f2ab39572757c645c4b4d731daabbf8ec,0x882d04c3d8410ddf2061b3cba2c3522854316feb,0x40ec5b33f54e0e8a33a975908c5ba1c14e5bbbdf,1457.524621852381,,,,ATA,erc20,"{'value': '0x4f0337a94740b9f1c2', 'address': '0xa2120b9e674d3fc3875f415a7df52e382f141225', 'decimal': '0x12'}",{'blockTimestamp': '2022-09-30T19:07:35.000Z'}
851,0xeec589,0x6ec0e9f7abe6d69ef62a86579fa98a6f2ab39572757c645c4b4d731daabbf8ec:log:103,0x6ec0e9f7abe6d69ef62a86579fa98a6f2ab39572757c645c4b4d731daabbf8ec,0x5654d65578cda52791879751141f2f3d7dc27fe4,0x882d04c3d8410ddf2061b3cba2c3522854316feb,1457.524621852381,,,,ATA,erc20,"{'value': '0x4f0337a94740b9f1c2', 'address': '0xa2120b9e674d3fc3875f415a7df52e382f141225', 'decimal': '0x12'}",{'blockTimestamp': '2022-09-30T19:07:35.000Z'}
852,0xeec589,0x88f36440a21e15e1b6114d054e830df0151edaf9f405d278e3bb6c0c493ec570:log:96,0x88f36440a21e15e1b6114d054e830df0151edaf9f405d278e3bb6c0c493ec570,0xe66b31678d6c16e9ebf358268a790b763c133750,0x5654d65578cda52791879751141f2f3d7dc27fe4,1808.2683593656486,,,,ATA,erc20,"{'value': '0x6206c3bc3a07e2f905', 'address': '0xa2120b9e674d3fc3875f415a7df52e382f141225', 'decimal': '0x12'}",{'blockTimestamp': '2022-09-30T19:07:35.000Z'}
853,0xeec589,0x88f36440a21e15e1b6114d054e830df0151edaf9f405d278e3bb6c0c493ec570:log:93,0x88f36440a21e15e1b6114d054e830df0151edaf9f405d278e3bb6c0c493ec570,0x7b6e2b99fcf10f61677aa69f59c6b34645869bd6,0xe66b31678d6c16e9ebf358268a790b763c133750,1808.2683593656486,,,,ATA,erc20,"{'value': '0x6206c3bc3a07e2f905', 'address': '0xa2120b9e674d3fc3875f415a7df52e382f141225', 'decimal': '0x12'}",{'blockTimestamp': '2022-09-30T19:07:35.000Z'}
854,0xeec589,0x88f36440a21e15e1b6114d054e830df0151edaf9f405d278e3bb6c0c493ec570:log:91,0x88f36440a21e15e1b6114d054e830df0151edaf9f405d278e3bb6c0c493ec570,0x7b6e2b99fcf10f61677aa69f59c6b34645869bd6,0x382ffce2287252f930e1c8dc9328dac5bf282ba1,27.537081614705308,,,,ATA,erc20,"{'value': '0x017e275dd4b3733678', 'address': '0xa2120b9e674d3fc3875f415a7df52e382f141225', 'decimal': '0x12'}",{'blockTimestamp': '2022-09-30T19:07:35.000Z'}
855,0xeec556,0x7af1c196027fa8dbe8dcb3e8dfc3a8abc9b1b6808c22c9b86f54d9356f6c4b76:log:203,0x7af1c196027fa8dbe8dcb3e8dfc3a8abc9b1b6808c22c9b86f54d9356f6c4b76,0xd54e4f8a55247487dd7c8c59f14ee5c0c2889477,0x40ec5b33f54e0e8a33a975908c5ba1c14e5bbbdf,504.14253645683766,,,,ATA,erc20,"{'value': '0x1b546215d88a39b051', 'address': '0xa2120b9e674d3fc3875f415a7df52e382f141225', 'decimal': '0x12'}",{'blockTimestamp': '2022-09-30T18:57:11.000Z'}
856,0xeec552,0xdff3a19f28fe7bb4f6ca7e13e84aa751e57f9de36312af8cf7511b68f3846af3:log:115,0xdff3a19f28fe7bb4f6ca7e13e84aa751e57f9de36312af8cf7511b68f3846af3,0x40ec5b33f54e0e8a33a975908c5ba1c14e5bbbdf,0xd54e4f8a55247487dd7c8c59f14ee5c0c2889477,504.14253645683766,,,,ATA,erc20,"{'value': '0x1b546215d88a39b051', 'address': '0xa2120b9e674d3fc3875f415a7df52e382f141225', 'decimal': '0x12'}",{'blockTimestamp': '2022-09-30T18:56:23.000Z'}
857,0xeec4cf,0x66be600fc2e048de47683a145e54b12f7cfd9f595550a3b92f712c14602d8b5b:log:235,0x66be600fc2e048de47683a145e54b12f7cfd9f595550a3b92f712c14602d8b5b,0x32e28e146c62541e2830d3bed33946b37c2e57f0,0x28c6c06298d514db089934071355e5743bf21d60,1501.8268987021575,,,,ATA,erc20,"{'value': '0x516a08f75984a6c7c0', 'address': '0xa2120b9e674d3fc3875f415a7df52e382f141225', 'decimal': '0x12'}",{'blockTimestamp': '2022-09-30T18:30:11.000Z'}
858,0xeec475,0x7b52e4a0f5db36f9b4c4a8eca6538fafe8777e1812d2d43ad5b40b68eb2efe94:log:154,0x7b52e4a0f5db36f9b4c4a8eca6538fafe8777e1812d2d43ad5b40b68eb2efe94,0x3eae56964b8ce1cb52f395444c0f89577bd6bb49,0x32e28e146c62541e2830d3bed33946b37c2e57f0,1501.8268987021575,,,,ATA,erc20,"{'value': '0x516a08f75984a6c7c0', 'address': '0xa2120b9e674d3fc3875f415a7df52e382f141225', 'decimal': '0x12'}",{'blockTimestamp': '2022-09-30T18:11:47.000Z'}
859,0xeec473,0xcd5145016df1203ccf918aca521d4ea51a31301dcc742fabcfcff589ba9f5bda:log:249,0xcd5145016df1203ccf918aca521d4ea51a31301dcc742fabcfcff589ba9f5bda,0x0d0707963952f2fba59dd06f2b425ace40b492fe,0x8f8097a2af8ecb317f05ff284069afaa87763952,2193.0,,,,ATA,erc20,"{'value': '0x76e1fd18fcefa40000', 'address': '0xa2120b9e674d3fc3875f415a7df52e382f141225', 'decimal': '0x12'}",{'blockTimestamp': '2022-09-30T18:11:23.000Z'}
860,0xeec473,0x49efe8d3df6911dd743edc27ff249c01363316cf0f7dac83d20d9c52226288fc:log:1,0x49efe8d3df6911dd743edc27ff249c01363316cf0f7dac83d20d9c52226288fc,0x3eae56964b8ce1cb52f395444c0f89577bd6bb49,0x5654d65578cda52791879751141f2f3d7dc27fe4,697.1730012978426,,,,ATA,erc20,"{'value': '0x25cb380ee646daf840', 'address': '0xa2120b9e674d3fc3875f415a7df52e382f141225', 'decimal': '0x12'}",{'blockTimestamp': '2022-09-30T18:11:23.000Z'}
861,0xeec471,0xf4127f2a7504e1b908f24573ae7d5bb9670b4b6fb5e0c56e11d103666c46f07f:log:123,0xf4127f2a7504e1b908f24573ae7d5bb9670b4b6fb5e0c56e11d103666c46f07f,0x882d04c3d8410ddf2061b3cba2c3522854316feb,0x40ec5b33f54e0e8a33a975908c5ba1c14e5bbbdf,851.7774156792123,,,,ATA,erc20,"{'value': '0x2e2cc946a66bb030c9', 'address': '0xa2120b9e674d3fc3875f415a7df52e382f141225', 'decimal': '0x12'}",{'blockTimestamp': '2022-09-30T18:10:59.000Z'}
862,0xeec471,0xf4127f2a7504e1b908f24573ae7d5bb9670b4b6fb5e0c56e11d103666c46f07f:log:119,0xf4127f2a7504e1b908f24573ae7d5bb9670b4b6fb5e0c56e11d103666c46f07f,0x5654d65578cda52791879751141f2f3d7dc27fe4,0x882d04c3d8410ddf2061b3cba2c3522854316feb,851.7774156792123,,,,ATA,erc20,"{'value': '0x2e2cc946a66bb030c9', 'address': '0xa2120b9e674d3fc3875f415a7df52e382f141225', 'decimal': '0x12'}",{'blockTimestamp': '2022-09-30T18:10:59.000Z'}
863,0xeec471,0x95b9c3b2dda4516239ed3e732f38562fe8caf759b8de731b1a877f1a45207f98:log:109,0x95b9c3b2dda4516239ed3e732f38562fe8caf759b8de731b1a877f1a45207f98,0x759ec1b3326de6fd4ba316f65a6f689c4e4c3092,0x5654d65578cda52791879751141f2f3d7dc27fe4,2201.485,,,,ATA,erc20,"{'value': '0x7757bddf8856d48000', 'address': '0xa2120b9e674d3fc3875f415a7df52e382f141225', 'decimal': '0x12'}",{'blockTimestamp': '2022-09-30T18:10:59.000Z'}
864,0xeec471,0x7b14270c024a7800c82ff7547fcde1902ebcfe1a44defb122a05b25cde70fdf0:log:99,0x7b14270c024a7800c82ff7547fcde1902ebcfe1a44defb122a05b25cde70fdf0,0x28c6c06298d514db089934071355e5743bf21d60,0x759ec1b3326de6fd4ba316f65a6f689c4e4c3092,2201.485,,,,ATA,erc20,"{'value': '0x7757bddf8856d48000', 'address': '0xa2120b9e674d3fc3875f415a7df52e382f141225', 'decimal': '0x12'}",{'blockTimestamp': '2022-09-30T18:10:59.000Z'}
865,0xeec471,0xe0f960d7ecad5960e2002585110baaa66a688f751244ee54d53231cf28436d3e:log:96,0xe0f960d7ecad5960e2002585110baaa66a688f751244ee54d53231cf28436d3e,0x21a31ee1afc51d94c2efccaa2092ad1028285549,0x3eae56964b8ce1cb52f395444c0f89577bd6bb49,2199.0,,,,ATA,erc20,"{'value': '0x7735416132dbfc0000', 'address': '0xa2120b9e674d3fc3875f415a7df52e382f141225', 'decimal': '0x12'}",{'blockTimestamp': '2022-09-30T18:10:59.000Z'}
866,0xeec46c,0x3027e1c12853072dab25996cd1ed6f796b6e3c205ba1918b438d7d191925202d:log:43,0x3027e1c12853072dab25996cd1ed6f796b6e3c205ba1918b438d7d191925202d,0xe66b31678d6c16e9ebf358268a790b763c133750,0x7b6e2b99fcf10f61677aa69f59c6b34645869bd6,1835.805440980354,,,,ATA,erc20,"{'value': '0x6384eb1a0ebb562f7d', 'address': '0xa2120b9e674d3fc3875f415a7df52e382f141225', 'decimal': '0x12'}",{'blockTimestamp': '2022-09-30T18:09:59.000Z'}
867,0xeec46c,0x3027e1c12853072dab25996cd1ed6f796b6e3c205ba1918b438d7d191925202d:log:40,0x3027e1c12853072dab25996cd1ed6f796b6e3c205ba1918b438d7d191925202d,0x5654d65578cda52791879751141f2f3d7dc27fe4,0xe66b31678d6c16e9ebf358268a790b763c133750,1835.805440980354,,,,ATA,erc20,"{'value': '0x6384eb1a0ebb562f7d', 'address': '0xa2120b9e674d3fc3875f415a7df52e382f141225', 'decimal': '0x12'}",{'blockTimestamp': '2022-09-30T18:09:59.000Z'}
868,0xeec3ae,0x04856875f3ae54f5ba858dd73f78df1117724a0a3efc865e2f8cb9db6d95d75e:log:123,0x04856875f3ae54f5ba858dd73f78df1117724a0a3efc865e2f8cb9db6d95d75e,0x74de5d4fcbf63e00296fd95d33236b9794016631,0x5654d65578cda52791879751141f2f3d7dc27fe4,134.34848745,,,,ATA,erc20,"{'value': '0x074875b586e8468400', 'address': '0xa2120b9e674d3fc3875f415a7df52e382f141225', 'decimal': '0x12'}",{'blockTimestamp': '2022-09-30T17:31:59.000Z'}
869,0xeec3ae,0x04856875f3ae54f5ba858dd73f78df1117724a0a3efc865e2f8cb9db6d95d75e:log:121,0x04856875f3ae54f5ba858dd73f78df1117724a0a3efc865e2f8cb9db6d95d75e,0xfe2a08aa4573621159288f112cbe1b9db27d231b,0x74de5d4fcbf63e00296fd95d33236b9794016631,134.34848745,,,,ATA,erc20,"{'value': '0x074875b586e8468400', 'address': '0xa2120b9e674d3fc3875f415a7df52e382f141225', 'decimal': '0x12'}",{'blockTimestamp': '2022-09-30T17:31:59.000Z'}
870,0xeec39c,0xa6d0d975e1445f3c9fc28f423e997a2855b9bdcec2357c3b614b7e2cd0885da7:log:91,0xa6d0d975e1445f3c9fc28f423e997a2855b9bdcec2357c3b614b7e2cd0885da7,0x28c6c06298d514db089934071355e5743bf21d60,0x25e743c1bbfaf81cfa0f5acde87e1d870e8c401c,573.405,,,,ATA,erc20,"{'value': '0x1f1597c97858dc8000', 'address': '0xa2120b9e674d3fc3875f415a7df52e382f141225', 'decimal': '0x12'}",{'blockTimestamp': '2022-09-30T17:28:23.000Z'}
871,0xeec346,0xc3a585aa43d8bc06244f5770d878888b5d10dc8126045d115a55943438787cde:log:140,0xc3a585aa43d8bc06244f5770d878888b5d10dc8126045d115a55943438787cde,0x74de5d4fcbf63e00296fd95d33236b9794016631,0x7f7868f761e74fb98ce684aa99927600d7d328b4,141.47786066718595,,,,ATA,erc20,"{'value': '0x07ab6654b1e9d3a9c1', 'address': '0xa2120b9e674d3fc3875f415a7df52e382f141225', 'decimal': '0x12'}",{'blockTimestamp': '2022-09-30T17:11:11.000Z'}
872,0xeec346,0xc3a585aa43d8bc06244f5770d878888b5d10dc8126045d115a55943438787cde:log:137,0xc3a585aa43d8bc06244f5770d878888b5d10dc8126045d115a55943438787cde,0x5654d65578cda52791879751141f2f3d7dc27fe4,0x74de5d4fcbf63e00296fd95d33236b9794016631,141.47786066718595,,,,ATA,erc20,"{'value': '0x07ab6654b1e9d3a9c1', 'address': '0xa2120b9e674d3fc3875f415a7df52e382f141225', 'decimal': '0x12'}",{'blockTimestamp': '2022-09-30T17:11:11.000Z'}
873,0xeec30f,0xa151fd7a10461636c82005a2fa2b098af8fea9ecb56b57526ea1fc6b71261dc3:log:498,0xa151fd7a10461636c82005a2fa2b098af8fea9ecb56b57526ea1fc6b71261dc3,0x6b76f95eccebc8676b22be0e5a40f867bb59b6a8,0x28c6c06298d514db089934071355e5743bf21d60,4094.4910999999997,,,,ATA,erc20,"{'value': '0xddf67a89e80a69c000', 'address': '0xa2120b9e674d3fc3875f415a7df52e382f141225', 'decimal': '0x12'}",{'blockTimestamp': '2022-09-30T17:00:11.000Z'}
874,0xeec2a1,0x8c5a6f65a20000a51564ff27b584d5fe6484f4540977b34dd15550a4a2e5c76f:log:164,0x8c5a6f65a20000a51564ff27b584d5fe6484f4540977b34dd15550a4a2e5c76f,0x3c02290922a3618a4646e3bbca65853ea45fe7c6,0x6b76f95eccebc8676b22be0e5a40f867bb59b6a8,4094.4910999999997,,,,ATA,erc20,"{'value': '0xddf67a89e80a69c000', 'address': '0xa2120b9e674d3fc3875f415a7df52e382f141225', 'decimal': '0x12'}",{'blockTimestamp': '2022-09-30T16:38:11.000Z'}
875,0xeec244,0x87776b316a06eee7816bc50e54c30ccf323ea858b0d75718fdf5ce139c2a9245:log:199,0x87776b316a06eee7816bc50e54c30ccf323ea858b0d75718fdf5ce139c2a9245,0xdfd5293d8e347dfe59e90efd55b2956a1343963d,0x95b564f3b3bae3f206aa418667ba000afafacc8a,394528.99,,,,ATA,erc20,"{'value': '0x538b759b74d318230000', 'address': '0xa2120b9e674d3fc3875f415a7df52e382f141225', 'decimal': '0x12'}",{'blockTimestamp': '2022-09-30T16:19:11.000Z'}
876,0xeec0c5,0x1ec5342a2154c263bf0f47c44f6c4b409718b897ba92c0bcee0d4ccf0e6e6862:log:170,0x1ec5342a2154c263bf0f47c44f6c4b409718b897ba92c0bcee0d4ccf0e6e6862,0xe66b31678d6c16e9ebf358268a790b763c133750,0x67240bf160bfa0570066cbd5bc86b563950795a1,31.04860588627902,,,,ATA,erc20,"{'value': '0x01aee2ce8d0ec37453', 'address': '0xa2120b9e674d3fc3875f415a7df52e382f141225', 'decimal': '0x12'}",{'blockTimestamp': '2022-09-30T15:02:11.000Z'}
877,0xeec0c5,0x1ec5342a2154c263bf0f47c44f6c4b409718b897ba92c0bcee0d4ccf0e6e6862:log:167,0x1ec5342a2154c263bf0f47c44f6c4b409718b897ba92c0bcee0d4ccf0e6e6862,0x5654d65578cda52791879751141f2f3d7dc27fe4,0xe66b31678d6c16e9ebf358268a790b763c133750,31.04860588627902,,,,ATA,erc20,"{'value': '0x01aee2ce8d0ec37453', 'address': '0xa2120b9e674d3fc3875f415a7df52e382f141225', 'decimal': '0x12'}",{'blockTimestamp': '2022-09-30T15:02:11.000Z'}
878,0xeec00f,0x95f6da2ebb31bc598718788c60be8d87f647cbe2fd084d08a03e75c3ab6cf84e:log:240,0x95f6da2ebb31bc598718788c60be8d87f647cbe2fd084d08a03e75c3ab6cf84e,0xf67633757032d9e460c423bb09979ace134ab6b7,0xa9d1e08c7793af67e9d92fe308d5697fb81d3e43,61324.0,,,,ATA,erc20,"{'value': '0x0cfc6175a385e6b00000', 'address': '0xa2120b9e674d3fc3875f415a7df52e382f141225', 'decimal': '0x12'}",{'blockTimestamp': '2022-09-30T14:25:23.000Z'}
879,0xeebfd4,0x1952d11eb0bdb0f58230c40b258dd694465d4a6bc507ae61c1a4adb4ee64217c:log:88,0x1952d11eb0bdb0f58230c40b258dd694465d4a6bc507ae61c1a4adb4ee64217c,0x21a31ee1afc51d94c2efccaa2092ad1028285549,0xf67633757032d9e460c423bb09979ace134ab6b7,61324.0,,,,ATA,erc20,"{'value': '0x0cfc6175a385e6b00000', 'address': '0xa2120b9e674d3fc3875f415a7df52e382f141225', 'decimal': '0x12'}",{'blockTimestamp': '2022-09-30T14:13:35.000Z'}
880,0xeebf65,0x930b44b351edfd61caed81a7bfd8efda0e6ed7017ba5424f784ae5a2de61d5de:log:196,0x930b44b351edfd61caed81a7bfd8efda0e6ed7017ba5424f784ae5a2de61d5de,0xf431666bdc13d00bc0d2661ef756755f0c7086dd,0x3c02290922a3618a4646e3bbca65853ea45fe7c6,8212.0,,,,ATA,erc20,"{'value': '0x01bd2c64baf593d00000', 'address': '0xa2120b9e674d3fc3875f415a7df52e382f141225', 'decimal': '0x12'}",{'blockTimestamp': '2022-09-30T13:51:23.000Z'}
881,0xeebeb9,0x68ba8342e7360784c2a17f0db53687c986f6f1a33c73a3246bba47d57273be2c:log:174,0x68ba8342e7360784c2a17f0db53687c986f6f1a33c73a3246bba47d57273be2c,0x28c6c06298d514db089934071355e5743bf21d60,0xf431666bdc13d00bc0d2661ef756755f0c7086dd,8212.0,,,,ATA,erc20,"{'value': '0x01bd2c64baf593d00000', 'address': '0xa2120b9e674d3fc3875f415a7df52e382f141225', 'decimal': '0x12'}",{'blockTimestamp': '2022-09-30T13:16:59.000Z'}
882,0xeebdd6,0x41ee0da94f6b8876ae29e76d20a1918231a361eeade7bc5beaf02321e2ee2297:log:201,0x41ee0da94f6b8876ae29e76d20a1918231a361eeade7bc5beaf02321e2ee2297,0xebccae4afda7e3ea4edaf4ebe4827cb4933f6c1d,0x28c6c06298d514db089934071355e5743bf21d60,1353.489146,,,,ATA,erc20,"{'value': '0x495f6f6731b4d1a000', 'address': '0xa2120b9e674d3fc3875f415a7df52e382f141225', 'decimal': '0x12'}",{'blockTimestamp': '2022-09-30T12:31:11.000Z'}
883,0xeebdd3,0x635f1832dec717af8ea81a53cf3414de67afdbfb8e242eaf13a3a802a0382e22:log:440,0x635f1832dec717af8ea81a53cf3414de67afdbfb8e242eaf13a3a802a0382e22,0x29984d1f9055cafb02dcdd53c54b727902e44975,0x28c6c06298d514db089934071355e5743bf21d60,219301.95,,,,ATA,erc20,"{'value': '0x2e7061ed8d78bc130000', 'address': '0xa2120b9e674d3fc3875f415a7df52e382f141225', 'decimal': '0x12'}",{'blockTimestamp': '2022-09-30T12:30:35.000Z'}
884,0xeebd11,0xea127d5ffa9c0a0c439724e3b009d80736c6d665b5532a5929005babaf0b1d41:log:105,0xea127d5ffa9c0a0c439724e3b009d80736c6d665b5532a5929005babaf0b1d41,0x67a5268e6bd7e01bc84068cbf3539d4ef4f11664,0x3c02290922a3618a4646e3bbca65853ea45fe7c6,8274.47,,,,ATA,erc20,"{'value': '0x01c08f56c0faa2770000', 'address': '0xa2120b9e674d3fc3875f415a7df52e382f141225', 'decimal': '0x12'}",{'blockTimestamp': '2022-09-30T11:51:23.000Z'}
885,0xeebd11,0xe60a9761b4d9be8080bf4c6e0127b5be8b8a0910fd93e3a5b15d3062fe291b7f:log:100,0xe60a9761b4d9be8080bf4c6e0127b5be8b8a0910fd93e3a5b15d3062fe291b7f,0x29d5b6f6dda54f3ec58d32a22cbefdc3b8676bd5,0x3c02290922a3618a4646e3bbca65853ea45fe7c6,12935.908599999999,,,,ATA,erc20,"{'value': '0x02bd41cb6e51a0a78000', 'address': '0xa2120b9e674d3fc3875f415a7df52e382f141225', 'decimal': '0x12'}",{'blockTimestamp': '2022-09-30T11:51:23.000Z'}
886,0xeebd11,0x7529a69b6e116a34a6974614dca9a17a07075c6a4fbcb43b023c8c3cb353756a:log:85,0x7529a69b6e116a34a6974614dca9a17a07075c6a4fbcb43b023c8c3cb353756a,0xf431666bdc13d00bc0d2661ef756755f0c7086dd,0x3c02290922a3618a4646e3bbca65853ea45fe7c6,16471.0,,,,ATA,erc20,"{'value': '0x037ce50b00e6e2fc0000', 'address': '0xa2120b9e674d3fc3875f415a7df52e382f141225', 'decimal': '0x12'}",{'blockTimestamp': '2022-09-30T11:51:23.000Z'}
887,0xeebcce,0x0e48248928126227061e32cb8621b4e258a4bd16b3020db589ece2f168bff18d:log:88,0x0e48248928126227061e32cb8621b4e258a4bd16b3020db589ece2f168bff18d,0x95b564f3b3bae3f206aa418667ba000afafacc8a,0x29984d1f9055cafb02dcdd53c54b727902e44975,219301.95,,,,ATA,erc20,"{'value': '0x2e7061ed8d78bc130000', 'address': '0xa2120b9e674d3fc3875f415a7df52e382f141225', 'decimal': '0x12'}",{'blockTimestamp': '2022-09-30T11:37:59.000Z'}
888,0xeebccb,0x5a9f4922b17b2b6e4d985bda659f9fab713b464bf5eefc3d9c8329e856ed54bf:log:173,0x5a9f4922b17b2b6e4d985bda659f9fab713b464bf5eefc3d9c8329e856ed54bf,0x0d0707963952f2fba59dd06f2b425ace40b492fe,0xebccae4afda7e3ea4edaf4ebe4827cb4933f6c1d,1353.489146,,,,ATA,erc20,"{'value': '0x495f6f6731b4d1a000', 'address': '0xa2120b9e674d3fc3875f415a7df52e382f141225', 'decimal': '0x12'}",{'blockTimestamp': '2022-09-30T11:37:23.000Z'}
889,0xeebca8,0x5b8e4f3d4a0e8536253c51c25429e1f22c59370d7e97df7f0615969c45e41f8d:log:192,0x5b8e4f3d4a0e8536253c51c25429e1f22c59370d7e97df7f0615969c45e41f8d,0x989a69a3e608483ae3f6fb21e2874f5c8fb98697,0x28c6c06298d514db089934071355e5743bf21d60,16255.0,,,,ATA,erc20,"{'value': '0x03712f70d951a69c0000', 'address': '0xa2120b9e674d3fc3875f415a7df52e382f141225', 'decimal': '0x12'}",{'blockTimestamp': '2022-09-30T11:30:23.000Z'}
890,0xeebca8,0x48cd7d4b82e71b0153a2f0f21391776860440ed04e4a5bc7c72f32d91c373687:log:164,0x48cd7d4b82e71b0153a2f0f21391776860440ed04e4a5bc7c72f32d91c373687,0x29984d1f9055cafb02dcdd53c54b727902e44975,0x28c6c06298d514db089934071355e5743bf21d60,345453.7,,,,ATA,erc20,"{'value': '0x4927152561dac85a0000', 'address': '0xa2120b9e674d3fc3875f415a7df52e382f141225', 'decimal': '0x12'}",{'blockTimestamp': '2022-09-30T11:30:23.000Z'}
891,0xeebc59,0x9480a72ffeb01c6154664efafa40e645256388d181370d1cb4e4adf2d73b4a26:log:138,0x9480a72ffeb01c6154664efafa40e645256388d181370d1cb4e4adf2d73b4a26,0xdfd5293d8e347dfe59e90efd55b2956a1343963d,0xf431666bdc13d00bc0d2661ef756755f0c7086dd,8228.0,,,,ATA,erc20,"{'value': '0x01be0a7026300a100000', 'address': '0xa2120b9e674d3fc3875f415a7df52e382f141225', 'decimal': '0x12'}",{'blockTimestamp': '2022-09-30T11:14:35.000Z'}
892,0xeebc50,0x7d2b1b5b53034336fa5ee3c969dea82dde1c9bf911a687921d7646255c5a9635:log:121,0x7d2b1b5b53034336fa5ee3c969dea82dde1c9bf911a687921d7646255c5a9635,0xf16e9b0d03470827a95cdfd0cb8a8a3b46969b91,0x67a5268e6bd7e01bc84068cbf3539d4ef4f11664,8274.47,,,,ATA,erc20,"{'value': '0x01c08f56c0faa2770000', 'address': '0xa2120b9e674d3fc3875f415a7df52e382f141225', 'decimal': '0x12'}",{'blockTimestamp': '2022-09-30T11:12:47.000Z'}
893,0xeebc40,0xc10857e37b59b7cfa3aa038e479c144f673139d9a2cd4b8a07d7fd5faa117ecb:log:74,0xc10857e37b59b7cfa3aa038e479c144f673139d9a2cd4b8a07d7fd5faa117ecb,0xf16e9b0d03470827a95cdfd0cb8a8a3b46969b91,0x29d5b6f6dda54f3ec58d32a22cbefdc3b8676bd5,4014.0,,,,ATA,erc20,"{'value': '0xd99970b4eaa1f80000', 'address': '0xa2120b9e674d3fc3875f415a7df52e382f141225', 'decimal': '0x12'}",{'blockTimestamp': '2022-09-30T11:09:35.000Z'}
894,0xeebc31,0x9364116a41ded8b0ae93aaa71ecc5aeb02a153480a23e5191096580e53cfae27:log:103,0x9364116a41ded8b0ae93aaa71ecc5aeb02a153480a23e5191096580e53cfae27,0x21a31ee1afc51d94c2efccaa2092ad1028285549,0xf431666bdc13d00bc0d2661ef756755f0c7086dd,8243.0,,,,ATA,erc20,"{'value': '0x01beda9adab6d8ec0000', 'address': '0xa2120b9e674d3fc3875f415a7df52e382f141225', 'decimal': '0x12'}",{'blockTimestamp': '2022-09-30T11:06:35.000Z'}
895,0xeebc22,0xd2df17c8fb05f8e2bc72d08abdc90ea9cfaf1160ac12fe78f88f5d49cc17404f:log:82,0xd2df17c8fb05f8e2bc72d08abdc90ea9cfaf1160ac12fe78f88f5d49cc17404f,0x95b564f3b3bae3f206aa418667ba000afafacc8a,0x29984d1f9055cafb02dcdd53c54b727902e44975,345453.7,,,,ATA,erc20,"{'value': '0x4927152561dac85a0000', 'address': '0xa2120b9e674d3fc3875f415a7df52e382f141225', 'decimal': '0x12'}",{'blockTimestamp': '2022-09-30T11:03:35.000Z'}
896,0xeebc12,0x3ff70ecd80212e61d7722b03a8f59ab9100f96bcb906a294fe33109f283658fc:log:36,0x3ff70ecd80212e61d7722b03a8f59ab9100f96bcb906a294fe33109f283658fc,0x10a404c03d8b90f2e5f0398b594fbf3cca6fc92d,0x28c6c06298d514db089934071355e5743bf21d60,119042.85714285714,,,,ATA,erc20,"{'value': '0x19355382ef57148b6db6', 'address': '0xa2120b9e674d3fc3875f415a7df52e382f141225', 'decimal': '0x12'}",{'blockTimestamp': '2022-09-30T11:00:23.000Z'}
897,0xeebc11,0x27d97ce3f9eacbab97798ab60f63941cb3fab59fda6746334f41085f4b0b407a:log:228,0x27d97ce3f9eacbab97798ab60f63941cb3fab59fda6746334f41085f4b0b407a,0x4b5b71878396dbde5b6a0ac104f4f337efa34737,0x28c6c06298d514db089934071355e5743bf21d60,19380.0,,,,ATA,erc20,"{'value': '0x041a9787185bfe500000', 'address': '0xa2120b9e674d3fc3875f415a7df52e382f141225', 'decimal': '0x12'}",{'blockTimestamp': '2022-09-30T11:00:11.000Z'}
898,0xeebbe6,0xfa67c4d9c48689d07a4c78ee9ba813512cae263753f4fee724ca718ea72b1833:log:286,0xfa67c4d9c48689d07a4c78ee9ba813512cae263753f4fee724ca718ea72b1833,0xca7a893be875f9f6096b97c33b843fc350ef8fb0,0x3c02290922a3618a4646e3bbca65853ea45fe7c6,4777.0,,,,ATA,erc20,"{'value': '0x0102f6313e5e89040000', 'address': '0xa2120b9e674d3fc3875f415a7df52e382f141225', 'decimal': '0x12'}",{'blockTimestamp': '2022-09-30T10:51:35.000Z'}
899,0xeebbe6,0xc0486abdff59f1b08e02bdaa6e92151907c70be90dcb5ba6b7a6148d3731d40a:log:246,0xc0486abdff59f1b08e02bdaa6e92151907c70be90dcb5ba6b7a6148d3731d40a,0x4e226b419320b57cc697b2ec818cbf9bef513747,0x3c02290922a3618a4646e3bbca65853ea45fe7c6,5575.397999999999,,,,ATA,erc20,"{'value': '0x012e3e30bd467f570000', 'address': '0xa2120b9e674d3fc3875f415a7df52e382f141225', 'decimal': '0x12'}",{'blockTimestamp': '2022-09-30T10:51:35.000Z'}
900,0xeebbe5,0xab0f02e1715585702ff49c99c53ee71640d7a6f8201f7f5202990fb8e5c06c40:log:192,0xab0f02e1715585702ff49c99c53ee71640d7a6f8201f7f5202990fb8e5c06c40,0xf431666bdc13d00bc0d2661ef756755f0c7086dd,0x3c02290922a3618a4646e3bbca65853ea45fe7c6,24850.0,,,,ATA,erc20,"{'value': '0x05431f06eb0ea9080000', 'address': '0xa2120b9e674d3fc3875f415a7df52e382f141225', 'decimal': '0x12'}",{'blockTimestamp': '2022-09-30T10:51:23.000Z'}
901,0xeebbbf,0x0a6d0f074a669b0b4c889fc7cebd45a84321a34cf02f3fef6929a9b0926bc15a:log:451,0x0a6d0f074a669b0b4c889fc7cebd45a84321a34cf02f3fef6929a9b0926bc15a,0xfb0dac68505076b6f610b0c65da602962f14877c,0xf16e9b0d03470827a95cdfd0cb8a8a3b46969b91,75000.0,,,,ATA,erc20,"{'value': '0x0fe1c215e8f838e00000', 'address': '0xa2120b9e674d3fc3875f415a7df52e382f141225', 'decimal': '0x12'}",{'blockTimestamp': '2022-09-30T10:43:47.000Z'}
902,0xeebbad,0x4d2a1d2abcbb7e146c237cd03ba0129f3772db87a73b6cd529195f83306675b0:log:319,0x4d2a1d2abcbb7e146c237cd03ba0129f3772db87a73b6cd529195f83306675b0,0x28c6c06298d514db089934071355e5743bf21d60,0xf431666bdc13d00bc0d2661ef756755f0c7086dd,8267.0,,,,ATA,erc20,"{'value': '0x01c027abfb8e8a4c0000', 'address': '0xa2120b9e674d3fc3875f415a7df52e382f141225', 'decimal': '0x12'}",{'blockTimestamp': '2022-09-30T10:40:11.000Z'}
903,0xeebb9a,0xf5384ddbd1a642ab2b625ab73e7d6a2c506471dab9d13049c3d2a1acbc45206f:log:567,0xf5384ddbd1a642ab2b625ab73e7d6a2c506471dab9d13049c3d2a1acbc45206f,0x9cb8206deeadfcc4319e500a1fa2f9d05f16a357,0xf16e9b0d03470827a95cdfd0cb8a8a3b46969b91,928.9064434638271,,,,ATA,erc20,"{'value': '0x325b2aa0c5e8e46cf5', 'address': '0xa2120b9e674d3fc3875f415a7df52e382f141225', 'decimal': '0x12'}",{'blockTimestamp': '2022-09-30T10:36:23.000Z'}
904,0xeebb81,0x53b6ecff8e915289d1aca3cfa2644eb5c3317fcb8fa918cc5bdf5b73e2c6d888:log:74,0x53b6ecff8e915289d1aca3cfa2644eb5c3317fcb8fa918cc5bdf5b73e2c6d888,0xdfd5293d8e347dfe59e90efd55b2956a1343963d,0xf431666bdc13d00bc0d2661ef756755f0c7086dd,8283.0,,,,ATA,erc20,"{'value': '0x01c105b766c9008c0000', 'address': '0xa2120b9e674d3fc3875f415a7df52e382f141225', 'decimal': '0x12'}",{'blockTimestamp': '2022-09-30T10:31:23.000Z'}
905,0xeebb63,0x2781341a982f8064d8648ee7986fa1f3e6e9363129fb064f7d68045e9f93b8f1:log:96,0x2781341a982f8064d8648ee7986fa1f3e6e9363129fb064f7d68045e9f93b8f1,0xb638c9ed38621892c52611fac202aca483482c0d,0xa9d1e08c7793af67e9d92fe308d5697fb81d3e43,45800.0,,,,ATA,erc20,"{'value': '0x09b2d2ae7d333aa00000', 'address': '0xa2120b9e674d3fc3875f415a7df52e382f141225', 'decimal': '0x12'}",{'blockTimestamp': '2022-09-30T10:25:23.000Z'}
906,0xeebb2b,0xe86cda5acff47eeaed4ec397da402f73a84a51c25ba3a63ef5b35a7b5f347390:log:71,0xe86cda5acff47eeaed4ec397da402f73a84a51c25ba3a63ef5b35a7b5f347390,0x21a31ee1afc51d94c2efccaa2092ad1028285549,0xb638c9ed38621892c52611fac202aca483482c0d,45800.0,,,,ATA,erc20,"{'value': '0x09b2d2ae7d333aa00000', 'address': '0xa2120b9e674d3fc3875f415a7df52e382f141225', 'decimal': '0x12'}",{'blockTimestamp': '2022-09-30T10:14:11.000Z'}
907,0xeebb10,0x4b8492be8f5c5dacc348dae941122fc8585a8baf1d0fc1373fc3c972979d2820:log:92,0x4b8492be8f5c5dacc348dae941122fc8585a8baf1d0fc1373fc3c972979d2820,0x28c6c06298d514db089934071355e5743bf21d60,0x8d8b4dc1ba470e2466c35e3356e1d91c49a1fce1,3424.4846000000002,,,,ATA,erc20,"{'value': '0xb9a4454800c3a78000', 'address': '0xa2120b9e674d3fc3875f415a7df52e382f141225', 'decimal': '0x12'}",{'blockTimestamp': '2022-09-30T10:08:47.000Z'}
908,0xeebb0b,0x11703725f5a45fd450f6cf2ab420ce46c2377ae01fec481e1ae329f6fb174562:log:62,0x11703725f5a45fd450f6cf2ab420ce46c2377ae01fec481e1ae329f6fb174562,0xf16e9b0d03470827a95cdfd0cb8a8a3b46969b91,0x29d5b6f6dda54f3ec58d32a22cbefdc3b8676bd5,8921.9086,,,,ATA,erc20,"{'value': '0x01e3a85ab966feaf8000', 'address': '0xa2120b9e674d3fc3875f415a7df52e382f141225', 'decimal': '0x12'}",{'blockTimestamp': '2022-09-30T10:07:47.000Z'}
909,0xeebafa,0xa00b1754d1f8ba6a370e2c1abcce48bc2e73ad0f4ef1368bfb4b605e93a8584e:log:387,0xa00b1754d1f8ba6a370e2c1abcce48bc2e73ad0f4ef1368bfb4b605e93a8584e,0x3c02290922a3618a4646e3bbca65853ea45fe7c6,0x9f35fc16baf0ea2554b754c6d71c892862451e63,5.0,,,,ATA,erc20,"{'value': '0x4563918244f40000', 'address': '0xa2120b9e674d3fc3875f415a7df52e382f141225', 'decimal': '0x12'}",{'blockTimestamp': '2022-09-30T10:04:23.000Z'}
910,0xeebaf8,0x56dd50d8dea4c8ed1d4c845d1c7a988a66f94ee58c1836df1969ad8d23a1e0da:log:123,0x56dd50d8dea4c8ed1d4c845d1c7a988a66f94ee58c1836df1969ad8d23a1e0da,0xdfd5293d8e347dfe59e90efd55b2956a1343963d,0xf431666bdc13d00bc0d2661ef756755f0c7086dd,8300.0,,,,ATA,erc20,"{'value': '0x01c1f1a388b71e300000', 'address': '0xa2120b9e674d3fc3875f415a7df52e382f141225', 'decimal': '0x12'}",{'blockTimestamp': '2022-09-30T10:03:59.000Z'}
911,0xeebaf6,0xffc2acb53d417650e7a7c2daa80f405bda209dec004a390327d0f481c4f39186:log:147,0xffc2acb53d417650e7a7c2daa80f405bda209dec004a390327d0f481c4f39186,0x95b564f3b3bae3f206aa418667ba000afafacc8a,0xedc6bacdc1e29d7c5fa6f6eca6fdd447b9c487c9,2470112.14,,,,ATA,erc20,"{'value': '0x020b110c23f2fd540e0000', 'address': '0xa2120b9e674d3fc3875f415a7df52e382f141225', 'decimal': '0x12'}",{'blockTimestamp': '2022-09-30T10:03:35.000Z'}
912,0xeebae5,0x258accb35ca3935084e63ec384e6930e26045d022f3103856edd5e6693a0af70:log:266,0x258accb35ca3935084e63ec384e6930e26045d022f3103856edd5e6693a0af70,0xbc207900068cf73dc6db2638d208c70bfc2beefe,0x28c6c06298d514db089934071355e5743bf21d60,1268.709,,,,ATA,erc20,"{'value': '0x44c6dfd19775108000', 'address': '0xa2120b9e674d3fc3875f415a7df52e382f141225', 'decimal': '0x12'}",{'blockTimestamp': '2022-09-30T10:00:11.000Z'}
913,0xeebae5,0x44bdce585de51a97439a523d496b10c0f498c2a45c9e66fdb2df6cbdb7bfe999:log:264,0x44bdce585de51a97439a523d496b10c0f498c2a45c9e66fdb2df6cbdb7bfe999,0x649ae85d11017ac43f0cbab561982e0c9ceeda1f,0x28c6c06298d514db089934071355e5743bf21d60,18101.79434879253,,,,ATA,erc20,"{'value': '0x03d54cdc64cf58285f7b', 'address': '0xa2120b9e674d3fc3875f415a7df52e382f141225', 'decimal': '0x12'}",{'blockTimestamp': '2022-09-30T10:00:11.000Z'}
914,0xeebabe,0x712de202eb2c77390b37641655f8108703a767878a9f01e53d24000e7a2d3c13:log:278,0x712de202eb2c77390b37641655f8108703a767878a9f01e53d24000e7a2d3c13,0x759ec1b3326de6fd4ba316f65a6f689c4e4c3092,0xbc207900068cf73dc6db2638d208c70bfc2beefe,1268.709,,,,ATA,erc20,"{'value': '0x44c6dfd19775108000', 'address': '0xa2120b9e674d3fc3875f415a7df52e382f141225', 'decimal': '0x12'}",{'blockTimestamp': '2022-09-30T09:52:23.000Z'}
915,0xeebabd,0xb7e4a5e6b0a49883d10dc66bc18eba3e7b6dd42884b92e5e79022159086f50bc:log:136,0xb7e4a5e6b0a49883d10dc66bc18eba3e7b6dd42884b92e5e79022159086f50bc,0x5654d65578cda52791879751141f2f3d7dc27fe4,0x9cb8206deeadfcc4319e500a1fa2f9d05f16a357,928.9064434638271,,,,ATA,erc20,"{'value': '0x325b2aa0c5e8e46cf5', 'address': '0xa2120b9e674d3fc3875f415a7df52e382f141225', 'decimal': '0x12'}",{'blockTimestamp': '2022-09-30T09:52:11.000Z'}
916,0xeebabd,0xf51a03ffd38fe9c0924494a53eb2b9ed559d59e1200f02ca7437e31ba9d58119:log:122,0xf51a03ffd38fe9c0924494a53eb2b9ed559d59e1200f02ca7437e31ba9d58119,0x74de5d4fcbf63e00296fd95d33236b9794016631,0x5654d65578cda52791879751141f2f3d7dc27fe4,1040.825118997566,,,,ATA,erc20,"{'value': '0x386c59a33351996576', 'address': '0xa2120b9e674d3fc3875f415a7df52e382f141225', 'decimal': '0x12'}",{'blockTimestamp': '2022-09-30T09:52:11.000Z'}
917,0xeebabd,0xf51a03ffd38fe9c0924494a53eb2b9ed559d59e1200f02ca7437e31ba9d58119:log:120,0xf51a03ffd38fe9c0924494a53eb2b9ed559d59e1200f02ca7437e31ba9d58119,0x1f736e4f39274817627dc927d9bf03dca231605b,0x74de5d4fcbf63e00296fd95d33236b9794016631,1040.825118997566,,,,ATA,erc20,"{'value': '0x386c59a33351996576', 'address': '0xa2120b9e674d3fc3875f415a7df52e382f141225', 'decimal': '0x12'}",{'blockTimestamp': '2022-09-30T09:52:11.000Z'}
918,0xeebab9,0x84ecfe43962c6e8e5e76b64000457e7826a6cd99eb78fb706fe8bf06dc3a9ac8:log:301,0x84ecfe43962c6e8e5e76b64000457e7826a6cd99eb78fb706fe8bf06dc3a9ac8,0x7317cb8e369f74d87784b89b9956b4fa0266a72f,0x3c02290922a3618a4646e3bbca65853ea45fe7c6,6217.999999999999,,,,ATA,erc20,"{'value': '0x01511415a79fc2e80000', 'address': '0xa2120b9e674d3fc3875f415a7df52e382f141225', 'decimal': '0x12'}",{'blockTimestamp': '2022-09-30T09:51:23.000Z'}
919,0xeebab9,0x7538425ab77ad625252f5464a7321a1496d015738198e9a0112ed2b355dae7a5:log:295,0x7538425ab77ad625252f5464a7321a1496d015738198e9a0112ed2b355dae7a5,0xf431666bdc13d00bc0d2661ef756755f0c7086dd,0x3c02290922a3618a4646e3bbca65853ea45fe7c6,8320.58501891,,,,ATA,erc20,"{'value': '0x01c30f5036598f6fac00', 'address': '0xa2120b9e674d3fc3875f415a7df52e382f141225', 'decimal': '0x12'}",{'blockTimestamp': '2022-09-30T09:51:23.000Z'}
920,0xeebab9,0x5dc60dd6e7680d2d994319d4442a0f5fdaa07f002aaca2471981dd3f0ac6855e:log:293,0x5dc60dd6e7680d2d994319d4442a0f5fdaa07f002aaca2471981dd3f0ac6855e,0xcb8b64477e1b071480b440983fba05af9ea5240d,0x3c02290922a3618a4646e3bbca65853ea45fe7c6,9719.83722662,,,,ATA,erc20,"{'value': '0x020ee9d6abb4c715d800', 'address': '0xa2120b9e674d3fc3875f415a7df52e382f141225', 'decimal': '0x12'}",{'blockTimestamp': '2022-09-30T09:51:23.000Z'}
921,0xeebab9,0x4b0c200f31b6cb512367a647be0b5ac8875671851764fcef5b5f97f0303a2449:log:286,0x4b0c200f31b6cb512367a647be0b5ac8875671851764fcef5b5f97f0303a2449,0xbd3d0a472d65982a7c32a6ff3174c24fc042bda0,0x3c02290922a3618a4646e3bbca65853ea45fe7c6,12307.659,,,,ATA,erc20,"{'value': '0x029b33147bba57678000', 'address': '0xa2120b9e674d3fc3875f415a7df52e382f141225', 'decimal': '0x12'}",{'blockTimestamp': '2022-09-30T09:51:23.000Z'}
922,0xeebaad,0x036a4be6253f60612bbfbc349e3d5fc14912debead06b0091bdba19121ca0690:log:109,0x036a4be6253f60612bbfbc349e3d5fc14912debead06b0091bdba19121ca0690,0x21a31ee1afc51d94c2efccaa2092ad1028285549,0x95b564f3b3bae3f206aa418667ba000afafacc8a,363741.0,,,,ATA,erc20,"{'value': '0x4d06706a3d9631540000', 'address': '0xa2120b9e674d3fc3875f415a7df52e382f141225', 'decimal': '0x12'}",{'blockTimestamp': '2022-09-30T09:48:59.000Z'}
923,0xeeba93,0x5bdaefea64ed44ce0bfa3d55810454db5406b18794ab5a74626ccc3501f6c839:log:331,0x5bdaefea64ed44ce0bfa3d55810454db5406b18794ab5a74626ccc3501f6c839,0x0635cf48342199b3ae93630ce651f31e37320c6a,0xf16e9b0d03470827a95cdfd0cb8a8a3b46969b91,425.5512507640069,,,,ATA,erc20,"{'value': '0x1711b5bfe717ced4f9', 'address': '0xa2120b9e674d3fc3875f415a7df52e382f141225', 'decimal': '0x12'}",{'blockTimestamp': '2022-09-30T09:43:47.000Z'}
924,0xeeba62,0xe6229c7d3cfc373cd0ab70aaf29a0903954dfcd93e4cb0482e3e715941e95a2e:log:129,0xe6229c7d3cfc373cd0ab70aaf29a0903954dfcd93e4cb0482e3e715941e95a2e,0x1bad1270426b8059a783704308cec80753de0b38,0x649ae85d11017ac43f0cbab561982e0c9ceeda1f,18101.79434879253,,,,ATA,erc20,"{'value': '0x03d54cdc64cf58285f7b', 'address': '0xa2120b9e674d3fc3875f415a7df52e382f141225', 'decimal': '0x12'}",{'blockTimestamp': '2022-09-30T09:33:59.000Z'}
925,0xeeba5f,0x1e41bb46445a50b7d1cffa2d2a33f50adeadb669350dff5607b5a79cc4766b02:log:562,0x1e41bb46445a50b7d1cffa2d2a33f50adeadb669350dff5607b5a79cc4766b02,0xffe9be91eeee0a168d9b92abc6cb3aeaf0e76e43,0xfb0dac68505076b6f610b0c65da602962f14877c,75000.0,,,,ATA,erc20,"{'value': '0x0fe1c215e8f838e00000', 'address': '0xa2120b9e674d3fc3875f415a7df52e382f141225', 'decimal': '0x12'}",{'blockTimestamp': '2022-09-30T09:33:23.000Z'}
926,0xeeba5d,0x930de3a309d629b66d47f7eba33200d51833d57aeed04cb3064eb8c3689a8167:log:76,0x930de3a309d629b66d47f7eba33200d51833d57aeed04cb3064eb8c3689a8167,0x40ec5b33f54e0e8a33a975908c5ba1c14e5bbbdf,0x1bad1270426b8059a783704308cec80753de0b38,18101.79434879253,,,,ATA,erc20,"{'value': '0x03d54cdc64cf58285f7b', 'address': '0xa2120b9e674d3fc3875f415a7df52e382f141225', 'decimal': '0x12'}",{'blockTimestamp': '2022-09-30T09:32:59.000Z'}
927,0xeeba4f,0x4d3913979c4c3e8801be0dcbb4df42fef0872f72874566374f6e07b3cc694b9d:log:355,0x4d3913979c4c3e8801be0dcbb4df42fef0872f72874566374f6e07b3cc694b9d,0xdeb1e8128debf62f41616b9b83275e5eea9033c7,0x28c6c06298d514db089934071355e5743bf21d60,8009.071974410001,,,,ATA,erc20,"{'value': '0x01b22c338ed80c7be400', 'address': '0xa2120b9e674d3fc3875f415a7df52e382f141225', 'decimal': '0x12'}",{'blockTimestamp': '2022-09-30T09:30:11.000Z'}
928,0xeeba4f,0x5eeadd25c962c2a37a2643ece6e8f878726b796d0be70c935520168f32aff600:log:346,0x5eeadd25c962c2a37a2643ece6e8f878726b796d0be70c935520168f32aff600,0x7ecccabb5e4ff4537f70b0a5018e8c0cfd53fff4,0x28c6c06298d514db089934071355e5743bf21d60,1470.0,,,,ATA,erc20,"{'value': '0x4fb0591b9b30380000', 'address': '0xa2120b9e674d3fc3875f415a7df52e382f141225', 'decimal': '0x12'}",{'blockTimestamp': '2022-09-30T09:30:11.000Z'}
929,0xeeba4f,0x15a70e2f0955e12e8bd35b5f4731d49158e60b73f61c7884094d8a983335302b:log:199,0x15a70e2f0955e12e8bd35b5f4731d49158e60b73f61c7884094d8a983335302b,0x89a5c6effdf5ec9a42bceaeedb35d73c3c241c89,0x28c6c06298d514db089934071355e5743bf21d60,5047.0,,,,ATA,erc20,"{'value': '0x01119931efd9147c0000', 'address': '0xa2120b9e674d3fc3875f415a7df52e382f141225', 'decimal': '0x12'}",{'blockTimestamp': '2022-09-30T09:30:11.000Z'}
930,0xeeb9ed,0x1044c8089cfca57f35b18d244e1e1389f3086104854d63781315bee058b7d67b:log:120,0x1044c8089cfca57f35b18d244e1e1389f3086104854d63781315bee058b7d67b,0x3c02290922a3618a4646e3bbca65853ea45fe7c6,0xdeb1e8128debf62f41616b9b83275e5eea9033c7,8009.071974410001,,,,ATA,erc20,"{'value': '0x01b22c338ed80c7be400', 'address': '0xa2120b9e674d3fc3875f415a7df52e382f141225', 'decimal': '0x12'}",{'blockTimestamp': '2022-09-30T09:10:23.000Z'}
931,0xeeb9ed,0xe3f0205ee40a79c142007712f678c46d32ddbbf7007f5b9999c2319ba19e54e7:log:104,0xe3f0205ee40a79c142007712f678c46d32ddbbf7007f5b9999c2319ba19e54e7,0x3c02290922a3618a4646e3bbca65853ea45fe7c6,0x89a5c6effdf5ec9a42bceaeedb35d73c3c241c89,5047.0,,,,ATA,erc20,"{'value': '0x01119931efd9147c0000', 'address': '0xa2120b9e674d3fc3875f415a7df52e382f141225', 'decimal': '0x12'}",{'blockTimestamp': '2022-09-30T09:10:23.000Z'}
932,0xeeb9e5,0x8057587c6c8c8b5f198d4ac957c5d1074b0c892576e57a299e42206aaa490f28:log:65,0x8057587c6c8c8b5f198d4ac957c5d1074b0c892576e57a299e42206aaa490f28,0x28c6c06298d514db089934071355e5743bf21d60,0x18367e7fb5d2928e2d52996e4b9cc8780d864a57,88.0,,,,ATA,erc20,"{'value': '0x04c53ecdc18a600000', 'address': '0xa2120b9e674d3fc3875f415a7df52e382f141225', 'decimal': '0x12'}",{'blockTimestamp': '2022-09-30T09:08:47.000Z'}
933,0xeeb9c5,0x9af4c840c3140082e60ed6188dbe9a0688c6c130246e663d1bb42d91a07bff21:log:501,0x9af4c840c3140082e60ed6188dbe9a0688c6c130246e663d1bb42d91a07bff21,0xdfd5293d8e347dfe59e90efd55b2956a1343963d,0x4e226b419320b57cc697b2ec818cbf9bef513747,5575.397999999999,,,,ATA,erc20,"{'value': '0x012e3e30bd467f570000', 'address': '0xa2120b9e674d3fc3875f415a7df52e382f141225', 'decimal': '0x12'}",{'blockTimestamp': '2022-09-30T09:02:23.000Z'}
934,0xeeb9c2,0xb26ff9fb2f8c19dd30aafd1b46dd3555d97bf1206790526ca8603cdcecdceb07:log:98,0xb26ff9fb2f8c19dd30aafd1b46dd3555d97bf1206790526ca8603cdcecdceb07,0x21a31ee1afc51d94c2efccaa2092ad1028285549,0xbd3d0a472d65982a7c32a6ff3174c24fc042bda0,12307.659,,,,ATA,erc20,"{'value': '0x029b33147bba57678000', 'address': '0xa2120b9e674d3fc3875f415a7df52e382f141225', 'decimal': '0x12'}",{'blockTimestamp': '2022-09-30T09:01:47.000Z'}
935,0xeeb9bc,0x5ae0572c80a46a41914db5aad7fa28ecb4511931379d1289d68e9d3daf4be2a2:log:104,0x5ae0572c80a46a41914db5aad7fa28ecb4511931379d1289d68e9d3daf4be2a2,0x28c6c06298d514db089934071355e5743bf21d60,0x21a31ee1afc51d94c2efccaa2092ad1028285549,1296981.47795379,,,,ATA,erc20,"{'value': '0x0112a581bde0980c346c00', 'address': '0xa2120b9e674d3fc3875f415a7df52e382f141225', 'decimal': '0x12'}",{'blockTimestamp': '2022-09-30T09:00:35.000Z'}
936,0xeeb9bc,0x28c15ec3c29e979d327e86827bb94e0352940af91528ae3b7441b4f22d7fb414:log:103,0x28c15ec3c29e979d327e86827bb94e0352940af91528ae3b7441b4f22d7fb414,0x28c6c06298d514db089934071355e5743bf21d60,0xdfd5293d8e347dfe59e90efd55b2956a1343963d,1384873.79192662,,,,ATA,erc20,"{'value': '0x012542289ffd720e4a9800', 'address': '0xa2120b9e674d3fc3875f415a7df52e382f141225', 'decimal': '0x12'}",{'blockTimestamp': '2022-09-30T09:00:35.000Z'}
937,0xeeb9bc,0xe0e6e055536bdd8bc8bbf0f15ccfb017fee7988f79b6478619254b1f8c41f2f5:log:93,0xe0e6e055536bdd8bc8bbf0f15ccfb017fee7988f79b6478619254b1f8c41f2f5,0x28c6c06298d514db089934071355e5743bf21d60,0x7317cb8e369f74d87784b89b9956b4fa0266a72f,6217.999999999999,,,,ATA,erc20,"{'value': '0x01511415a79fc2e80000', 'address': '0xa2120b9e674d3fc3875f415a7df52e382f141225', 'decimal': '0x12'}",{'blockTimestamp': '2022-09-30T09:00:35.000Z'}
938,0xeeb9ba,0xb14592f61ee6c7642d6564d7c3ff275c0c7861aa48c8a0419b6e874dacfe9101:log:363,0xb14592f61ee6c7642d6564d7c3ff275c0c7861aa48c8a0419b6e874dacfe9101,0x649ae85d11017ac43f0cbab561982e0c9ceeda1f,0x28c6c06298d514db089934071355e5743bf21d60,6000.000000505528,,,,ATA,erc20,"{'value': '0x014542ba1318eb8d7bfc', 'address': '0xa2120b9e674d3fc3875f415a7df52e382f141225', 'decimal': '0x12'}",{'blockTimestamp': '2022-09-30T09:00:11.000Z'}
939,0xeeb9b4,0x139c4296a1010dba38205da2f3f8508bea7b54963b9ae6e38b87867449367989:log:102,0x139c4296a1010dba38205da2f3f8508bea7b54963b9ae6e38b87867449367989,0xf16e9b0d03470827a95cdfd0cb8a8a3b46969b91,0xcb8b64477e1b071480b440983fba05af9ea5240d,6996.8883000000005,,,,ATA,erc20,"{'value': '0x017b4d54c5bf3acac000', 'address': '0xa2120b9e674d3fc3875f415a7df52e382f141225', 'decimal': '0x12'}",{'blockTimestamp': '2022-09-30T08:58:59.000Z'}
940,0xeeb9b2,0x34aa857c54d3212295baafc6d187073e0e86ecd63d35992a8c0fe9dc9cb2553f:log:135,0x34aa857c54d3212295baafc6d187073e0e86ecd63d35992a8c0fe9dc9cb2553f,0xdfd5293d8e347dfe59e90efd55b2956a1343963d,0x95b564f3b3bae3f206aa418667ba000afafacc8a,376500.73,,,,ATA,erc20,"{'value': '0x4fba253d8ca3c8590000', 'address': '0xa2120b9e674d3fc3875f415a7df52e382f141225', 'decimal': '0x12'}",{'blockTimestamp': '2022-09-30T08:58:35.000Z'}
941,0xeeb9ae,0xc29514a39271c99cbfb0e79b49cb677879aaff95f0ffbdc3299fa43d26950470:log:70,0xc29514a39271c99cbfb0e79b49cb677879aaff95f0ffbdc3299fa43d26950470,0x21a31ee1afc51d94c2efccaa2092ad1028285549,0xca7a893be875f9f6096b97c33b843fc350ef8fb0,2460.0,,,,ATA,erc20,"{'value': '0x855b5ba65c84f00000', 'address': '0xa2120b9e674d3fc3875f415a7df52e382f141225', 'decimal': '0x12'}",{'blockTimestamp': '2022-09-30T08:57:47.000Z'}
942,0xeeb9ad,0x1866af890310cd9faa74157ac95265dc0672308eddf80b9a083f9f2edafd6615:log:104,0x1866af890310cd9faa74157ac95265dc0672308eddf80b9a083f9f2edafd6615,0x28c6c06298d514db089934071355e5743bf21d60,0xf431666bdc13d00bc0d2661ef756755f0c7086dd,8320.58501891,,,,ATA,erc20,"{'value': '0x01c30f5036598f6fac00', 'address': '0xa2120b9e674d3fc3875f415a7df52e382f141225', 'decimal': '0x12'}",{'blockTimestamp': '2022-09-30T08:57:35.000Z'}
943,0xeeb99d,0x8451103c72e5146dc5609228c300ecd8361745e51db112957634dba4dd6731a5:log:81,0x8451103c72e5146dc5609228c300ecd8361745e51db112957634dba4dd6731a5,0xdfd5293d8e347dfe59e90efd55b2956a1343963d,0x95b564f3b3bae3f206aa418667ba000afafacc8a,343210.39,,,,ATA,erc20,"{'value': '0x48ad78f7426b9ecf0000', 'address': '0xa2120b9e674d3fc3875f415a7df52e382f141225', 'decimal': '0x12'}",{'blockTimestamp': '2022-09-30T08:54:23.000Z'}
944,0xeeb98e,0xfdf7ed5fc43b1aa52671232bab3b8047bc540ba10c111b8b61866e22621653b9:log:223,0xfdf7ed5fc43b1aa52671232bab3b8047bc540ba10c111b8b61866e22621653b9,0xf431666bdc13d00bc0d2661ef756755f0c7086dd,0x3c02290922a3618a4646e3bbca65853ea45fe7c6,16945.0,,,,ATA,erc20,"{'value': '0x0396971d498ad2240000', 'address': '0xa2120b9e674d3fc3875f415a7df52e382f141225', 'decimal': '0x12'}",{'blockTimestamp': '2022-09-30T08:51:11.000Z'}
945,0xeeb983,0xcaddc282ea43d65b911b0f1925f89e30d8bec6377d6558857e8218006c34ba99:log:152,0xcaddc282ea43d65b911b0f1925f89e30d8bec6377d6558857e8218006c34ba99,0x21a31ee1afc51d94c2efccaa2092ad1028285549,0x95b564f3b3bae3f206aa418667ba000afafacc8a,636450.91,,,,ATA,erc20,"{'value': '0x86c612add78f0ce30000', 'address': '0xa2120b9e674d3fc3875f415a7df52e382f141225', 'decimal': '0x12'}",{'blockTimestamp': '2022-09-30T08:48:59.000Z'}
946,0xeeb983,0x2346eba073dc7071c659b1799e5d32a38e5600b2641cd47ffd65c4c92d3be1ed:log:90,0x2346eba073dc7071c659b1799e5d32a38e5600b2641cd47ffd65c4c92d3be1ed,0x5654d65578cda52791879751141f2f3d7dc27fe4,0x0635cf48342199b3ae93630ce651f31e37320c6a,425.5512507640069,,,,ATA,erc20,"{'value': '0x1711b5bfe717ced4f9', 'address': '0xa2120b9e674d3fc3875f415a7df52e382f141225', 'decimal': '0x12'}",{'blockTimestamp': '2022-09-30T08:48:59.000Z'}
947,0xeeb982,0x9e774b6a8faa8b80b50dafb015b9a28a79ad9a541fcd6a1439fe1dfac8873101:log:39,0x9e774b6a8faa8b80b50dafb015b9a28a79ad9a541fcd6a1439fe1dfac8873101,0x882d04c3d8410ddf2061b3cba2c3522854316feb,0x5654d65578cda52791879751141f2f3d7dc27fe4,566.8942628176744,,,,ATA,erc20,"{'value': '0x1ebb3d007f866a48f6', 'address': '0xa2120b9e674d3fc3875f415a7df52e382f141225', 'decimal': '0x12'}",{'blockTimestamp': '2022-09-30T08:48:47.000Z'}
948,0xeeb982,0x9e774b6a8faa8b80b50dafb015b9a28a79ad9a541fcd6a1439fe1dfac8873101:log:38,0x9e774b6a8faa8b80b50dafb015b9a28a79ad9a541fcd6a1439fe1dfac8873101,0x40ec5b33f54e0e8a33a975908c5ba1c14e5bbbdf,0x882d04c3d8410ddf2061b3cba2c3522854316feb,566.8942628176744,,,,ATA,erc20,"{'value': '0x1ebb3d007f866a48f6', 'address': '0xa2120b9e674d3fc3875f415a7df52e382f141225', 'decimal': '0x12'}",{'blockTimestamp': '2022-09-30T08:48:47.000Z'}
949,0xeeb965,0x97925dd2ef7f9f2d33696321561b9a2a976f79151344c82ad534a5df2bce5e89:log:46,0x97925dd2ef7f9f2d33696321561b9a2a976f79151344c82ad534a5df2bce5e89,0x28c6c06298d514db089934071355e5743bf21d60,0xf431666bdc13d00bc0d2661ef756755f0c7086dd,4979.0,,,,ATA,erc20,"{'value': '0x010de98168209dec0000', 'address': '0xa2120b9e674d3fc3875f415a7df52e382f141225', 'decimal': '0x12'}",{'blockTimestamp': '2022-09-30T08:42:59.000Z'}
950,0xeeb95f,0xf3d808d289817ebc1f6e870c78d6b746c646d31c1dfee3c973bce9eaaabe5c17:log:93,0xf3d808d289817ebc1f6e870c78d6b746c646d31c1dfee3c973bce9eaaabe5c17,0x1bad1270426b8059a783704308cec80753de0b38,0x649ae85d11017ac43f0cbab561982e0c9ceeda1f,6000.000000505528,,,,ATA,erc20,"{'value': '0x014542ba1318eb8d7bfc', 'address': '0xa2120b9e674d3fc3875f415a7df52e382f141225', 'decimal': '0x12'}",{'blockTimestamp': '2022-09-30T08:41:47.000Z'}
951,0xeeb959,0x840550a2269b68dbacda5b77b4724720277b20472e3fbabdceaaacffe907a22a:log:62,0x840550a2269b68dbacda5b77b4724720277b20472e3fbabdceaaacffe907a22a,0x40ec5b33f54e0e8a33a975908c5ba1c14e5bbbdf,0x1bad1270426b8059a783704308cec80753de0b38,6000.000000505528,,,,ATA,erc20,"{'value': '0x014542ba1318eb8d7bfc', 'address': '0xa2120b9e674d3fc3875f415a7df52e382f141225', 'decimal': '0x12'}",{'blockTimestamp': '2022-09-30T08:40:35.000Z'}
952,0xeeb94f,0xbb5cfe5de69fe997e9e4aaafda29440a74cfb3cd2dea9d1b0ccd36479524cc79:log:604,0xbb5cfe5de69fe997e9e4aaafda29440a74cfb3cd2dea9d1b0ccd36479524cc79,0x981e1bb82ea73d6657cad03ce86fad09366f4dbf,0x5654d65578cda52791879751141f2f3d7dc27fe4,523.973,,,,ATA,erc20,"{'value': '0x1c67960b5f3fc08000', 'address': '0xa2120b9e674d3fc3875f415a7df52e382f141225', 'decimal': '0x12'}",{'blockTimestamp': '2022-09-30T08:38:35.000Z'}
953,0xeeb940,0x1ba93e57dad317eaac8e74c96b74e72475e175392f714be321ad6fdbc9646aea:log:215,0x1ba93e57dad317eaac8e74c96b74e72475e175392f714be321ad6fdbc9646aea,0xdfd5293d8e347dfe59e90efd55b2956a1343963d,0x981e1bb82ea73d6657cad03ce86fad09366f4dbf,523.973,,,,ATA,erc20,"{'value': '0x1c67960b5f3fc08000', 'address': '0xa2120b9e674d3fc3875f415a7df52e382f141225', 'decimal': '0x12'}",{'blockTimestamp': '2022-09-30T08:35:35.000Z'}
954,0xeeb93e,0xea00626740a01d77260ce285cb13077f1efacfae050e3ce0823e3fe9c5375c53:log:65,0xea00626740a01d77260ce285cb13077f1efacfae050e3ce0823e3fe9c5375c53,0xb638c9ed38621892c52611fac202aca483482c0d,0xa9d1e08c7793af67e9d92fe308d5697fb81d3e43,48925.99999999999,,,,ATA,erc20,"{'value': '0x0a5c48a572f139b80000', 'address': '0xa2120b9e674d3fc3875f415a7df52e382f141225', 'decimal': '0x12'}",{'blockTimestamp': '2022-09-30T08:35:11.000Z'}
955,0xeeb93d,0xf9b40cd8b71158bdf518aff53e75b229783d31215878693ceba857a20a03c61b:log:156,0xf9b40cd8b71158bdf518aff53e75b229783d31215878693ceba857a20a03c61b,0x21a31ee1afc51d94c2efccaa2092ad1028285549,0xf431666bdc13d00bc0d2661ef756755f0c7086dd,5979.0,,,,ATA,erc20,"{'value': '0x01441f4b15e67c8c0000', 'address': '0xa2120b9e674d3fc3875f415a7df52e382f141225', 'decimal': '0x12'}",{'blockTimestamp': '2022-09-30T08:34:59.000Z'}
956,0xeeb939,0x574be12728c12a956d2546f3c647e2233ba33b5c70e79783b2b42d48a2084504:log:71,0x574be12728c12a956d2546f3c647e2233ba33b5c70e79783b2b42d48a2084504,0x28c6c06298d514db089934071355e5743bf21d60,0xca7a893be875f9f6096b97c33b843fc350ef8fb0,2317.0,,,,ATA,erc20,"{'value': '0x7d9ad5980204140000', 'address': '0xa2120b9e674d3fc3875f415a7df52e382f141225', 'decimal': '0x12'}",{'blockTimestamp': '2022-09-30T08:34:11.000Z'}
957,0xeeb91d,0xaacc2afa814abcdc11164a6174053778282b002ce91480539122d4bafa6d648e:log:45,0xaacc2afa814abcdc11164a6174053778282b002ce91480539122d4bafa6d648e,0xdfd5293d8e347dfe59e90efd55b2956a1343963d,0x95b564f3b3bae3f206aa418667ba000afafacc8a,319640.52,,,,ATA,erc20,"{'value': '0x43afbf4fb3f196940000', 'address': '0xa2120b9e674d3fc3875f415a7df52e382f141225', 'decimal': '0x12'}",{'blockTimestamp': '2022-09-30T08:28:35.000Z'}
958,0xeeb90d,0x8d5352262469d0459123eed083f379f810535ff163525487f70b5ff3db3cd8df:log:681,0x8d5352262469d0459123eed083f379f810535ff163525487f70b5ff3db3cd8df,0x21a31ee1afc51d94c2efccaa2092ad1028285549,0xb638c9ed38621892c52611fac202aca483482c0d,48925.99999999999,,,,ATA,erc20,"{'value': '0x0a5c48a572f139b80000', 'address': '0xa2120b9e674d3fc3875f415a7df52e382f141225', 'decimal': '0x12'}",{'blockTimestamp': '2022-09-30T08:25:23.000Z'}
959,0xeeb8fa,0x8c0edd71184ba7d693866595f909800bdb2dcd4a768490418eea90b6f463ba5b:log:476,0x8c0edd71184ba7d693866595f909800bdb2dcd4a768490418eea90b6f463ba5b,0x0d0707963952f2fba59dd06f2b425ace40b492fe,0x7ecccabb5e4ff4537f70b0a5018e8c0cfd53fff4,1470.0,,,,ATA,erc20,"{'value': '0x4fb0591b9b30380000', 'address': '0xa2120b9e674d3fc3875f415a7df52e382f141225', 'decimal': '0x12'}",{'blockTimestamp': '2022-09-30T08:21:23.000Z'}
960,0xeeb8fa,0xd40fa6c812d4ba227f1aed66ee6af229a5e91cd1020b602387a6649d402a0ca7:log:155,0xd40fa6c812d4ba227f1aed66ee6af229a5e91cd1020b602387a6649d402a0ca7,0xa9d1e08c7793af67e9d92fe308d5697fb81d3e43,0x6dc6a17ecf9e44018f2c6f9e9a452d3c410b727a,283.02889832,,,,ATA,erc20,"{'value': '0x0f57d0a3787dc0a000', 'address': '0xa2120b9e674d3fc3875f415a7df52e382f141225', 'decimal': '0x12'}",{'blockTimestamp': '2022-09-30T08:21:23.000Z'}
961,0xeeb8f0,0x4efd580583a9469f457503545f6cf59eafe871cec880e731c6c21012f7c76b9b:log:404,0x4efd580583a9469f457503545f6cf59eafe871cec880e731c6c21012f7c76b9b,0xa9d1e08c7793af67e9d92fe308d5697fb81d3e43,0x6dc6a17ecf9e44018f2c6f9e9a452d3c410b727a,4.9578582,,,,ATA,erc20,"{'value': '0x44cdd9c3d9c1f000', 'address': '0xa2120b9e674d3fc3875f415a7df52e382f141225', 'decimal': '0x12'}",{'blockTimestamp': '2022-09-30T08:19:23.000Z'}
962,0xeeb8f0,0x7e2ff98d188205c37c29b13545b7a5ec6ed5cbf563cc10773a9ef7bc1b06ae7e:log:259,0x7e2ff98d188205c37c29b13545b7a5ec6ed5cbf563cc10773a9ef7bc1b06ae7e,0x0d0707963952f2fba59dd06f2b425ace40b492fe,0xf431666bdc13d00bc0d2661ef756755f0c7086dd,5987.0,,,,ATA,erc20,"{'value': '0x01448e50cb83b7ac0000', 'address': '0xa2120b9e674d3fc3875f415a7df52e382f141225', 'decimal': '0x12'}",{'blockTimestamp': '2022-09-30T08:19:23.000Z'}
963,0xeeb8c3,0x501551bb6c75ae0d1732a8f2ae49c17f94d5c9d63239de47e5dff695c59761a5:log:91,0x501551bb6c75ae0d1732a8f2ae49c17f94d5c9d63239de47e5dff695c59761a5,0xb638c9ed38621892c52611fac202aca483482c0d,0xa9d1e08c7793af67e9d92fe308d5697fb81d3e43,60678.99999999999,,,,ATA,erc20,"{'value': '0x0cd96a4950e127bc0000', 'address': '0xa2120b9e674d3fc3875f415a7df52e382f141225', 'decimal': '0x12'}",{'blockTimestamp': '2022-09-30T08:10:11.000Z'}
964,0xeeb8be,0x4df8381f2fb2a936b27b787b496908bad6232f9c20e494428fca7ee2bade6b8e:log:128,0x4df8381f2fb2a936b27b787b496908bad6232f9c20e494428fca7ee2bade6b8e,0x28c6c06298d514db089934071355e5743bf21d60,0x95b564f3b3bae3f206aa418667ba000afafacc8a,384908.25,,,,ATA,erc20,"{'value': '0x5181eb04dbb090890000', 'address': '0xa2120b9e674d3fc3875f415a7df52e382f141225', 'decimal': '0x12'}",{'blockTimestamp': '2022-09-30T08:09:11.000Z'}
965,0xeeb8be,0x04f0ae49ae8d630870aeb7bd88c002a608e89599051f85880bd30a011cead538:log:116,0x04f0ae49ae8d630870aeb7bd88c002a608e89599051f85880bd30a011cead538,0xdfd5293d8e347dfe59e90efd55b2956a1343963d,0xcb8b64477e1b071480b440983fba05af9ea5240d,2722.94892662,,,,ATA,erc20,"{'value': '0x939c81e5f58c4b1800', 'address': '0xa2120b9e674d3fc3875f415a7df52e382f141225', 'decimal': '0x12'}",{'blockTimestamp': '2022-09-30T08:09:11.000Z'}
966,0xeeb892,0x82e700bc1dfa2c7fe6a749d8a4cc75a2b329d211479f9f5e708746a8d33f87a6:log:424,0x82e700bc1dfa2c7fe6a749d8a4cc75a2b329d211479f9f5e708746a8d33f87a6,0x6e0787c1c75216bbe6cc81abe498710a0419b4f7,0x28c6c06298d514db089934071355e5743bf21d60,1150.0,,,,ATA,erc20,"{'value': '0x3e5774bb09f3380000', 'address': '0xa2120b9e674d3fc3875f415a7df52e382f141225', 'decimal': '0x12'}",{'blockTimestamp': '2022-09-30T08:00:11.000Z'}
967,0xeeb892,0xeaae05f79181564388da11d2a0d8db09bf1526d40c67a2958fc37d581cf086a6:log:423,0xeaae05f79181564388da11d2a0d8db09bf1526d40c67a2958fc37d581cf086a6,0x7ecccabb5e4ff4537f70b0a5018e8c0cfd53fff4,0x28c6c06298d514db089934071355e5743bf21d60,91006.86395351,,,,ATA,erc20,"{'value': '0x13457df26eafe1387c00', 'address': '0xa2120b9e674d3fc3875f415a7df52e382f141225', 'decimal': '0x12'}",{'blockTimestamp': '2022-09-30T08:00:11.000Z'}
968,0xeeb892,0x1c620e2e33bbf997710aebeccbad3464ecf1c50d4322faec6edf5bf5f1805f01:log:171,0x1c620e2e33bbf997710aebeccbad3464ecf1c50d4322faec6edf5bf5f1805f01,0xc1921072db5266d950acc8e721507f7542445ba5,0x28c6c06298d514db089934071355e5743bf21d60,37549.0,,,,ATA,erc20,"{'value': '0x07f3890decdf26940000', 'address': '0xa2120b9e674d3fc3875f415a7df52e382f141225', 'decimal': '0x12'}",{'blockTimestamp': '2022-09-30T08:00:11.000Z'}
969,0xeeb88a,0xe34b2fdd7c77fd247b0125b6520ee442d7929d34ee9da95911f21bb5df07ddea:log:152,0xe34b2fdd7c77fd247b0125b6520ee442d7929d34ee9da95911f21bb5df07ddea,0x21a31ee1afc51d94c2efccaa2092ad1028285549,0xb638c9ed38621892c52611fac202aca483482c0d,60678.99999999999,,,,ATA,erc20,"{'value': '0x0cd96a4950e127bc0000', 'address': '0xa2120b9e674d3fc3875f415a7df52e382f141225', 'decimal': '0x12'}",{'blockTimestamp': '2022-09-30T07:58:35.000Z'}
970,0xeeb870,0x005564079c5efa0b54ad5cddfec55b1a425461a144f7d277e7dfe3a2f5f4446e:log:27,0x005564079c5efa0b54ad5cddfec55b1a425461a144f7d277e7dfe3a2f5f4446e,0xa9d1e08c7793af67e9d92fe308d5697fb81d3e43,0x7ecccabb5e4ff4537f70b0a5018e8c0cfd53fff4,91006.86395351,,,,ATA,erc20,"{'value': '0x13457df26eafe1387c00', 'address': '0xa2120b9e674d3fc3875f415a7df52e382f141225', 'decimal': '0x12'}",{'blockTimestamp': '2022-09-30T07:53:11.000Z'}
971,0xeeb868,0xb54405fade5610e93b491d751ec902bfe097213ddbf4aaea27b058bb41f2adfb:log:124,0xb54405fade5610e93b491d751ec902bfe097213ddbf4aaea27b058bb41f2adfb,0xf431666bdc13d00bc0d2661ef756755f0c7086dd,0x3c02290922a3618a4646e3bbca65853ea45fe7c6,5979.0,,,,ATA,erc20,"{'value': '0x01441f4b15e67c8c0000', 'address': '0xa2120b9e674d3fc3875f415a7df52e382f141225', 'decimal': '0x12'}",{'blockTimestamp': '2022-09-30T07:51:23.000Z'}
972,0xeeb863,0xa34c614383f7eab80809bb4221fab7011597a7ece49548c97735b4cf7eddd4bc:log:164,0xa34c614383f7eab80809bb4221fab7011597a7ece49548c97735b4cf7eddd4bc,0xb638c9ed38621892c52611fac202aca483482c0d,0xa9d1e08c7793af67e9d92fe308d5697fb81d3e43,123819.0,,,,ATA,erc20,"{'value': '0x1a383dcefed27bcc0000', 'address': '0xa2120b9e674d3fc3875f415a7df52e382f141225', 'decimal': '0x12'}",{'blockTimestamp': '2022-09-30T07:50:23.000Z'}
973,0xeeb85f,0x6804357977453b349ac41aa7c511a03ed257df8acfd416a7140b05b46b55a550:log:113,0x6804357977453b349ac41aa7c511a03ed257df8acfd416a7140b05b46b55a550,0x28c6c06298d514db089934071355e5743bf21d60,0x759ec1b3326de6fd4ba316f65a6f689c4e4c3092,1268.709,,,,ATA,erc20,"{'value': '0x44c6dfd19775108000', 'address': '0xa2120b9e674d3fc3875f415a7df52e382f141225', 'decimal': '0x12'}",{'blockTimestamp': '2022-09-30T07:49:35.000Z'}
974,0xeeb85e,0x83b467cf6827f82241998df7a51fc32dbd82cc5b0c5ecd5a8235f27cff600e24:log:237,0x83b467cf6827f82241998df7a51fc32dbd82cc5b0c5ecd5a8235f27cff600e24,0x8f8097a2af8ecb317f05ff284069afaa87763952,0x5654d65578cda52791879751141f2f3d7dc27fe4,1196.0,,,,ATA,erc20,"{'value': '0x40d5d58f5207300000', 'address': '0xa2120b9e674d3fc3875f415a7df52e382f141225', 'decimal': '0x12'}",{'blockTimestamp': '2022-09-30T07:49:23.000Z'}
975,0xeeb85e,0x5824495a6dfe7253e28234aced86faa4d75a09b0031f2d9ea511f548129afec6:log:124,0x5824495a6dfe7253e28234aced86faa4d75a09b0031f2d9ea511f548129afec6,0x0d0707963952f2fba59dd06f2b425ace40b492fe,0x8f8097a2af8ecb317f05ff284069afaa87763952,1196.0,,,,ATA,erc20,"{'value': '0x40d5d58f5207300000', 'address': '0xa2120b9e674d3fc3875f415a7df52e382f141225', 'decimal': '0x12'}",{'blockTimestamp': '2022-09-30T07:49:23.000Z'}
976,0xeeb85b,0xf87bbb703c455e0830a239210f91d9056ea3c527d8633a9b306b0600116da6d2:log:102,0xf87bbb703c455e0830a239210f91d9056ea3c527d8633a9b306b0600116da6d2,0xdfd5293d8e347dfe59e90efd55b2956a1343963d,0x95b564f3b3bae3f206aa418667ba000afafacc8a,293382.23,,,,ATA,erc20,"{'value': '0x3e204855a3539eaf0000', 'address': '0xa2120b9e674d3fc3875f415a7df52e382f141225', 'decimal': '0x12'}",{'blockTimestamp': '2022-09-30T07:48:47.000Z'}
977,0xeeb858,0xfdb5161e069472d905b4c69a68389dd2faec30df57890abac6e8f316ab73e10d:log:13,0xfdb5161e069472d905b4c69a68389dd2faec30df57890abac6e8f316ab73e10d,0x007933790a4f00000099e9001629d9fe7775b800,0x5654d65578cda52791879751141f2f3d7dc27fe4,74.60107,,,,ATA,erc20,"{'value': '0x040b4c3de95e0ce000', 'address': '0xa2120b9e674d3fc3875f415a7df52e382f141225', 'decimal': '0x12'}",{'blockTimestamp': '2022-09-30T07:48:11.000Z'}
978,0xeeb858,0xa7d99eb3d26d8e7a21046abe36aa830a5fd7e8de8cb5a2e499db28ee4c7c5455:log:12,0xa7d99eb3d26d8e7a21046abe36aa830a5fd7e8de8cb5a2e499db28ee4c7c5455,0xe66b31678d6c16e9ebf358268a790b763c133750,0x5acd444fff9593cc3da2fc057d952606cf7e18b5,365.4623484375895,,,,ATA,erc20,"{'value': '0x13cfcf1599fa8ef128', 'address': '0xa2120b9e674d3fc3875f415a7df52e382f141225', 'decimal': '0x12'}",{'blockTimestamp': '2022-09-30T07:48:11.000Z'}
979,0xeeb858,0xa7d99eb3d26d8e7a21046abe36aa830a5fd7e8de8cb5a2e499db28ee4c7c5455:log:9,0xa7d99eb3d26d8e7a21046abe36aa830a5fd7e8de8cb5a2e499db28ee4c7c5455,0x5654d65578cda52791879751141f2f3d7dc27fe4,0xe66b31678d6c16e9ebf358268a790b763c133750,365.4623484375895,,,,ATA,erc20,"{'value': '0x13cfcf1599fa8ef128', 'address': '0xa2120b9e674d3fc3875f415a7df52e382f141225', 'decimal': '0x12'}",{'blockTimestamp': '2022-09-30T07:48:11.000Z'}
980,0xeeb858,0x60748387444486e6b061e90a89be51d83ce76ff67e14be9a1553c527c68eae14:log:4,0x60748387444486e6b061e90a89be51d83ce76ff67e14be9a1553c527c68eae14,0x5654d65578cda52791879751141f2f3d7dc27fe4,0x007933790a4f00000099e9001629d9fe7775b800,74.60108,,,,ATA,erc20,"{'value': '0x040b4c4701ac7f8000', 'address': '0xa2120b9e674d3fc3875f415a7df52e382f141225', 'decimal': '0x12'}",{'blockTimestamp': '2022-09-30T07:48:11.000Z'}
981,0xeeb84f,0xbba141592fbc62bce5f25f960d5d74f31e7d3c427469f023e9b280152008861f:log:66,0xbba141592fbc62bce5f25f960d5d74f31e7d3c427469f023e9b280152008861f,0x007933790a4f00000099e9001629d9fe7775b800,0x5654d65578cda52791879751141f2f3d7dc27fe4,63.58082,,,,ATA,erc20,"{'value': '0x03725c72eca40d4000', 'address': '0xa2120b9e674d3fc3875f415a7df52e382f141225', 'decimal': '0x12'}",{'blockTimestamp': '2022-09-30T07:46:23.000Z'}
982,0xeeb84f,0x884bd04ee05f6143a33eedb9729696a4f72f8865eba451bb6d7065393429ca84:log:64,0x884bd04ee05f6143a33eedb9729696a4f72f8865eba451bb6d7065393429ca84,0x74de5d4fcbf63e00296fd95d33236b9794016631,0x1f736e4f39274817627dc927d9bf03dca231605b,1040.825118997566,,,,ATA,erc20,"{'value': '0x386c59a33351996576', 'address': '0xa2120b9e674d3fc3875f415a7df52e382f141225', 'decimal': '0x12'}",{'blockTimestamp': '2022-09-30T07:46:23.000Z'}
983,0xeeb84f,0x884bd04ee05f6143a33eedb9729696a4f72f8865eba451bb6d7065393429ca84:log:61,0x884bd04ee05f6143a33eedb9729696a4f72f8865eba451bb6d7065393429ca84,0x5654d65578cda52791879751141f2f3d7dc27fe4,0x74de5d4fcbf63e00296fd95d33236b9794016631,1040.825118997566,,,,ATA,erc20,"{'value': '0x386c59a33351996576', 'address': '0xa2120b9e674d3fc3875f415a7df52e382f141225', 'decimal': '0x12'}",{'blockTimestamp': '2022-09-30T07:46:23.000Z'}
984,0xeeb84f,0x6ca0ab6753cf7d6feb12442714ebe32e7377dfb5ad5f09577ca7475d7331dff1:log:51,0x6ca0ab6753cf7d6feb12442714ebe32e7377dfb5ad5f09577ca7475d7331dff1,0x5654d65578cda52791879751141f2f3d7dc27fe4,0x007933790a4f00000099e9001629d9fe7775b800,63.58083,,,,ATA,erc20,"{'value': '0x03725c7c04f27fe000', 'address': '0xa2120b9e674d3fc3875f415a7df52e382f141225', 'decimal': '0x12'}",{'blockTimestamp': '2022-09-30T07:46:23.000Z'}
985,0xeeb833,0x4c31600e29d6e6d67da16069b3162eeafffe4e62f1bc922993c30cea59f76aad:log:69,0x4c31600e29d6e6d67da16069b3162eeafffe4e62f1bc922993c30cea59f76aad,0x0ed67daaacf97acf041cc65f04a632a8811347ff,0x10a404c03d8b90f2e5f0398b594fbf3cca6fc92d,119042.85714285714,,,,ATA,erc20,"{'value': '0x19355382ef57148b6db6', 'address': '0xa2120b9e674d3fc3875f415a7df52e382f141225', 'decimal': '0x12'}",{'blockTimestamp': '2022-09-30T07:40:47.000Z'}
986,0xeeb830,0x520e7e83064b184aab00c75f85790d6385a42c1c081ae4c4bc0719d7189392cf:log:155,0x520e7e83064b184aab00c75f85790d6385a42c1c081ae4c4bc0719d7189392cf,0xb638c9ed38621892c52611fac202aca483482c0d,0xa9d1e08c7793af67e9d92fe308d5697fb81d3e43,138261.0,,,,ATA,erc20,"{'value': '0x1d4724d1f1d3ab340000', 'address': '0xa2120b9e674d3fc3875f415a7df52e382f141225', 'decimal': '0x12'}",{'blockTimestamp': '2022-09-30T07:40:11.000Z'}
987,0xeeb830,0x99fc8210f8c92e8f8c1e39ed6c0d82e144b8271d08ac9b4c9881b148b5e3acc3:log:121,0x99fc8210f8c92e8f8c1e39ed6c0d82e144b8271d08ac9b4c9881b148b5e3acc3,0x21a31ee1afc51d94c2efccaa2092ad1028285549,0xb638c9ed38621892c52611fac202aca483482c0d,123819.0,,,,ATA,erc20,"{'value': '0x1a383dcefed27bcc0000', 'address': '0xa2120b9e674d3fc3875f415a7df52e382f141225', 'decimal': '0x12'}",{'blockTimestamp': '2022-09-30T07:40:11.000Z'}
988,0xeeb82a,0x4ee8ef9c0b33985c9b2b51a2623fb2c67535552d992bd36c3b18343c2241948a:log:16,0x4ee8ef9c0b33985c9b2b51a2623fb2c67535552d992bd36c3b18343c2241948a,0xf6fb366ac033af40e0b1b3267130aeeff77d655a,0xf660e4ee2d91b00e1b710c032452d18456c4323e,100.0,,,,ATA,erc20,"{'value': '0x056bc75e2d63100000', 'address': '0xa2120b9e674d3fc3875f415a7df52e382f141225', 'decimal': '0x12'}",{'blockTimestamp': '2022-09-30T07:38:59.000Z'}
989,0xeeb81c,0x694a314a9b4f009007d0df6a92a6aa09c32fb1a30b28e30948889d81565c9e15:log:30,0x694a314a9b4f009007d0df6a92a6aa09c32fb1a30b28e30948889d81565c9e15,0xa2120b9e674d3fc3875f415a7df52e382f141225,0x0ed67daaacf97acf041cc65f04a632a8811347ff,89282.14285714286,,,,ATA,erc20,"{'value': '0x12e7fea233814f689249', 'address': '0xa2120b9e674d3fc3875f415a7df52e382f141225', 'decimal': '0x12'}",{'blockTimestamp': '2022-09-30T07:36:11.000Z'}
990,0xeeb81a,0x4eb89993fff8110447014e8d750961f7f4e41bb703435cc20f986b9e540961e5:log:332,0x4eb89993fff8110447014e8d750961f7f4e41bb703435cc20f986b9e540961e5,0x0635cf48342199b3ae93630ce651f31e37320c6a,0xf16e9b0d03470827a95cdfd0cb8a8a3b46969b91,855.1566750325701,,,,ATA,erc20,"{'value': '0x2e5baed120bc7f6f4d', 'address': '0xa2120b9e674d3fc3875f415a7df52e382f141225', 'decimal': '0x12'}",{'blockTimestamp': '2022-09-30T07:35:47.000Z'}
991,0xeeb814,0xb35b2726ec4dd9e5778ad3915962c21bb6419d0c02a0a4b6cf5e7b8c4dae9ace:log:166,0xb35b2726ec4dd9e5778ad3915962c21bb6419d0c02a0a4b6cf5e7b8c4dae9ace,0x0d0707963952f2fba59dd06f2b425ace40b492fe,0xc1921072db5266d950acc8e721507f7542445ba5,37549.0,,,,ATA,erc20,"{'value': '0x07f3890decdf26940000', 'address': '0xa2120b9e674d3fc3875f415a7df52e382f141225', 'decimal': '0x12'}",{'blockTimestamp': '2022-09-30T07:34:35.000Z'}
992,0xeeb814,0xa688bd9a7b5ab3ff3edcbcf0da3b36f6f729dfee27ba08c51d02e91fafd4dbf8:log:145,0xa688bd9a7b5ab3ff3edcbcf0da3b36f6f729dfee27ba08c51d02e91fafd4dbf8,0x0d0707963952f2fba59dd06f2b425ace40b492fe,0x989a69a3e608483ae3f6fb21e2874f5c8fb98697,16255.0,,,,ATA,erc20,"{'value': '0x03712f70d951a69c0000', 'address': '0xa2120b9e674d3fc3875f415a7df52e382f141225', 'decimal': '0x12'}",{'blockTimestamp': '2022-09-30T07:34:35.000Z'}
993,0xeeb808,0x68c3a81f4bab8b4f177af562798a5250e9a8d28efecec3c4f6b36df51f5a650f:log:240,0x68c3a81f4bab8b4f177af562798a5250e9a8d28efecec3c4f6b36df51f5a650f,0x3c02290922a3618a4646e3bbca65853ea45fe7c6,0x6e0787c1c75216bbe6cc81abe498710a0419b4f7,1150.0,,,,ATA,erc20,"{'value': '0x3e5774bb09f3380000', 'address': '0xa2120b9e674d3fc3875f415a7df52e382f141225', 'decimal': '0x12'}",{'blockTimestamp': '2022-09-30T07:32:11.000Z'}
994,0xeeb802,0x7767b5814d9c86a76dca49a78d095fa92d52f3bc830bf8e60468df1b33c9f92c:log:81,0x7767b5814d9c86a76dca49a78d095fa92d52f3bc830bf8e60468df1b33c9f92c,0x5654d65578cda52791879751141f2f3d7dc27fe4,0x4bba5f077a8fcfaf8d6d07c6cfbce553e2d94c9c,238.20777871176114,,,,ATA,erc20,"{'value': '0x0ce9cc08a8d1612c9a', 'address': '0xa2120b9e674d3fc3875f415a7df52e382f141225', 'decimal': '0x12'}",{'blockTimestamp': '2022-09-30T07:30:59.000Z'}
995,0xeeb7fe,0x098f94fbd2dfe7e0b585cd0d20d5adce30e9f6aeaa4887bd59fd0412310d4f68:log:303,0x098f94fbd2dfe7e0b585cd0d20d5adce30e9f6aeaa4887bd59fd0412310d4f68,0x7ecccabb5e4ff4537f70b0a5018e8c0cfd53fff4,0x28c6c06298d514db089934071355e5743bf21d60,771145.0542067201,,,,ATA,erc20,"{'value': '0xa34bdb6e6b68cd8e0000', 'address': '0xa2120b9e674d3fc3875f415a7df52e382f141225', 'decimal': '0x12'}",{'blockTimestamp': '2022-09-30T07:30:11.000Z'}
996,0xeeb7fe,0xfc93f67ec4293c4bd1866419a19a5395df43c2606483828326679f551c2f4ed1:log:189,0xfc93f67ec4293c4bd1866419a19a5395df43c2606483828326679f551c2f4ed1,0x28c6c06298d514db089934071355e5743bf21d60,0xb638c9ed38621892c52611fac202aca483482c0d,42886.0,,,,ATA,erc20,"{'value': '0x0914daced43bda580000', 'address': '0xa2120b9e674d3fc3875f415a7df52e382f141225', 'decimal': '0x12'}",{'blockTimestamp': '2022-09-30T07:30:11.000Z'}
997,0xeeb7fe,0xc4f9391af38e9605796170b280035ded195c05603c7abc07dee8a81293886016:log:153,0xc4f9391af38e9605796170b280035ded195c05603c7abc07dee8a81293886016,0xc56a98cf46f44142444a8ccdc96ce799be09b0b2,0x28c6c06298d514db089934071355e5743bf21d60,2840.694926,,,,ATA,erc20,"{'value': '0x99fe8fb88cdc8ee000', 'address': '0xa2120b9e674d3fc3875f415a7df52e382f141225', 'decimal': '0x12'}",{'blockTimestamp': '2022-09-30T07:30:11.000Z'}
998,0xeeb7fe,0xc53ecbf352f8586718847002ce7e585a4372ddd9e0057d8dec636792841de405:log:149,0xc53ecbf352f8586718847002ce7e585a4372ddd9e0057d8dec636792841de405,0xee845948e6806d12e966137caa07d49bbe632fe3,0x28c6c06298d514db089934071355e5743bf21d60,12827.0,,,,ATA,erc20,"{'value': '0x02b75a625ba42f8c0000', 'address': '0xa2120b9e674d3fc3875f415a7df52e382f141225', 'decimal': '0x12'}",{'blockTimestamp': '2022-09-30T07:30:11.000Z'}
999,0xeeb7fe,0x30ff36790e56396fbad5f22ffe1d8bab6c80b147d0bb459bf35e3e25f87b52ed:log:145,0x30ff36790e56396fbad5f22ffe1d8bab6c80b147d0bb459bf35e3e25f87b52ed,0xec6859698eb403bf3aabda3aadf803e7fe30ff6e,0x28c6c06298d514db089934071355e5743bf21d60,23844.0,,,,ATA,erc20,"{'value': '0x050c95f8f512de100000', 'address': '0xa2120b9e674d3fc3875f415a7df52e382f141225', 'decimal': '0x12'}",{'blockTimestamp': '2022-09-30T07:30:11.000Z'}
0,0xeeb7fe,0xc46a865b4472b6354b3d42d279bcf3462b97455586b61a0dc3c6f130b2e556f0:log:138,0xc46a865b4472b6354b3d42d279bcf3462b97455586b61a0dc3c6f130b2e556f0,0x3cfc0f2e9f1b7ded102043cc7461e2d69c4cfad9,0x28c6c06298d514db089934071355e5743bf21d60,16943.152542,,,,ATA,erc20,"{'value': '0x03967d79cc478eafe000', 'address': '0xa2120b9e674d3fc3875f415a7df52e382f141225', 'decimal': '0x12'}",{'blockTimestamp': '2022-09-30T07:30:11.000Z'}
1,0xeeb7fe,0xc0247e00f71241132e7312478e38d93c931ccc7a102c536a0483c766734b0075:log:104,0xc0247e00f71241132e7312478e38d93c931ccc7a102c536a0483c766734b0075,0xb638c9ed38621892c52611fac202aca483482c0d,0xa9d1e08c7793af67e9d92fe308d5697fb81d3e43,193859.0,,,,ATA,erc20,"{'value': '0x290d1e110eff832c0000', 'address': '0xa2120b9e674d3fc3875f415a7df52e382f141225', 'decimal': '0x12'}",{'blockTimestamp': '2022-09-30T07:30:11.000Z'}
2,0xeeb7f8,0x0ca6ecaa837744e08061d4d83606fc71197cc58846f0ea6d16723143fb57954c:log:88,0x0ca6ecaa837744e08061d4d83606fc71197cc58846f0ea6d16723143fb57954c,0xdfd5293d8e347dfe59e90efd55b2956a1343963d,0xb638c9ed38621892c52611fac202aca483482c0d,48893.0,,,,ATA,erc20,"{'value': '0x0a5a7eade5c8a5d40000', 'address': '0xa2120b9e674d3fc3875f415a7df52e382f141225', 'decimal': '0x12'}",{'blockTimestamp': '2022-09-30T07:28:59.000Z'}
3,0xeeb7ec,0xeda118d5acfd3ca699ae558653d15d7ab5abd4ac71de0091c01f28c9e1af2a16:log:279,0xeda118d5acfd3ca699ae558653d15d7ab5abd4ac71de0091c01f28c9e1af2a16,0x3c02290922a3618a4646e3bbca65853ea45fe7c6,0x3cfc0f2e9f1b7ded102043cc7461e2d69c4cfad9,16943.15254237,,,,ATA,erc20,"{'value': '0x03967d79cc9db467d400', 'address': '0xa2120b9e674d3fc3875f415a7df52e382f141225', 'decimal': '0x12'}",{'blockTimestamp': '2022-09-30T07:26:35.000Z'}
4,0xeeb7ec,0x3bea4fc436d99d82e1ae87f0558ab9726502d766ba59dd8704bfce4c1b84b36e:log:250,0x3bea4fc436d99d82e1ae87f0558ab9726502d766ba59dd8704bfce4c1b84b36e,0x21a31ee1afc51d94c2efccaa2092ad1028285549,0xb638c9ed38621892c52611fac202aca483482c0d,46482.0,,,,ATA,erc20,"{'value': '0x09d7cb5537cf2b080000', 'address': '0xa2120b9e674d3fc3875f415a7df52e382f141225', 'decimal': '0x12'}",{'blockTimestamp': '2022-09-30T07:26:35.000Z'}
5,0xeeb7d6,0x774e980b885bdac9a42efc3ab78046d9c7dcc4cff83f919c4a4f83063fff054a:log:225,0x774e980b885bdac9a42efc3ab78046d9c7dcc4cff83f919c4a4f83063fff054a,0x3c02290922a3618a4646e3bbca65853ea45fe7c6,0xc56a98cf46f44142444a8ccdc96ce799be09b0b2,2840.69492662,,,,ATA,erc20,"{'value': '0x99fe8fb91d37701800', 'address': '0xa2120b9e674d3fc3875f415a7df52e382f141225', 'decimal': '0x12'}",{'blockTimestamp': '2022-09-30T07:22:11.000Z'}
6,0xeeb7d6,0x69e3cc3e934bb6f34153a58564ec0f00a9f0a040426fee6955849afb79042818:log:105,0x69e3cc3e934bb6f34153a58564ec0f00a9f0a040426fee6955849afb79042818,0xa9d1e08c7793af67e9d92fe308d5697fb81d3e43,0x7ecccabb5e4ff4537f70b0a5018e8c0cfd53fff4,122856.25605648,,,,ATA,erc20,"{'value': '0x1a040d0d6b06db764000', 'address': '0xa2120b9e674d3fc3875f415a7df52e382f141225', 'decimal': '0x12'}",{'blockTimestamp': '2022-09-30T07:22:11.000Z'}
7,0xeeb7ce,0x1a12c461bfc86ca3f88290668231146835443f351f2bc9655cb8504e58b7e66b:log:66,0x1a12c461bfc86ca3f88290668231146835443f351f2bc9655cb8504e58b7e66b,0x28c6c06298d514db089934071355e5743bf21d60,0xdfd5293d8e347dfe59e90efd55b2956a1343963d,1207889.26,,,,ATA,erc20,"{'value': '0xffc7ced87a6c483e0000', 'address': '0xa2120b9e674d3fc3875f415a7df52e382f141225', 'decimal': '0x12'}",{'blockTimestamp': '2022-09-30T07:20:35.000Z'}
8,0xeeb7cc,0x016c5a8d16013832c274c51740a78598aa7d936f03be0601697a6dc96f04666c:log:41,0x016c5a8d16013832c274c51740a78598aa7d936f03be0601697a6dc96f04666c,0xb638c9ed38621892c52611fac202aca483482c0d,0xa9d1e08c7793af67e9d92fe308d5697fb81d3e43,89240.0,,,,ATA,erc20,"{'value': '0x12e5b5c8b23753600000', 'address': '0xa2120b9e674d3fc3875f415a7df52e382f141225', 'decimal': '0x12'}",{'blockTimestamp': '2022-09-30T07:20:11.000Z'}
9,0xeeb7b7,0xe38d672979d6b1b8bd4555b6890069eb14f72875221ef434943f268258cad209:log:30,0xe38d672979d6b1b8bd4555b6890069eb14f72875221ef434943f268258cad209,0x28c6c06298d514db089934071355e5743bf21d60,0xb638c9ed38621892c52611fac202aca483482c0d,193859.0,,,,ATA,erc20,"{'value': '0x290d1e110eff832c0000', 'address': '0xa2120b9e674d3fc3875f415a7df52e382f141225', 'decimal': '0x12'}",{'blockTimestamp': '2022-09-30T07:15:59.000Z'}
10,0xeeb79a,0xa68b0812e74bc9bc25b39d74678ea57115efe15ebd3ec694c30f35387bce1aa7:log:163,0xa68b0812e74bc9bc25b39d74678ea57115efe15ebd3ec694c30f35387bce1aa7,0xa9d1e08c7793af67e9d92fe308d5697fb81d3e43,0x7ecccabb5e4ff4537f70b0a5018e8c0cfd53fff4,71559.95562656,,,,ATA,erc20,"{'value': '0x0f2745e1357650768000', 'address': '0xa2120b9e674d3fc3875f415a7df52e382f141225', 'decimal': '0x12'}",{'blockTimestamp': '2022-09-30T07:10:11.000Z'}
11,0xeeb79a,0xaca7886d3e011f1e2bfd9d9d1309b009db6a74ce57cedfa3564ebd2f516352af:log:154,0xaca7886d3e011f1e2bfd9d9d1309b009db6a74ce57cedfa3564ebd2f516352af,0xb638c9ed38621892c52611fac202aca483482c0d,0xa9d1e08c7793af67e9d92fe308d5697fb81d3e43,132629.0,,,,ATA,erc20,"{'value': '0x1c15d51e817113340000', 'address': '0xa2120b9e674d3fc3875f415a7df52e382f141225', 'decimal': '0x12'}",{'blockTimestamp': '2022-09-30T07:10:11.000Z'}
12,0xeeb794,0xf59745cf971e54c6bd1316e27f5adce2e1295f3e47e56339328733d97a7fb047:log:127,0xf59745cf971e54c6bd1316e27f5adce2e1295f3e47e56339328733d97a7fb047,0xdfd5293d8e347dfe59e90efd55b2956a1343963d,0x95b564f3b3bae3f206aa418667ba000afafacc8a,376243.26,,,,ATA,erc20,"{'value': '0x4fac30205bc638860000', 'address': '0xa2120b9e674d3fc3875f415a7df52e382f141225', 'decimal': '0x12'}",{'blockTimestamp': '2022-09-30T07:08:59.000Z'}
13,0xeeb78b,0xb86c3d9707ecb4eb8d2c76c8ae1743058d26420629fd9d51082c5ca82b45212a:log:51,0xb86c3d9707ecb4eb8d2c76c8ae1743058d26420629fd9d51082c5ca82b45212a,0xa9d1e08c7793af67e9d92fe308d5697fb81d3e43,0x7ecccabb5e4ff4537f70b0a5018e8c0cfd53fff4,83608.34369244,,,,ATA,erc20,"{'value': '0x11b46ada4c48c18ff000', 'address': '0xa2120b9e674d3fc3875f415a7df52e382f141225', 'decimal': '0x12'}",{'blockTimestamp': '2022-09-30T07:07:11.000Z'}
14,0xeeb77c,0x75bed51ffeef53872acc1829fbf84fee8ed39081cc840a796096f6ca767bfc23:log:127,0x75bed51ffeef53872acc1829fbf84fee8ed39081cc840a796096f6ca767bfc23,0xccf888b4ba95df781dd7fb2ae787fb363c7386a0,0xec6859698eb403bf3aabda3aadf803e7fe30ff6e,23844.0,,,,ATA,erc20,"{'value': '0x050c95f8f512de100000', 'address': '0xa2120b9e674d3fc3875f415a7df52e382f141225', 'decimal': '0x12'}",{'blockTimestamp': '2022-09-30T07:04:11.000Z'}
15,0xeeb77a,0x38f24b4a47b1c324d0bfb3b3b39956bbca3d59a5066df5c42ce5e6f6b465157a:log:6,0x38f24b4a47b1c324d0bfb3b3b39956bbca3d59a5066df5c42ce5e6f6b465157a,0x5654d65578cda52791879751141f2f3d7dc27fe4,0x0635cf48342199b3ae93630ce651f31e37320c6a,260.2511492956158,,,,ATA,erc20,"{'value': '0x0e1bb5d16a28550d61', 'address': '0xa2120b9e674d3fc3875f415a7df52e382f141225', 'decimal': '0x12'}",{'blockTimestamp': '2022-09-30T07:03:47.000Z'}
16,0xeeb775,0xb867e9657b40425585e69d102b5921f9e6b2c73286f3ed4f22a3c170499538c5:log:16,0xb867e9657b40425585e69d102b5921f9e6b2c73286f3ed4f22a3c170499538c5,0x21a31ee1afc51d94c2efccaa2092ad1028285549,0xf431666bdc13d00bc0d2661ef756755f0c7086dd,5979.0,,,,ATA,erc20,"{'value': '0x01441f4b15e67c8c0000', 'address': '0xa2120b9e674d3fc3875f415a7df52e382f141225', 'decimal': '0x12'}",{'blockTimestamp': '2022-09-30T07:02:47.000Z'}
17,0xeeb76b,0x9ff066882e9cd9d13373896f7a885b5c8993f6c0da7713a1a9509159892fff2f:log:99,0x9ff066882e9cd9d13373896f7a885b5c8993f6c0da7713a1a9509159892fff2f,0x28c6c06298d514db089934071355e5743bf21d60,0xb638c9ed38621892c52611fac202aca483482c0d,89240.0,,,,ATA,erc20,"{'value': '0x12e5b5c8b23753600000', 'address': '0xa2120b9e674d3fc3875f415a7df52e382f141225', 'decimal': '0x12'}",{'blockTimestamp': '2022-09-30T07:00:47.000Z'}
18,0xeeb769,0xca8eea71b38efc488048bf32e7f3ab47161088b28b7e6f7b2a5adc122bdab61e:log:125,0xca8eea71b38efc488048bf32e7f3ab47161088b28b7e6f7b2a5adc122bdab61e,0x58b76de50f3f5bc9c312f92ea9d68a6f88d78b8b,0x28c6c06298d514db089934071355e5743bf21d60,3040.9999999999995,,,,ATA,erc20,"{'value': '0xa4da5a4c176ae40000', 'address': '0xa2120b9e674d3fc3875f415a7df52e382f141225', 'decimal': '0x12'}",{'blockTimestamp': '2022-09-30T07:00:23.000Z'}
19,0xeeb768,0x2542dcc839b8f50b9ac6b1de40c50dd222ba77fa9614de87dde671039ad6fd7e:log:353,0x2542dcc839b8f50b9ac6b1de40c50dd222ba77fa9614de87dde671039ad6fd7e,0x4347dfeb855addc2443a2ffc0227be4b9c38cdaa,0x28c6c06298d514db089934071355e5743bf21d60,27752.58501891,,,,ATA,erc20,"{'value': '0x05e0787c6b338e0fac00', 'address': '0xa2120b9e674d3fc3875f415a7df52e382f141225', 'decimal': '0x12'}",{'blockTimestamp': '2022-09-30T07:00:11.000Z'}
20,0xeeb768,0x2dfee5b9eea75510144858788c36d8c7af97f1bf97a82c94f4bb62e33ab314c7:log:347,0x2dfee5b9eea75510144858788c36d8c7af97f1bf97a82c94f4bb62e33ab314c7,0x6e0787c1c75216bbe6cc81abe498710a0419b4f7,0x28c6c06298d514db089934071355e5743bf21d60,5075.0,,,,ATA,erc20,"{'value': '0x01131dc5eb7f636c0000', 'address': '0xa2120b9e674d3fc3875f415a7df52e382f141225', 'decimal': '0x12'}",{'blockTimestamp': '2022-09-30T07:00:11.000Z'}
21,0xeeb768,0x53f4fdf42ccb2e721c893d147160cec202e4b9c6c677df2abf4ed43e1f67d51a:log:346,0x53f4fdf42ccb2e721c893d147160cec202e4b9c6c677df2abf4ed43e1f67d51a,0x95e3e979f9642eaf0bca988757025c2f6dcb8594,0x28c6c06298d514db089934071355e5743bf21d60,1298.0,,,,ATA,erc20,"{'value': '0x465d5e5ae6b9080000', 'address': '0xa2120b9e674d3fc3875f415a7df52e382f141225', 'decimal': '0x12'}",{'blockTimestamp': '2022-09-30T07:00:11.000Z'}
22,0xeeb768,0x66d7edf4c1707b13dadf11110e75f4bdf2302f80a58c1ab679b449bab63711bf:log:96,0x66d7edf4c1707b13dadf11110e75f4bdf2302f80a58c1ab679b449bab63711bf,0xa516e1ddb893db044c4c1d4f56790e25bd455e16,0x28c6c06298d514db089934071355e5743bf21d60,2057.9326,,,,ATA,erc20,"{'value': '0x6f8f8d4c4e480b8000', 'address': '0xa2120b9e674d3fc3875f415a7df52e382f141225', 'decimal': '0x12'}",{'blockTimestamp': '2022-09-30T07:00:11.000Z'}
23,0xeeb768,0xf3c2c4d6630207e43507d58702ff7b3a73deca5ec2d13e866c813ede96ece0cc:log:92,0xf3c2c4d6630207e43507d58702ff7b3a73deca5ec2d13e866c813ede96ece0cc,0x629b2b7fa5984a03f7be79b743b7b4888c63e195,0x28c6c06298d514db089934071355e5743bf21d60,23474.635974999997,,,,ATA,erc20,"{'value': '0x04f89004554f888f7000', 'address': '0xa2120b9e674d3fc3875f415a7df52e382f141225', 'decimal': '0x12'}",{'blockTimestamp': '2022-09-30T07:00:11.000Z'}
24,0xeeb768,0x16aad064e8461e80cfea32853e9b33926f29f1620742a5a203c24e3650754fc7:log:90,0x16aad064e8461e80cfea32853e9b33926f29f1620742a5a203c24e3650754fc7,0xc1921072db5266d950acc8e721507f7542445ba5,0x28c6c06298d514db089934071355e5743bf21d60,62200.0,,,,ATA,erc20,"{'value': '0x0d2bde66d246b0e00000', 'address': '0xa2120b9e674d3fc3875f415a7df52e382f141225', 'decimal': '0x12'}",{'blockTimestamp': '2022-09-30T07:00:11.000Z'}
25,0xeeb766,0x1b9f3f37d9dcbc1be133bf2ec8275e5db930c50178e1603b6a1a14b3c97ba36f:log:106,0x1b9f3f37d9dcbc1be133bf2ec8275e5db930c50178e1603b6a1a14b3c97ba36f,0xdfd5293d8e347dfe59e90efd55b2956a1343963d,0xb638c9ed38621892c52611fac202aca483482c0d,132629.0,,,,ATA,erc20,"{'value': '0x1c15d51e817113340000', 'address': '0xa2120b9e674d3fc3875f415a7df52e382f141225', 'decimal': '0x12'}",{'blockTimestamp': '2022-09-30T06:59:47.000Z'}
26,0xeeb74f,0x6cb39c2cefe07ce23063174e3a07d77bdd1e608f6fe75fa4304558add98518ac:log:35,0x6cb39c2cefe07ce23063174e3a07d77bdd1e608f6fe75fa4304558add98518ac,0xb638c9ed38621892c52611fac202aca483482c0d,0xa9d1e08c7793af67e9d92fe308d5697fb81d3e43,84675.0,,,,ATA,erc20,"{'value': '0x11ee3daec09f692c0000', 'address': '0xa2120b9e674d3fc3875f415a7df52e382f141225', 'decimal': '0x12'}",{'blockTimestamp': '2022-09-30T06:55:11.000Z'}
27,0xeeb741,0x21d067d237b841c75041daae023a14de6abfb7f6eefd92c9b5ef305a35fb9810:log:64,0x21d067d237b841c75041daae023a14de6abfb7f6eefd92c9b5ef305a35fb9810,0x0d0707963952f2fba59dd06f2b425ace40b492fe,0xc1921072db5266d950acc8e721507f7542445ba5,24578.0,,,,ATA,erc20,"{'value': '0x05346044cc2ccec80000', 'address': '0xa2120b9e674d3fc3875f415a7df52e382f141225', 'decimal': '0x12'}",{'blockTimestamp': '2022-09-30T06:52:23.000Z'}
28,0xeeb740,0xb06a77dc191124330042823516037ae8418d29f6a43c0ee6f6fe2be00efb5476:log:49,0xb06a77dc191124330042823516037ae8418d29f6a43c0ee6f6fe2be00efb5476,0x5654d65578cda52791879751141f2f3d7dc27fe4,0x0635cf48342199b3ae93630ce651f31e37320c6a,283.78617806843624,,,,ATA,erc20,"{'value': '0x0f62530963bee3ec25', 'address': '0xa2120b9e674d3fc3875f415a7df52e382f141225', 'decimal': '0x12'}",{'blockTimestamp': '2022-09-30T06:52:11.000Z'}
29,0xeeb737,0xf9b83fa03a208b3b210f852d3725739c9c99b65b6642514cc6cc6cd511446aec:log:33,0xf9b83fa03a208b3b210f852d3725739c9c99b65b6642514cc6cc6cd511446aec,0x3c02290922a3618a4646e3bbca65853ea45fe7c6,0x6e0787c1c75216bbe6cc81abe498710a0419b4f7,3828.0,,,,ATA,erc20,"{'value': '0xcf842bf66303500000', 'address': '0xa2120b9e674d3fc3875f415a7df52e382f141225', 'decimal': '0x12'}",{'blockTimestamp': '2022-09-30T06:50:23.000Z'}
30,0xeeb736,0x0ec789d0a70d441ffcffd4fba8f99b0e04675d036c38dc517b08eb56048ca729:log:202,0x0ec789d0a70d441ffcffd4fba8f99b0e04675d036c38dc517b08eb56048ca729,0xa9d1e08c7793af67e9d92fe308d5697fb81d3e43,0x7ecccabb5e4ff4537f70b0a5018e8c0cfd53fff4,94657.08082368999,,,,ATA,erc20,"{'value': '0x140b5ee1d6701a46e400', 'address': '0xa2120b9e674d3fc3875f415a7df52e382f141225', 'decimal': '0x12'}",{'blockTimestamp': '2022-09-30T06:50:11.000Z'}
31,0xeeb732,0xdeeee198bb67631e1e071228e122442979fcd5ad14065a20092f97edaf4f0d14:log:154,0xdeeee198bb67631e1e071228e122442979fcd5ad14065a20092f97edaf4f0d14,0x0d0707963952f2fba59dd06f2b425ace40b492fe,0xee845948e6806d12e966137caa07d49bbe632fe3,961.0,,,,ATA,erc20,"{'value': '0x34188dd8675e640000', 'address': '0xa2120b9e674d3fc3875f415a7df52e382f141225', 'decimal': '0x12'}",{'blockTimestamp': '2022-09-30T06:49:23.000Z'}
32,0xeeb72e,0x6a202b3bbe86095c0a0994956bd6883ad2fb1a3333d0b844c6858870f7cbb458:log:140,0x6a202b3bbe86095c0a0994956bd6883ad2fb1a3333d0b844c6858870f7cbb458,0x0d0707963952f2fba59dd06f2b425ace40b492fe,0xee845948e6806d12e966137caa07d49bbe632fe3,11866.0,,,,ATA,erc20,"{'value': '0x028341d4833cd1280000', 'address': '0xa2120b9e674d3fc3875f415a7df52e382f141225', 'decimal': '0x12'}",{'blockTimestamp': '2022-09-30T06:48:35.000Z'}
33,0xeeb72d,0xf83b4c238111f44af1902e33b7257137c8974dd070036b7e29bc8ec23cde2032:log:160,0xf83b4c238111f44af1902e33b7257137c8974dd070036b7e29bc8ec23cde2032,0xa9d1e08c7793af67e9d92fe308d5697fb81d3e43,0x7ecccabb5e4ff4537f70b0a5018e8c0cfd53fff4,88622.52848055,,,,ATA,erc20,"{'value': '0x12c43ca52ec7d96bfc00', 'address': '0xa2120b9e674d3fc3875f415a7df52e382f141225', 'decimal': '0x12'}",{'blockTimestamp': '2022-09-30T06:48:23.000Z'}
34,0xeeb728,0xb7c028b939f2944633477f9921380440865add11bf114d6ed0474c270c6eb117:log:44,0xb7c028b939f2944633477f9921380440865add11bf114d6ed0474c270c6eb117,0x0d0707963952f2fba59dd06f2b425ace40b492fe,0x4347dfeb855addc2443a2ffc0227be4b9c38cdaa,15509.475,,,,ATA,erc20,"{'value': '0x0348c533fbc799838000', 'address': '0xa2120b9e674d3fc3875f415a7df52e382f141225', 'decimal': '0x12'}",{'blockTimestamp': '2022-09-30T06:47:23.000Z'}
35,0xeeb727,0xc13b30a2c58f5166195f947ce4bd71bfafd72f40cbee4ec1417e1f27bdc27932:log:77,0xc13b30a2c58f5166195f947ce4bd71bfafd72f40cbee4ec1417e1f27bdc27932,0x0d0707963952f2fba59dd06f2b425ace40b492fe,0xc1921072db5266d950acc8e721507f7542445ba5,37622.0,,,,ATA,erc20,"{'value': '0x07f77e220619e2180000', 'address': '0xa2120b9e674d3fc3875f415a7df52e382f141225', 'decimal': '0x12'}",{'blockTimestamp': '2022-09-30T06:47:11.000Z'}
36,0xeeb723,0x36ff145201a4c686b3eb24ebca58a5a696469e0104dc542908c38804dbf7d60e:log:186,0x36ff145201a4c686b3eb24ebca58a5a696469e0104dc542908c38804dbf7d60e,0x3c02290922a3618a4646e3bbca65853ea45fe7c6,0x6e0787c1c75216bbe6cc81abe498710a0419b4f7,1247.0,,,,ATA,erc20,"{'value': '0x439999f51c601c0000', 'address': '0xa2120b9e674d3fc3875f415a7df52e382f141225', 'decimal': '0x12'}",{'blockTimestamp': '2022-09-30T06:46:11.000Z'}
37,0xeeb723,0x2957d12fd0a22913a3fd28fd0998b630e59ddf661095d5e9d27c0439ae4e13af:log:167,0x2957d12fd0a22913a3fd28fd0998b630e59ddf661095d5e9d27c0439ae4e13af,0x3c02290922a3618a4646e3bbca65853ea45fe7c6,0x58b76de50f3f5bc9c312f92ea9d68a6f88d78b8b,3040.9999999999995,,,,ATA,erc20,"{'value': '0xa4da5a4c176ae40000', 'address': '0xa2120b9e674d3fc3875f415a7df52e382f141225', 'decimal': '0x12'}",{'blockTimestamp': '2022-09-30T06:46:11.000Z'}
38,0xeeb71c,0xb97b5d37a1f911a126a4111cd976344d4a0fffa723bcea823bc2c4729f574b5e:log:34,0xb97b5d37a1f911a126a4111cd976344d4a0fffa723bcea823bc2c4729f574b5e,0x5654d65578cda52791879751141f2f3d7dc27fe4,0x0635cf48342199b3ae93630ce651f31e37320c6a,311.11934766851806,,,,ATA,erc20,"{'value': '0x10dda5f652d54675c7', 'address': '0xa2120b9e674d3fc3875f415a7df52e382f141225', 'decimal': '0x12'}",{'blockTimestamp': '2022-09-30T06:44:47.000Z'}
39,0xeeb71a,0x3c5716456447f6365b86bf1c477c076b39cf9e7be77c40aff3912a6cf84a3485:log:161,0x3c5716456447f6365b86bf1c477c076b39cf9e7be77c40aff3912a6cf84a3485,0x0d0707963952f2fba59dd06f2b425ace40b492fe,0xa516e1ddb893db044c4c1d4f56790e25bd455e16,2057.9326,,,,ATA,erc20,"{'value': '0x6f8f8d4c4e480b8000', 'address': '0xa2120b9e674d3fc3875f415a7df52e382f141225', 'decimal': '0x12'}",{'blockTimestamp': '2022-09-30T06:44:23.000Z'}
40,0xeeb71a,0xa6ca19a728e365fdae562f58d70c2d1afb55a0dd13bb7342248af2933d40cc43:log:135,0xa6ca19a728e365fdae562f58d70c2d1afb55a0dd13bb7342248af2933d40cc43,0x21a31ee1afc51d94c2efccaa2092ad1028285549,0xb638c9ed38621892c52611fac202aca483482c0d,84675.0,,,,ATA,erc20,"{'value': '0x11ee3daec09f692c0000', 'address': '0xa2120b9e674d3fc3875f415a7df52e382f141225', 'decimal': '0x12'}",{'blockTimestamp': '2022-09-30T06:44:23.000Z'}
41,0xeeb710,0xcaf58a05eda0f2ce0ece60071c76cf08c070676748ff2bc393ba433b8add3980:log:390,0xcaf58a05eda0f2ce0ece60071c76cf08c070676748ff2bc393ba433b8add3980,0x0d0707963952f2fba59dd06f2b425ace40b492fe,0x4b5b71878396dbde5b6a0ac104f4f337efa34737,19380.0,,,,ATA,erc20,"{'value': '0x041a9787185bfe500000', 'address': '0xa2120b9e674d3fc3875f415a7df52e382f141225', 'decimal': '0x12'}",{'blockTimestamp': '2022-09-30T06:42:23.000Z'}
42,0xeeb70c,0xd2cb880060d68f719b5a7ceca364aadc3785512a3384e58be5695c13227c6ba8:log:224,0xd2cb880060d68f719b5a7ceca364aadc3785512a3384e58be5695c13227c6ba8,0x0d0707963952f2fba59dd06f2b425ace40b492fe,0x629b2b7fa5984a03f7be79b743b7b4888c63e195,23474.635974999997,,,,ATA,erc20,"{'value': '0x04f89004554f888f7000', 'address': '0xa2120b9e674d3fc3875f415a7df52e382f141225', 'decimal': '0x12'}",{'blockTimestamp': '2022-09-30T06:41:35.000Z'}
43,0xeeb705,0x840bcd61348a73de10c868f98b7e0e66dc807022b4a4739faaee40b9ca8e99a3:log:132,0x840bcd61348a73de10c868f98b7e0e66dc807022b4a4739faaee40b9ca8e99a3,0x3c02290922a3618a4646e3bbca65853ea45fe7c6,0x4347dfeb855addc2443a2ffc0227be4b9c38cdaa,12243.11001891,,,,ATA,erc20,"{'value': '0x0297b3486f6bf48c2c00', 'address': '0xa2120b9e674d3fc3875f415a7df52e382f141225', 'decimal': '0x12'}",{'blockTimestamp': '2022-09-30T06:40:11.000Z'}
44,0xeeb705,0x714828176107d90f24edf31352517f3b54f6558cd61079826d3a24db32bc7618:log:124,0x714828176107d90f24edf31352517f3b54f6558cd61079826d3a24db32bc7618,0xa9d1e08c7793af67e9d92fe308d5697fb81d3e43,0x7ecccabb5e4ff4537f70b0a5018e8c0cfd53fff4,155045.52848054998,,,,ATA,erc20,"{'value': '0x20d508f1dea4d4e7fc00', 'address': '0xa2120b9e674d3fc3875f415a7df52e382f141225', 'decimal': '0x12'}",{'blockTimestamp': '2022-09-30T06:40:11.000Z'}
45,0xeeb6f7,0x1c9a1595af8a45d49e5595e9f1a24f4ba1d181ac10b83e974bd6f8fa9e740ef0:log:393,0x1c9a1595af8a45d49e5595e9f1a24f4ba1d181ac10b83e974bd6f8fa9e740ef0,0x478271c960137418c9d90082dddbf68aa72e4367,0x0d0707963952f2fba59dd06f2b425ace40b492fe,329970.7,,,,ATA,erc20,"{'value': '0x45dfbf5b7e4deb4e0000', 'address': '0xa2120b9e674d3fc3875f415a7df52e382f141225', 'decimal': '0x12'}",{'blockTimestamp': '2022-09-30T06:37:23.000Z'}
46,0xeeb6f2,0x64695a2dff8e3ee82a716dd0008f7d5504557015aad49d01baf078be5dad1dbf:log:73,0x64695a2dff8e3ee82a716dd0008f7d5504557015aad49d01baf078be5dad1dbf,0x3c02290922a3618a4646e3bbca65853ea45fe7c6,0x95e3e979f9642eaf0bca988757025c2f6dcb8594,1298.0,,,,ATA,erc20,"{'value': '0x465d5e5ae6b9080000', 'address': '0xa2120b9e674d3fc3875f415a7df52e382f141225', 'decimal': '0x12'}",{'blockTimestamp': '2022-09-30T06:36:23.000Z'}
47,0xeeb6e7,0xa17f578ae7f9375cc309ea80e932d474d06d2e1b2a8b5c892e42ea32cda61e11:log:130,0xa17f578ae7f9375cc309ea80e932d474d06d2e1b2a8b5c892e42ea32cda61e11,0xa9d1e08c7793af67e9d92fe308d5697fb81d3e43,0x7ecccabb5e4ff4537f70b0a5018e8c0cfd53fff4,154795.36104645,,,,ATA,erc20,"{'value': '0x20c7792c9ac617767400', 'address': '0xa2120b9e674d3fc3875f415a7df52e382f141225', 'decimal': '0x12'}",{'blockTimestamp': '2022-09-30T06:34:11.000Z'}
48,0xeeb640,0xe7ed4caeb1941ad86ffbf0bc558f41c2137e8717695ccc1281565d0cbe2c6fa0:log:293,0xe7ed4caeb1941ad86ffbf0bc558f41c2137e8717695ccc1281565d0cbe2c6fa0,0x6e0787c1c75216bbe6cc81abe498710a0419b4f7,0x28c6c06298d514db089934071355e5743bf21d60,7000.0,,,,ATA,erc20,"{'value': '0x017b7883c06916600000', 'address': '0xa2120b9e674d3fc3875f415a7df52e382f141225', 'decimal': '0x12'}",{'blockTimestamp': '2022-09-30T06:00:23.000Z'}
49,0xeeb5c9,0xcd128b9e12dbd17ef208d97ee1ac43dec646c4e50c8fc5d94066ed98ceb36778:log:62,0xcd128b9e12dbd17ef208d97ee1ac43dec646c4e50c8fc5d94066ed98ceb36778,0x3c02290922a3618a4646e3bbca65853ea45fe7c6,0x6e0787c1c75216bbe6cc81abe498710a0419b4f7,7000.0,,,,ATA,erc20,"{'value': '0x017b7883c06916600000', 'address': '0xa2120b9e674d3fc3875f415a7df52e382f141225', 'decimal': '0x12'}",{'blockTimestamp': '2022-09-30T05:36:23.000Z'}
50,0xeeb09f,0xe94887d35c42d5111b9873e18e724913133a31e071ee0a99da1e93dbfb15c35b:log:106,0xe94887d35c42d5111b9873e18e724913133a31e071ee0a99da1e93dbfb15c35b,0xb638c9ed38621892c52611fac202aca483482c0d,0xa9d1e08c7793af67e9d92fe308d5697fb81d3e43,127307.0,,,,ATA,erc20,"{'value': '0x1af553884e9b2e4c0000', 'address': '0xa2120b9e674d3fc3875f415a7df52e382f141225', 'decimal': '0x12'}",{'blockTimestamp': '2022-09-30T01:10:23.000Z'}
51,0xeeb06c,0xe8b1f72b91de101d903457a221a7dc5dbaea7f4ac6d0c23b03a0ef34c35bff2c:log:65,0xe8b1f72b91de101d903457a221a7dc5dbaea7f4ac6d0c23b03a0ef34c35bff2c,0x28c6c06298d514db089934071355e5743bf21d60,0xb638c9ed38621892c52611fac202aca483482c0d,127307.0,,,,ATA,erc20,"{'value': '0x1af553884e9b2e4c0000', 'address': '0xa2120b9e674d3fc3875f415a7df52e382f141225', 'decimal': '0x12'}",{'blockTimestamp': '2022-09-30T00:59:59.000Z'}
52,0xeeaff4,0xc8fcc5d4e2e93e1b18554033a1e526518baad2b015f9cc53d6393bc5f2f1684b:log:274,0xc8fcc5d4e2e93e1b18554033a1e526518baad2b015f9cc53d6393bc5f2f1684b,0x0635cf48342199b3ae93630ce651f31e37320c6a,0xf16e9b0d03470827a95cdfd0cb8a8a3b46969b91,341.22005335788714,,,,ATA,erc20,"{'value': '0x127f6126aaecb2c6c5', 'address': '0xa2120b9e674d3fc3875f415a7df52e382f141225', 'decimal': '0x12'}",{'blockTimestamp': '2022-09-30T00:35:59.000Z'}
53,0xeeaf41,0x76564e88751b23803e1d9c0fdfed9f2f77a5cd884ca5355c7b274dda4d502552:log:473,0x76564e88751b23803e1d9c0fdfed9f2f77a5cd884ca5355c7b274dda4d502552,0x7ecccabb5e4ff4537f70b0a5018e8c0cfd53fff4,0x28c6c06298d514db089934071355e5743bf21d60,246453.59706787,,,,ATA,erc20,"{'value': '0x343046b97e1b9bda2c00', 'address': '0xa2120b9e674d3fc3875f415a7df52e382f141225', 'decimal': '0x12'}",{'blockTimestamp': '2022-09-30T00:00:11.000Z'}
54,0xeeaf41,0x533b53bfc1d1ad3bc4dcb42f1ad73fa2eaf39382d90b1675727e0471567ef9fd:log:471,0x533b53bfc1d1ad3bc4dcb42f1ad73fa2eaf39382d90b1675727e0471567ef9fd,0x6e0787c1c75216bbe6cc81abe498710a0419b4f7,0x28c6c06298d514db089934071355e5743bf21d60,2225.0,,,,ATA,erc20,"{'value': '0x789e13ef71dc240000', 'address': '0xa2120b9e674d3fc3875f415a7df52e382f141225', 'decimal': '0x12'}",{'blockTimestamp': '2022-09-30T00:00:11.000Z'}
55,0xeeaf41,0x9dd5e45344737bba558f884d0ed047ee46d54b4fe89f27103be7336df4640dc4:log:190,0x9dd5e45344737bba558f884d0ed047ee46d54b4fe89f27103be7336df4640dc4,0xc1921072db5266d950acc8e721507f7542445ba5,0x28c6c06298d514db089934071355e5743bf21d60,52297.0,,,,ATA,erc20,"{'value': '0x0b1306ab429e6b840000', 'address': '0xa2120b9e674d3fc3875f415a7df52e382f141225', 'decimal': '0x12'}",{'blockTimestamp': '2022-09-30T00:00:11.000Z'}
56,0xeeaf06,0xcffacf13bdd31daa3f4c74628b22d7f9eea41065533c57a0c6d85dae2d7e2819:log:22,0xcffacf13bdd31daa3f4c74628b22d7f9eea41065533c57a0c6d85dae2d7e2819,0x0d0707963952f2fba59dd06f2b425ace40b492fe,0xc1921072db5266d950acc8e721507f7542445ba5,24627.0,,,,ATA,erc20,"{'value': '0x05370847c48fd8ec0000', 'address': '0xa2120b9e674d3fc3875f415a7df52e382f141225', 'decimal': '0x12'}",{'blockTimestamp': '2022-09-29T23:48:23.000Z'}
57,0xeeaef2,0x08dd9e92e81cf4f29eacb803fdc1d7484e8e5e6cd53e36c856867fbee371b476:log:107,0x08dd9e92e81cf4f29eacb803fdc1d7484e8e5e6cd53e36c856867fbee371b476,0x3c02290922a3618a4646e3bbca65853ea45fe7c6,0x6e0787c1c75216bbe6cc81abe498710a0419b4f7,860.0,,,,ATA,erc20,"{'value': '0x2e9ee5c38653f00000', 'address': '0xa2120b9e674d3fc3875f415a7df52e382f141225', 'decimal': '0x12'}",{'blockTimestamp': '2022-09-29T23:44:23.000Z'}
58,0xeeaeec,0xa5a6eae0d9a925dd654f14abf732aa1ca79dbf72061a2829391f59d59c89c4e5:log:599,0xa5a6eae0d9a925dd654f14abf732aa1ca79dbf72061a2829391f59d59c89c4e5,0x0d0707963952f2fba59dd06f2b425ace40b492fe,0xc1921072db5266d950acc8e721507f7542445ba5,27670.0,,,,ATA,erc20,"{'value': '0x05dbfe637e0e92980000', 'address': '0xa2120b9e674d3fc3875f415a7df52e382f141225', 'decimal': '0x12'}",{'blockTimestamp': '2022-09-29T23:43:11.000Z'}
59,0xeeaeec,0xb10fd69deeac20517e3e46c451456ce9b14664b5b433f3c6afff8d55a7ebb1d9:log:117,0xb10fd69deeac20517e3e46c451456ce9b14664b5b433f3c6afff8d55a7ebb1d9,0xa9d1e08c7793af67e9d92fe308d5697fb81d3e43,0x7ecccabb5e4ff4537f70b0a5018e8c0cfd53fff4,51887.477157119996,,,,ATA,erc20,"{'value': '0x0afcd365dac3b5020000', 'address': '0xa2120b9e674d3fc3875f415a7df52e382f141225', 'decimal': '0x12'}",{'blockTimestamp': '2022-09-29T23:43:11.000Z'}
60,0xeeaed6,0x7b4976231ce7bbda7ba95d8603a6de2d652ed22154164e5af75d3055952ddd53:log:47,0x7b4976231ce7bbda7ba95d8603a6de2d652ed22154164e5af75d3055952ddd53,0x5654d65578cda52791879751141f2f3d7dc27fe4,0x0635cf48342199b3ae93630ce651f31e37320c6a,341.22005335788714,,,,ATA,erc20,"{'value': '0x127f6126aaecb2c6c5', 'address': '0xa2120b9e674d3fc3875f415a7df52e382f141225', 'decimal': '0x12'}",{'blockTimestamp': '2022-09-29T23:38:47.000Z'}
61,0xeeaec5,0xef53f6c81b77d276b8c5672af4251c79d3695f5dcca192f2d2e7fd3984ed7ef6:log:119,0xef53f6c81b77d276b8c5672af4251c79d3695f5dcca192f2d2e7fd3984ed7ef6,0xa9d1e08c7793af67e9d92fe308d5697fb81d3e43,0x7ecccabb5e4ff4537f70b0a5018e8c0cfd53fff4,194566.11991074999,,,,ATA,erc20,"{'value': '0x29337353a357e6d82c00', 'address': '0xa2120b9e674d3fc3875f415a7df52e382f141225', 'decimal': '0x12'}",{'blockTimestamp': '2022-09-29T23:35:23.000Z'}
62,0xeeaea3,0x997639b8ddc6934c2f4cb4b4386e1597e12b03bc0a4bfd513183c15e87be1807:log:121,0x997639b8ddc6934c2f4cb4b4386e1597e12b03bc0a4bfd513183c15e87be1807,0x3c02290922a3618a4646e3bbca65853ea45fe7c6,0x6e0787c1c75216bbe6cc81abe498710a0419b4f7,1365.0,,,,ATA,erc20,"{'value': '0x49ff2e2beb88340000', 'address': '0xa2120b9e674d3fc3875f415a7df52e382f141225', 'decimal': '0x12'}",{'blockTimestamp': '2022-09-29T23:28:35.000Z'}
63,0xeeae15,0xeb5e7311edd4b09860354f5c9dca5db949e150a749de1c014e53003bf50db02c:log:272,0xeb5e7311edd4b09860354f5c9dca5db949e150a749de1c014e53003bf50db02c,0x7ecccabb5e4ff4537f70b0a5018e8c0cfd53fff4,0x28c6c06298d514db089934071355e5743bf21d60,410744.83442902,,,,ATA,erc20,"{'value': '0x56fa85a7c5cad6409800', 'address': '0xa2120b9e674d3fc3875f415a7df52e382f141225', 'decimal': '0x12'}",{'blockTimestamp': '2022-09-29T23:00:11.000Z'}
64,0xeead05,0xb661bf2dd148fe19a47bb8126a53b60fdfbdb9190ca628180e87a27847705d90:log:182,0xb661bf2dd148fe19a47bb8126a53b60fdfbdb9190ca628180e87a27847705d90,0xa9d1e08c7793af67e9d92fe308d5697fb81d3e43,0x7ecccabb5e4ff4537f70b0a5018e8c0cfd53fff4,410744.83442902,,,,ATA,erc20,"{'value': '0x56fa85a7c5cad6409800', 'address': '0xa2120b9e674d3fc3875f415a7df52e382f141225', 'decimal': '0x12'}",{'blockTimestamp': '2022-09-29T22:05:11.000Z'}
65,0xeeac89,0x80d7acf1fab4f7f29f62ca91d08d36ffb6783f3e445526eeae2c4f7f14d96146:log:286,0x80d7acf1fab4f7f29f62ca91d08d36ffb6783f3e445526eeae2c4f7f14d96146,0xb638c9ed38621892c52611fac202aca483482c0d,0xa9d1e08c7793af67e9d92fe308d5697fb81d3e43,699017.0000000001,,,,ATA,erc20,"{'value': '0x9405c9999d34fc840000', 'address': '0xa2120b9e674d3fc3875f415a7df52e382f141225', 'decimal': '0x12'}",{'blockTimestamp': '2022-09-29T21:40:11.000Z'}
66,0xeeac65,0xda729789ba2a0214f04ddcb0e52905c73c7202c7cbbb3aaadd1bd1f8979e04e8:log:151,0xda729789ba2a0214f04ddcb0e52905c73c7202c7cbbb3aaadd1bd1f8979e04e8,0xdfd5293d8e347dfe59e90efd55b2956a1343963d,0xb638c9ed38621892c52611fac202aca483482c0d,699017.0000000001,,,,ATA,erc20,"{'value': '0x9405c9999d34fc840000', 'address': '0xa2120b9e674d3fc3875f415a7df52e382f141225', 'decimal': '0x12'}",{'blockTimestamp': '2022-09-29T21:32:59.000Z'}
67,0xeeaa9b,0x825e60e732097d68d00ee3a348ddc5481e53f452e8984cf3c5429dcba655ee3f:log:593,0x825e60e732097d68d00ee3a348ddc5481e53f452e8984cf3c5429dcba655ee3f,0x7ecccabb5e4ff4537f70b0a5018e8c0cfd53fff4,0x28c6c06298d514db089934071355e5743bf21d60,969657.6016637001,,,,ATA,erc20,"{'value': '0xcd553e712efacc034800', 'address': '0xa2120b9e674d3fc3875f415a7df52e382f141225', 'decimal': '0x12'}",{'blockTimestamp': '2022-09-29T20:00:11.000Z'}
68,0xeea718,0xdb495b3215dabd62718231eb6bae90a21188c87fdf361b69372cb1e3939a3ceb:log:49,0xdb495b3215dabd62718231eb6bae90a21188c87fdf361b69372cb1e3939a3ceb,0xa9d1e08c7793af67e9d92fe308d5697fb81d3e43,0x7ecccabb5e4ff4537f70b0a5018e8c0cfd53fff4,71342.78696503,,,,ATA,erc20,"{'value': '0x0f1b800f2268d5c5fc00', 'address': '0xa2120b9e674d3fc3875f415a7df52e382f141225', 'decimal': '0x12'}",{'blockTimestamp': '2022-09-29T16:59:11.000Z'}
69,0xeea62f,0xca5bbe978c40733416566aaae8877e760670ad25b59d463c4d9a24c370293f24:log:219,0xca5bbe978c40733416566aaae8877e760670ad25b59d463c4d9a24c370293f24,0xa9d1e08c7793af67e9d92fe308d5697fb81d3e43,0x7ecccabb5e4ff4537f70b0a5018e8c0cfd53fff4,898314.8146986701,,,,ATA,erc20,"{'value': '0xbe39be620c91f63d4c00', 'address': '0xa2120b9e674d3fc3875f415a7df52e382f141225', 'decimal': '0x12'}",{'blockTimestamp': '2022-09-29T16:12:23.000Z'}
70,0xeea088,0xbacee93763873381b11a1012da4de0bc809a34ae9a22ebda1960232fffcfd2ca:log:1066,0xbacee93763873381b11a1012da4de0bc809a34ae9a22ebda1960232fffcfd2ca,0xb638c9ed38621892c52611fac202aca483482c0d,0xa9d1e08c7793af67e9d92fe308d5697fb81d3e43,422277.0,,,,ATA,erc20,"{'value': '0x596bae9a24911af40000', 'address': '0xa2120b9e674d3fc3875f415a7df52e382f141225', 'decimal': '0x12'}",{'blockTimestamp': '2022-09-29T11:20:11.000Z'}
71,0xeea058,0x1c617519b90b85b9e4e75b0d236fab25edf4ed562289f9fa0fd67bc6db1ba55f:log:149,0x1c617519b90b85b9e4e75b0d236fab25edf4ed562289f9fa0fd67bc6db1ba55f,0x21a31ee1afc51d94c2efccaa2092ad1028285549,0xb638c9ed38621892c52611fac202aca483482c0d,422277.0,,,,ATA,erc20,"{'value': '0x596bae9a24911af40000', 'address': '0xa2120b9e674d3fc3875f415a7df52e382f141225', 'decimal': '0x12'}",{'blockTimestamp': '2022-09-29T11:10:35.000Z'}
72,0xeea043,0xc96731720570fe760f3edff7c684d4dd798ea26f4c44ec13e1019474f2a11150:log:52,0xc96731720570fe760f3edff7c684d4dd798ea26f4c44ec13e1019474f2a11150,0x28c6c06298d514db089934071355e5743bf21d60,0xf8f13d017906dcf99f8af7a86619187a28efff73,1027.0,,,,ATA,erc20,"{'value': '0x37ac7cf2b8862c0000', 'address': '0xa2120b9e674d3fc3875f415a7df52e382f141225', 'decimal': '0x12'}",{'blockTimestamp': '2022-09-29T11:06:23.000Z'}
73,0xee9b7b,0xc9b676198ed568eff25ffef2b4a77d8c811102e6812d741906924ea524df1cb7:log:397,0xc9b676198ed568eff25ffef2b4a77d8c811102e6812d741906924ea524df1cb7,0x7ecccabb5e4ff4537f70b0a5018e8c0cfd53fff4,0x28c6c06298d514db089934071355e5743bf21d60,635235.90110511,,,,ATA,erc20,"{'value': '0x8684350b1f0ca282dc00', 'address': '0xa2120b9e674d3fc3875f415a7df52e382f141225', 'decimal': '0x12'}",{'blockTimestamp': '2022-09-29T07:00:23.000Z'}
74,0xee98e6,0x2905e0df7c6b8ba3a09e3d54a811e346277ed1ed7b818d76b69ef01ef90ac6b0:log:117,0x2905e0df7c6b8ba3a09e3d54a811e346277ed1ed7b818d76b69ef01ef90ac6b0,0xa9d1e08c7793af67e9d92fe308d5697fb81d3e43,0x7ecccabb5e4ff4537f70b0a5018e8c0cfd53fff4,635235.90110511,,,,ATA,erc20,"{'value': '0x8684350b1f0ca282dc00', 'address': '0xa2120b9e674d3fc3875f415a7df52e382f141225', 'decimal': '0x12'}",{'blockTimestamp': '2022-09-29T04:47:11.000Z'}
75,0xee96d1,0x15864ff95e8a3ce21ad5b57703cc5210a1c0ed2d021b63666e0cc5ca6090ab6e:log:622,0x15864ff95e8a3ce21ad5b57703cc5210a1c0ed2d021b63666e0cc5ca6090ab6e,0xd8259173fb6ae1fb2462213bc1fe951c41a35a59,0x28c6c06298d514db089934071355e5743bf21d60,2372.0,,,,ATA,erc20,"{'value': '0x80961cd89afa900000', 'address': '0xa2120b9e674d3fc3875f415a7df52e382f141225', 'decimal': '0x12'}",{'blockTimestamp': '2022-09-29T03:00:23.000Z'}
76,0xee96d1,0xfa2291816f9201eea5112c29a64827c9226dcf3f6c296cd72469bd87f9e5854e:log:621,0xfa2291816f9201eea5112c29a64827c9226dcf3f6c296cd72469bd87f9e5854e,0xf05e2a70346560d3228c7002194bb7c5dc8fe100,0x28c6c06298d514db089934071355e5743bf21d60,178419.0,,,,ATA,erc20,"{'value': '0x25c81d05db9fc3ec0000', 'address': '0xa2120b9e674d3fc3875f415a7df52e382f141225', 'decimal': '0x12'}",{'blockTimestamp': '2022-09-29T03:00:23.000Z'}
77,0xee96a1,0x36b4119c4f6ecabdc85471966a080dded00aa94975d8ab78ee2440b377f1ff01:log:362,0x36b4119c4f6ecabdc85471966a080dded00aa94975d8ab78ee2440b377f1ff01,0x3c02290922a3618a4646e3bbca65853ea45fe7c6,0xd8259173fb6ae1fb2462213bc1fe951c41a35a59,2372.0,,,,ATA,erc20,"{'value': '0x80961cd89afa900000', 'address': '0xa2120b9e674d3fc3875f415a7df52e382f141225', 'decimal': '0x12'}",{'blockTimestamp': '2022-09-29T02:50:23.000Z'}
78,0xee95be,0x0ee1dad112422a69eaaa462a7c6b8ddc5907eaccb4c2732813b6d90a3d0772b7:log:119,0x0ee1dad112422a69eaaa462a7c6b8ddc5907eaccb4c2732813b6d90a3d0772b7,0xf16e9b0d03470827a95cdfd0cb8a8a3b46969b91,0xf05e2a70346560d3228c7002194bb7c5dc8fe100,178419.0,,,,ATA,erc20,"{'value': '0x25c81d05db9fc3ec0000', 'address': '0xa2120b9e674d3fc3875f415a7df52e382f141225', 'decimal': '0x12'}",{'blockTimestamp': '2022-09-29T02:04:59.000Z'}
79,0xee7c63,0x37f262dd1d0c32a2930ad8beee83d505da9138ba127387807cc5c6cb17c222a2:log:49,0x37f262dd1d0c32a2930ad8beee83d505da9138ba127387807cc5c6cb17c222a2,0x28c6c06298d514db089934071355e5743bf21d60,0xdfd5293d8e347dfe59e90efd55b2956a1343963d,1119948.201,,,,ATA,erc20,"{'value': '0xed28837d3d9f5b8a8000', 'address': '0xa2120b9e674d3fc3875f415a7df52e382f141225', 'decimal': '0x12'}",{'blockTimestamp': '2022-09-28T04:20:47.000Z'}
80,0xee7c39,0x3dada8688cf34657566059ac055397e34873ac31e58c8b243f6382070a963123:log:10,0x3dada8688cf34657566059ac055397e34873ac31e58c8b243f6382070a963123,0xb638c9ed38621892c52611fac202aca483482c0d,0xa9d1e08c7793af67e9d92fe308d5697fb81d3e43,354287.0,,,,ATA,erc20,"{'value': '0x4b05efcf1f06825c0000', 'address': '0xa2120b9e674d3fc3875f415a7df52e382f141225', 'decimal': '0x12'}",{'blockTimestamp': '2022-09-28T04:12:23.000Z'}
81,0xee7c28,0x54383ab658abbe3c9fafb136323e50588a0935e1098c85081439d7c620375501:log:72,0x54383ab658abbe3c9fafb136323e50588a0935e1098c85081439d7c620375501,0xdfd5293d8e347dfe59e90efd55b2956a1343963d,0xb638c9ed38621892c52611fac202aca483482c0d,354287.0,,,,ATA,erc20,"{'value': '0x4b05efcf1f06825c0000', 'address': '0xa2120b9e674d3fc3875f415a7df52e382f141225', 'decimal': '0x12'}",{'blockTimestamp': '2022-09-28T04:08:59.000Z'}
82,0xee75b5,0xa8d43a8c2c248418b063828697830a7b2cd3263e686fee6f875513abbfdef373:log:366,0xa8d43a8c2c248418b063828697830a7b2cd3263e686fee6f875513abbfdef373,0x733c5570597e609c796399333f0a176e444386ee,0xf16e9b0d03470827a95cdfd0cb8a8a3b46969b91,19047.999999999996,,,,ATA,erc20,"{'value': '0x0408981a275ee8a00000', 'address': '0xa2120b9e674d3fc3875f415a7df52e382f141225', 'decimal': '0x12'}",{'blockTimestamp': '2022-09-27T22:36:35.000Z'}
83,0xee758e,0xd65f6d2d499f2015167066663e99052b5cebbf7bd73e06d8a85cbc190a2d70e0:log:79,0xd65f6d2d499f2015167066663e99052b5cebbf7bd73e06d8a85cbc190a2d70e0,0x21a31ee1afc51d94c2efccaa2092ad1028285549,0x733c5570597e609c796399333f0a176e444386ee,19047.999999999996,,,,ATA,erc20,"{'value': '0x0408981a275ee8a00000', 'address': '0xa2120b9e674d3fc3875f415a7df52e382f141225', 'decimal': '0x12'}",{'blockTimestamp': '2022-09-27T22:28:47.000Z'}
84,0xee7037,0xe19e4773311e703653fcf2b35ecc918a38e6bd0c513f08e3c636540fe7137ead:log:134,0xe19e4773311e703653fcf2b35ecc918a38e6bd0c513f08e3c636540fe7137ead,0xf431666bdc13d00bc0d2661ef756755f0c7086dd,0x3c02290922a3618a4646e3bbca65853ea45fe7c6,15501.28,,,,ATA,erc20,"{'value': '0x034853797eb2db300000', 'address': '0xa2120b9e674d3fc3875f415a7df52e382f141225', 'decimal': '0x12'}",{'blockTimestamp': '2022-09-27T17:51:35.000Z'}
85,0xee6f4c,0xad8cb9a060a9c48aa0f497d4dc838c200d0c3b34b4e0f236950e4dbda127d3cc:log:196,0xad8cb9a060a9c48aa0f497d4dc838c200d0c3b34b4e0f236950e4dbda127d3cc,0x28c6c06298d514db089934071355e5743bf21d60,0xf431666bdc13d00bc0d2661ef756755f0c7086dd,15501.28,,,,ATA,erc20,"{'value': '0x034853797eb2db300000', 'address': '0xa2120b9e674d3fc3875f415a7df52e382f141225', 'decimal': '0x12'}",{'blockTimestamp': '2022-09-27T17:03:59.000Z'}
86,0xee60af,0x9accad0d0d842776b0e4a229b1a0ad4a486b244a63ae897f659295bf877b9a24:log:364,0x9accad0d0d842776b0e4a229b1a0ad4a486b244a63ae897f659295bf877b9a24,0x4347dfeb855addc2443a2ffc0227be4b9c38cdaa,0x28c6c06298d514db089934071355e5743bf21d60,15524.279999999999,,,,ATA,erc20,"{'value': '0x034992a9e8d6e52c0000', 'address': '0xa2120b9e674d3fc3875f415a7df52e382f141225', 'decimal': '0x12'}",{'blockTimestamp': '2022-09-27T04:30:11.000Z'}
87,0xee6038,0xf2e2af304553d2fc5db70f51fd89718f352bec0ed70bffcaa5233cdf28d50955:log:70,0xf2e2af304553d2fc5db70f51fd89718f352bec0ed70bffcaa5233cdf28d50955,0x3c02290922a3618a4646e3bbca65853ea45fe7c6,0x4347dfeb855addc2443a2ffc0227be4b9c38cdaa,15524.279999999999,,,,ATA,erc20,"{'value': '0x034992a9e8d6e52c0000', 'address': '0xa2120b9e674d3fc3875f415a7df52e382f141225', 'decimal': '0x12'}",{'blockTimestamp': '2022-09-27T04:06:23.000Z'}
88,0xee4d81,0xa7af81e246b9715b6f22a926df86924b8928e964ce9cbbdbf9f8afbc02534d17:log:105,0xa7af81e246b9715b6f22a926df86924b8928e964ce9cbbdbf9f8afbc02534d17,0xb40b218e6a6fb49e1507f3f2ef6ef0a01f1ec516,0x28c6c06298d514db089934071355e5743bf21d60,1177.86,,,,ATA,erc20,"{'value': '0x3fda17556e259a0000', 'address': '0xa2120b9e674d3fc3875f415a7df52e382f141225', 'decimal': '0x12'}",{'blockTimestamp': '2022-09-26T12:00:23.000Z'}
89,0xee4d08,0xed7649e844d9b442c09266b5c784a98c3293b89e1b4413ca3f8baf78a073eee7:log:322,0xed7649e844d9b442c09266b5c784a98c3293b89e1b4413ca3f8baf78a073eee7,0x3c02290922a3618a4646e3bbca65853ea45fe7c6,0xb40b218e6a6fb49e1507f3f2ef6ef0a01f1ec516,1177.86,,,,ATA,erc20,"{'value': '0x3fda17556e259a0000', 'address': '0xa2120b9e674d3fc3875f415a7df52e382f141225', 'decimal': '0x12'}",{'blockTimestamp': '2022-09-26T11:36:11.000Z'}
90,0xee383e,0x40f06e1c21c007f3efb0323e3b706e320257aac10130d8b830e74c9acde4abaa:log:82,0x40f06e1c21c007f3efb0323e3b706e320257aac10130d8b830e74c9acde4abaa,0x8c0d4059bc131aad3cd8f616524f8c499a6026fb,0xa9d1e08c7793af67e9d92fe308d5697fb81d3e43,693.201,,,,ATA,erc20,"{'value': '0x259418acc3818e8000', 'address': '0xa2120b9e674d3fc3875f415a7df52e382f141225', 'decimal': '0x12'}",{'blockTimestamp': '2022-09-25T17:45:23.000Z'}
91,0xee380c,0x102460bef7696b0ee6f4df5dcd1576ad77d1a0220cbade8b90caff45090a5521:log:85,0x102460bef7696b0ee6f4df5dcd1576ad77d1a0220cbade8b90caff45090a5521,0xdfd5293d8e347dfe59e90efd55b2956a1343963d,0x8c0d4059bc131aad3cd8f616524f8c499a6026fb,693.201,,,,ATA,erc20,"{'value': '0x259418acc3818e8000', 'address': '0xa2120b9e674d3fc3875f415a7df52e382f141225', 'decimal': '0x12'}",{'blockTimestamp': '2022-09-25T17:35:23.000Z'}
92,0xee1bf2,0xb7afb86d988293e3221bba5ab5c4b7eb3808f79cb04cd90db498fbf8f6f0326c:log:344,0xb7afb86d988293e3221bba5ab5c4b7eb3808f79cb04cd90db498fbf8f6f0326c,0xc2d026eb0e2b348bcd623b8362cf2caca829975d,0x28c6c06298d514db089934071355e5743bf21d60,44641.07142857143,,,,ATA,erc20,"{'value': '0x0973ff5119c0a7b44925', 'address': '0xa2120b9e674d3fc3875f415a7df52e382f141225', 'decimal': '0x12'}",{'blockTimestamp': '2022-09-24T17:30:11.000Z'}
93,0xee1b9f,0xf6526e065c09e3b8423473313a496f825fb9ec387fe4cc2f380b1bbf4a24d011:log:231,0xf6526e065c09e3b8423473313a496f825fb9ec387fe4cc2f380b1bbf4a24d011,0xa548cb6546ce34766e7721370ba1d49bc640409d,0xc2d026eb0e2b348bcd623b8362cf2caca829975d,44641.07142857143,,,,ATA,erc20,"{'value': '0x0973ff5119c0a7b44925', 'address': '0xa2120b9e674d3fc3875f415a7df52e382f141225', 'decimal': '0x12'}",{'blockTimestamp': '2022-09-24T17:13:23.000Z'}
94,0xee1b90,0xaf3dbd58ee780c4ce1d162f6e756ee4d43d7003157b240719b52b5fdc4573fcf:log:34,0xaf3dbd58ee780c4ce1d162f6e756ee4d43d7003157b240719b52b5fdc4573fcf,0xa2120b9e674d3fc3875f415a7df52e382f141225,0xa548cb6546ce34766e7721370ba1d49bc640409d,44641.07142857143,,,,ATA,erc20,"{'value': '0x0973ff5119c0a7b44925', 'address': '0xa2120b9e674d3fc3875f415a7df52e382f141225', 'decimal': '0x12'}",{'blockTimestamp': '2022-09-24T17:10:11.000Z'}
95,0xee1803,0x9706120fdcf6e1e547d0eeafcbb00470f1c1e36d64886b0646ab5893137245af:log:184,0x9706120fdcf6e1e547d0eeafcbb00470f1c1e36d64886b0646ab5893137245af,0x74de5d4fcbf63e00296fd95d33236b9794016631,0x3cae99d06134926a6f719b88c4ab87182f03d862,144.7263473587331,,,,ATA,erc20,"{'value': '0x07d87b462135146378', 'address': '0xa2120b9e674d3fc3875f415a7df52e382f141225', 'decimal': '0x12'}",{'blockTimestamp': '2022-09-24T14:07:59.000Z'}
96,0xee1803,0x9706120fdcf6e1e547d0eeafcbb00470f1c1e36d64886b0646ab5893137245af:log:181,0x9706120fdcf6e1e547d0eeafcbb00470f1c1e36d64886b0646ab5893137245af,0x5654d65578cda52791879751141f2f3d7dc27fe4,0x74de5d4fcbf63e00296fd95d33236b9794016631,144.7263473587331,,,,ATA,erc20,"{'value': '0x07d87b462135146378', 'address': '0xa2120b9e674d3fc3875f415a7df52e382f141225', 'decimal': '0x12'}",{'blockTimestamp': '2022-09-24T14:07:59.000Z'}
97,0xee161c,0x2046fa32db8aca0979a245163de9d16a5e63b40fd52415e9e44e2d5d14d5634e:log:149,0x2046fa32db8aca0979a245163de9d16a5e63b40fd52415e9e44e2d5d14d5634e,0xaad60b6615b9eb13a9b0212af7b298f26dd74e7f,0x28c6c06298d514db089934071355e5743bf21d60,48279.0,,,,ATA,erc20,"{'value': '0x0a3935b7b2e52bfc0000', 'address': '0xa2120b9e674d3fc3875f415a7df52e382f141225', 'decimal': '0x12'}",{'blockTimestamp': '2022-09-24T12:30:11.000Z'}
98,0xee159a,0x3279153fb92c2fa91e85fec8e3377c00b1cf7adbaee65e157b2df69346996a45:log:62,0x3279153fb92c2fa91e85fec8e3377c00b1cf7adbaee65e157b2df69346996a45,0x3c02290922a3618a4646e3bbca65853ea45fe7c6,0xaad60b6615b9eb13a9b0212af7b298f26dd74e7f,48279.0,,,,ATA,erc20,"{'value': '0x0a3935b7b2e52bfc0000', 'address': '0xa2120b9e674d3fc3875f415a7df52e382f141225', 'decimal': '0x12'}",{'blockTimestamp': '2022-09-24T12:04:11.000Z'}
99,0xee1294,0xdeb52dbb5669007411e7f83b59456cf28cc8d83cd6be0951306639f74cb81222:log:98,0xdeb52dbb5669007411e7f83b59456cf28cc8d83cd6be0951306639f74cb81222,0x21a31ee1afc51d94c2efccaa2092ad1028285549,0xdf73953b9421ecbabef03674bc39d9d5c2937c71,470.0,,,,ATA,erc20,"{'value': '0x197a8f6dd551980000', 'address': '0xa2120b9e674d3fc3875f415a7df52e382f141225', 'decimal': '0x12'}",{'blockTimestamp': '2022-09-24T09:28:35.000Z'}
100,0xee0f96,0x9db714951962d758b499b8b751e04ef31aad3a4107311533b97d656a7235057a:log:18,0x9db714951962d758b499b8b751e04ef31aad3a4107311533b97d656a7235057a,0xa2120b9e674d3fc3875f415a7df52e382f141225,0x7f25b76932ca2ad171f4addb5eb190c47c11fc43,29760.714285714286,,,,ATA,erc20,"{'value': '0x064d54e0bbd5c522db6d', 'address': '0xa2120b9e674d3fc3875f415a7df52e382f141225', 'decimal': '0x12'}",{'blockTimestamp': '2022-09-24T06:54:59.000Z'}
101,0xee02ad,0x9c6b0182cbe7543e6bde6f443f763d196b318208d507eba227f1d652a0a497d7:log:5,0x9c6b0182cbe7543e6bde6f443f763d196b318208d507eba227f1d652a0a497d7,0x8594d8e9483473626908648a5539d9d65ca2fe8d,0x40ec5b33f54e0e8a33a975908c5ba1c14e5bbbdf,419.6837398856644,,,,ATA,erc20,"{'value': '0x16c04829d8a476e266', 'address': '0xa2120b9e674d3fc3875f415a7df52e382f141225', 'decimal': '0x12'}",{'blockTimestamp': '2022-09-23T19:51:59.000Z'}
102,0xee02ab,0x2e63d5e9f4e3b895dcaca42d61fb8c0d42beeabb181e0ceec694cf6bd5033322:log:50,0x2e63d5e9f4e3b895dcaca42d61fb8c0d42beeabb181e0ceec694cf6bd5033322,0x5654d65578cda52791879751141f2f3d7dc27fe4,0x8594d8e9483473626908648a5539d9d65ca2fe8d,419.6837398856644,,,,ATA,erc20,"{'value': '0x16c04829d8a476e266', 'address': '0xa2120b9e674d3fc3875f415a7df52e382f141225', 'decimal': '0x12'}",{'blockTimestamp': '2022-09-23T19:51:35.000Z'}
103,0xee021f,0xe57f967720a27b4dafc4bf4965c8bf0727e672b632f943383836f22d1eb5974a:log:102,0xe57f967720a27b4dafc4bf4965c8bf0727e672b632f943383836f22d1eb5974a,0xe66b31678d6c16e9ebf358268a790b763c133750,0x5654d65578cda52791879751141f2f3d7dc27fe4,518.7317015612209,,,,ATA,erc20,"{'value': '0x1c1ed936362a8467f0', 'address': '0xa2120b9e674d3fc3875f415a7df52e382f141225', 'decimal': '0x12'}",{'blockTimestamp': '2022-09-23T19:23:35.000Z'}
104,0xee021f,0xe57f967720a27b4dafc4bf4965c8bf0727e672b632f943383836f22d1eb5974a:log:99,0xe57f967720a27b4dafc4bf4965c8bf0727e672b632f943383836f22d1eb5974a,0x6fcc4876a87bbec8f6b2502789828d55849d7f9f,0xe66b31678d6c16e9ebf358268a790b763c133750,518.7317015612209,,,,ATA,erc20,"{'value': '0x1c1ed936362a8467f0', 'address': '0xa2120b9e674d3fc3875f415a7df52e382f141225', 'decimal': '0x12'}",{'blockTimestamp': '2022-09-23T19:23:35.000Z'}
105,0xee021f,0xe57f967720a27b4dafc4bf4965c8bf0727e672b632f943383836f22d1eb5974a:log:97,0xe57f967720a27b4dafc4bf4965c8bf0727e672b632f943383836f22d1eb5974a,0x6fcc4876a87bbec8f6b2502789828d55849d7f9f,0x382ffce2287252f930e1c8dc9328dac5bf282ba1,5.23971415718405,,,,ATA,erc20,"{'value': '0x48b73443c78a6350', 'address': '0xa2120b9e674d3fc3875f415a7df52e382f141225', 'decimal': '0x12'}",{'blockTimestamp': '2022-09-23T19:23:35.000Z'}
106,0xedfbae,0xa6f70d4e68508d4bf2b516f2dff52c97f72be18d15ee18d9a804983a31c54c08:log:117,0xa6f70d4e68508d4bf2b516f2dff52c97f72be18d15ee18d9a804983a31c54c08,0x28c6c06298d514db089934071355e5743bf21d60,0x478271c960137418c9d90082dddbf68aa72e4367,329970.7,,,,ATA,erc20,"{'value': '0x45dfbf5b7e4deb4e0000', 'address': '0xa2120b9e674d3fc3875f415a7df52e382f141225', 'decimal': '0x12'}",{'blockTimestamp': '2022-09-23T13:51:47.000Z'}
107,0xedf8a3,0xf9931c7ebfbfd5718120c43d0fdc2f89496b10e3e7e2ca65d1e96ea898ba250e:log:322,0xf9931c7ebfbfd5718120c43d0fdc2f89496b10e3e7e2ca65d1e96ea898ba250e,0x2854d0c0903cc4013c11fb0a637030f56d0b358e,0x1fc8f78bcea86191b06585ff42998f2714cb29ca,782.9472999999999,,,,ATA,erc20,"{'value': '0x2a7193951e0f324000', 'address': '0xa2120b9e674d3fc3875f415a7df52e382f141225', 'decimal': '0x12'}",{'blockTimestamp': '2022-09-23T11:15:11.000Z'}
108,0xede5e0,0xf6ec42503ab1cb69edc5462daf5c5477d9fc239d81a0b39450947cb3f335c3e9:log:51,0xf6ec42503ab1cb69edc5462daf5c5477d9fc239d81a0b39450947cb3f335c3e9,0xb638c9ed38621892c52611fac202aca483482c0d,0xa9d1e08c7793af67e9d92fe308d5697fb81d3e43,680308.0,,,,ATA,erc20,"{'value': '0x900f921165bcbd500000', 'address': '0xa2120b9e674d3fc3875f415a7df52e382f141225', 'decimal': '0x12'}",{'blockTimestamp': '2022-09-22T19:10:23.000Z'}
109,0xede5b4,0x0f1a1d41551533b4de63745a5e1b5ca5563acca2c3e8088dc2895427872430f3:log:88,0x0f1a1d41551533b4de63745a5e1b5ca5563acca2c3e8088dc2895427872430f3,0xdfd5293d8e347dfe59e90efd55b2956a1343963d,0xb638c9ed38621892c52611fac202aca483482c0d,680308.0,,,,ATA,erc20,"{'value': '0x900f921165bcbd500000', 'address': '0xa2120b9e674d3fc3875f415a7df52e382f141225', 'decimal': '0x12'}",{'blockTimestamp': '2022-09-22T19:01:35.000Z'}
110,0xeddc66,0xef01c71b214ea19817014da993a68046e7a91fc480c2cc9dcf0c61b2c0142f2c:log:275,0xef01c71b214ea19817014da993a68046e7a91fc480c2cc9dcf0c61b2c0142f2c,0x8989d3b8ffd01f2dbfc962fd9cfc0f85ff46e3c5,0x95b564f3b3bae3f206aa418667ba000afafacc8a,11896.84485379,,,,ATA,erc20,"{'value': '0x0284ede3725626f7ac00', 'address': '0xa2120b9e674d3fc3875f415a7df52e382f141225', 'decimal': '0x12'}",{'blockTimestamp': '2022-09-22T11:02:11.000Z'}
111,0xedd320,0xcc12acae40e039420da92920dffb49913e235d49fb6bbeb2b5f68d33ae05af6e:log:71,0xcc12acae40e039420da92920dffb49913e235d49fb6bbeb2b5f68d33ae05af6e,0xf05e2a70346560d3228c7002194bb7c5dc8fe100,0x28c6c06298d514db089934071355e5743bf21d60,49471.0,,,,ATA,erc20,"{'value': '0x0a79d40a6768959c0000', 'address': '0xa2120b9e674d3fc3875f415a7df52e382f141225', 'decimal': '0x12'}",{'blockTimestamp': '2022-09-22T03:03:23.000Z'}
112,0xedd2e7,0x62aef400bf65b772bc942f7b7da83c52d434bb81a11fd62f14771e0443da9926:log:20,0x62aef400bf65b772bc942f7b7da83c52d434bb81a11fd62f14771e0443da9926,0xf16e9b0d03470827a95cdfd0cb8a8a3b46969b91,0xf05e2a70346560d3228c7002194bb7c5dc8fe100,49471.0,,,,ATA,erc20,"{'value': '0x0a79d40a6768959c0000', 'address': '0xa2120b9e674d3fc3875f415a7df52e382f141225', 'decimal': '0x12'}",{'blockTimestamp': '2022-09-22T02:51:59.000Z'}
113,0xedc2dd,0x8d6cc8661789184738a8f58defe5d7d340b71e81bb6bb97a876a686104949a6c:log:226,0x8d6cc8661789184738a8f58defe5d7d340b71e81bb6bb97a876a686104949a6c,0xa2120b9e674d3fc3875f415a7df52e382f141225,0x48a337bf30bd29b9a4b7dea7b0a1ca4ae261b6b7,14880.357142857143,,,,ATA,erc20,"{'value': '0x0326aa705deae2916db7', 'address': '0xa2120b9e674d3fc3875f415a7df52e382f141225', 'decimal': '0x12'}",{'blockTimestamp': '2022-09-21T13:01:47.000Z'}
114,0xedc243,0x988c397c0639f0b6e750a1b9a0b9f4728c084c94e06c496a36e2a8e2f94102eb:log:232,0x988c397c0639f0b6e750a1b9a0b9f4728c084c94e06c496a36e2a8e2f94102eb,0x48c04ed5691981c42154c6167398f95e8f38a7ff,0xab23dfd1026b74d2b810b80e18d3d77ccc4a7607,94.35424257000001,,,,ATA,erc20,"{'value': '0x051d6d9bb50be3e400', 'address': '0xa2120b9e674d3fc3875f415a7df52e382f141225', 'decimal': '0x12'}",{'blockTimestamp': '2022-09-21T12:30:59.000Z'}
115,0xedbe1a,0xfd67f4bfe9f576156f1f8bea85d34a80fbe84c2a28e2bb26a475784fe3a9fa54:log:215,0xfd67f4bfe9f576156f1f8bea85d34a80fbe84c2a28e2bb26a475784fe3a9fa54,0xd8f7c8c89efe493740fbe2d5cbc0671112c884fd,0x3c02290922a3618a4646e3bbca65853ea45fe7c6,41096.0,,,,ATA,erc20,"{'value': '0x08b3d191580f6d200000', 'address': '0xa2120b9e674d3fc3875f415a7df52e382f141225', 'decimal': '0x12'}",{'blockTimestamp': '2022-09-21T08:51:23.000Z'}
116,0xedbde2,0xd94770ca042b439c261c2d1bfd8270afbcd46e06cc419b817d5cb68ae2af29bd:log:108,0xd94770ca042b439c261c2d1bfd8270afbcd46e06cc419b817d5cb68ae2af29bd,0x21a31ee1afc51d94c2efccaa2092ad1028285549,0xd8f7c8c89efe493740fbe2d5cbc0671112c884fd,41096.0,,,,ATA,erc20,"{'value': '0x08b3d191580f6d200000', 'address': '0xa2120b9e674d3fc3875f415a7df52e382f141225', 'decimal': '0x12'}",{'blockTimestamp': '2022-09-21T08:39:35.000Z'}
117,0xedb949,0x1432c08a4372625eafc597e92123ab6543ce646b9c7e1ce8a3c975f60a1e0d11:log:116,0x1432c08a4372625eafc597e92123ab6543ce646b9c7e1ce8a3c975f60a1e0d11,0x78f36b20b3297de1844b9accb1acdcdb721bd4c1,0xa9d1e08c7793af67e9d92fe308d5697fb81d3e43,500.0,,,,ATA,erc20,"{'value': '0x1b1ae4d6e2ef500000', 'address': '0xa2120b9e674d3fc3875f415a7df52e382f141225', 'decimal': '0x12'}",{'blockTimestamp': '2022-09-21T04:30:11.000Z'}
118,0xedb90f,0x6f2466f2bb82e2889ba43a923b14761b9eb79fb738565574acc1ea4fdc7a7646:log:74,0x6f2466f2bb82e2889ba43a923b14761b9eb79fb738565574acc1ea4fdc7a7646,0x28c6c06298d514db089934071355e5743bf21d60,0x78f36b20b3297de1844b9accb1acdcdb721bd4c1,500.0,,,,ATA,erc20,"{'value': '0x1b1ae4d6e2ef500000', 'address': '0xa2120b9e674d3fc3875f415a7df52e382f141225', 'decimal': '0x12'}",{'blockTimestamp': '2022-09-21T04:18:35.000Z'}
119,0xedb90d,0xc61cba205d81984b6142b5aeafdc95ba949b1c696324283b16ebe611752a5008:log:209,0xc61cba205d81984b6142b5aeafdc95ba949b1c696324283b16ebe611752a5008,0xdfd5293d8e347dfe59e90efd55b2956a1343963d,0xd4f98bc12b5dd9a71bb2e4de0f5660b5040d08a8,750.0,,,,ATA,erc20,"{'value': '0x28a857425466f80000', 'address': '0xa2120b9e674d3fc3875f415a7df52e382f141225', 'decimal': '0x12'}",{'blockTimestamp': '2022-09-21T04:18:11.000Z'}
120,0xedb08b,0xb4ef147c0daef846ce6d273f43c07f16cca39f312ab152410d1a17692aaeab15:log:340,0xb4ef147c0daef846ce6d273f43c07f16cca39f312ab152410d1a17692aaeab15,0x7ecccabb5e4ff4537f70b0a5018e8c0cfd53fff4,0x28c6c06298d514db089934071355e5743bf21d60,123502.30571085999,,,,ATA,erc20,"{'value': '0x1a2712cadcc4833f7800', 'address': '0xa2120b9e674d3fc3875f415a7df52e382f141225', 'decimal': '0x12'}",{'blockTimestamp': '2022-09-20T21:00:11.000Z'}
121,0xedb023,0xaebefeff1150e21b1b0f730fa9f3b78f8f697a435693fe05c9d616864c6a2157:log:186,0xaebefeff1150e21b1b0f730fa9f3b78f8f697a435693fe05c9d616864c6a2157,0xa9d1e08c7793af67e9d92fe308d5697fb81d3e43,0x7ecccabb5e4ff4537f70b0a5018e8c0cfd53fff4,123502.30571085999,,,,ATA,erc20,"{'value': '0x1a2712cadcc4833f7800', 'address': '0xa2120b9e674d3fc3875f415a7df52e382f141225', 'decimal': '0x12'}",{'blockTimestamp': '2022-09-20T20:39:11.000Z'}
122,0xedaff7,0xad8bc8a9b591ef59a2b7dcd74db0503750e07c91b9583adfc0a41015dd8e64d5:log:135,0xad8bc8a9b591ef59a2b7dcd74db0503750e07c91b9583adfc0a41015dd8e64d5,0xd8259173fb6ae1fb2462213bc1fe951c41a35a59,0x28c6c06298d514db089934071355e5743bf21d60,2804.9999999999995,,,,ATA,erc20,"{'value': '0x980f31de791ab40000', 'address': '0xa2120b9e674d3fc3875f415a7df52e382f141225', 'decimal': '0x12'}",{'blockTimestamp': '2022-09-20T20:30:23.000Z'}
123,0xedafc6,0xf7b01649114bd08614d75c35141b1eafd51dd93bf0f22ced70ede94dec17299d:log:16,0xf7b01649114bd08614d75c35141b1eafd51dd93bf0f22ced70ede94dec17299d,0x3c02290922a3618a4646e3bbca65853ea45fe7c6,0xd8259173fb6ae1fb2462213bc1fe951c41a35a59,2804.9999999999995,,,,ATA,erc20,"{'value': '0x980f31de791ab40000', 'address': '0xa2120b9e674d3fc3875f415a7df52e382f141225', 'decimal': '0x12'}",{'blockTimestamp': '2022-09-20T20:20:11.000Z'}
124,0xed9953,0x01b5fb29df2172a2d175b761b3dcd6d0d4976425f5afd858d84c8ad16e279118:log:312,0x01b5fb29df2172a2d175b761b3dcd6d0d4976425f5afd858d84c8ad16e279118,0x6e0787c1c75216bbe6cc81abe498710a0419b4f7,0x28c6c06298d514db089934071355e5743bf21d60,5377.0,,,,ATA,erc20,"{'value': '0x01237cdd736edb640000', 'address': '0xa2120b9e674d3fc3875f415a7df52e382f141225', 'decimal': '0x12'}",{'blockTimestamp': '2022-09-20T01:00:47.000Z'}
125,0xed9329,0x8cd8ee52515a71a8e2ea0b4748160ad5801a4dddd110d925af7479b3aa005c8b:log:185,0x8cd8ee52515a71a8e2ea0b4748160ad5801a4dddd110d925af7479b3aa005c8b,0x3c02290922a3618a4646e3bbca65853ea45fe7c6,0x6e0787c1c75216bbe6cc81abe498710a0419b4f7,4406.0,,,,ATA,erc20,"{'value': '0xeed9887802f3180000', 'address': '0xa2120b9e674d3fc3875f415a7df52e382f141225', 'decimal': '0x12'}",{'blockTimestamp': '2022-09-19T19:42:23.000Z'}
126,0xed8ee5,0x28f7bb8dac2509defc866a53d414d139ac4fa0885bf1cd142935a81fdc8e475b:log:416,0x28f7bb8dac2509defc866a53d414d139ac4fa0885bf1cd142935a81fdc8e475b,0xaad60b6615b9eb13a9b0212af7b298f26dd74e7f,0x28c6c06298d514db089934071355e5743bf21d60,43179.0,,,,ATA,erc20,"{'value': '0x0924bcffefda6fcc0000', 'address': '0xa2120b9e674d3fc3875f415a7df52e382f141225', 'decimal': '0x12'}",{'blockTimestamp': '2022-09-19T16:00:59.000Z'}
127,0xed8e50,0x8e1ae5c52dd382984017d3c38fe2a83e1f95e33f7b24e5176cef4453107ea5c2:log:405,0x8e1ae5c52dd382984017d3c38fe2a83e1f95e33f7b24e5176cef4453107ea5c2,0xd8259173fb6ae1fb2462213bc1fe951c41a35a59,0x28c6c06298d514db089934071355e5743bf21d60,4639.0,,,,ATA,erc20,"{'value': '0xfb7b0ec1864d1c0000', 'address': '0xa2120b9e674d3fc3875f415a7df52e382f141225', 'decimal': '0x12'}",{'blockTimestamp': '2022-09-19T15:30:47.000Z'}
128,0xed8c42,0x89e160a0d18ac6705b5580c06cc5bae09cb92561b622fd7f7a946322410ef601:log:2,0x89e160a0d18ac6705b5580c06cc5bae09cb92561b622fd7f7a946322410ef601,0x3c02290922a3618a4646e3bbca65853ea45fe7c6,0xd8259173fb6ae1fb2462213bc1fe951c41a35a59,4639.0,,,,ATA,erc20,"{'value': '0xfb7b0ec1864d1c0000', 'address': '0xa2120b9e674d3fc3875f415a7df52e382f141225', 'decimal': '0x12'}",{'blockTimestamp': '2022-09-19T13:44:23.000Z'}
129,0xed8c41,0xfb09b501ec5d3667739cde05fb172e477c7fb8a16e2d0d6c173683bdedd99c28:log:214,0xfb09b501ec5d3667739cde05fb172e477c7fb8a16e2d0d6c173683bdedd99c28,0x3c02290922a3618a4646e3bbca65853ea45fe7c6,0xaad60b6615b9eb13a9b0212af7b298f26dd74e7f,43179.0,,,,ATA,erc20,"{'value': '0x0924bcffefda6fcc0000', 'address': '0xa2120b9e674d3fc3875f415a7df52e382f141225', 'decimal': '0x12'}",{'blockTimestamp': '2022-09-19T13:44:11.000Z'}
130,0xed89d2,0x5d25199ab4b5bc8b1b874b9d0287784469893479c33e2646743b4d77666e31fd:log:335,0x5d25199ab4b5bc8b1b874b9d0287784469893479c33e2646743b4d77666e31fd,0x733c5570597e609c796399333f0a176e444386ee,0xf16e9b0d03470827a95cdfd0cb8a8a3b46969b91,35151.0,,,,ATA,erc20,"{'value': '0x07718a1e86052bdc0000', 'address': '0xa2120b9e674d3fc3875f415a7df52e382f141225', 'decimal': '0x12'}",{'blockTimestamp': '2022-09-19T11:37:59.000Z'}
131,0xed88a5,0x2eb3cbec9ee07b617d3dbaf3f058bcf3206289fc396f28ff280ed79643851f4a:log:24,0x2eb3cbec9ee07b617d3dbaf3f058bcf3206289fc396f28ff280ed79643851f4a,0x21a31ee1afc51d94c2efccaa2092ad1028285549,0x733c5570597e609c796399333f0a176e444386ee,35151.0,,,,ATA,erc20,"{'value': '0x07718a1e86052bdc0000', 'address': '0xa2120b9e674d3fc3875f415a7df52e382f141225', 'decimal': '0x12'}",{'blockTimestamp': '2022-09-19T10:37:11.000Z'}
132,0xed8439,0x42007b765b2dbd4b43ac885b9bd767e6ba6ca839de98001308f48a71ede4a57d:log:6,0x42007b765b2dbd4b43ac885b9bd767e6ba6ca839de98001308f48a71ede4a57d,0x70f38e70638932f2028afcc4d983c80b84738c25,0x91cb6979a0cb001dd07527da7faca785a0463696,207.759,,,,ATA,erc20,"{'value': '0x0b433c3dbee2618000', 'address': '0xa2120b9e674d3fc3875f415a7df52e382f141225', 'decimal': '0x12'}",{'blockTimestamp': '2022-09-19T06:48:47.000Z'}
133,0xed7e0d,0x0d87f79d6400b016bc776abded0aa3b85f03b87947f7850159dd6d5f4ff632f2:log:316,0x0d87f79d6400b016bc776abded0aa3b85f03b87947f7850159dd6d5f4ff632f2,0xd500e058137658cbc8ce01119f787c5d4e0f4b4c,0x28c6c06298d514db089934071355e5743bf21d60,1956.0,,,,ATA,erc20,"{'value': '0x6a08f3f4aaf8100000', 'address': '0xa2120b9e674d3fc3875f415a7df52e382f141225', 'decimal': '0x12'}",{'blockTimestamp': '2022-09-19T01:30:23.000Z'}
134,0xed7dde,0xc566cfd77168a6b352953ebb1f5704d3aab81db2372f505ff11f423387a3fbc3:log:145,0xc566cfd77168a6b352953ebb1f5704d3aab81db2372f505ff11f423387a3fbc3,0xafc40fb7ed3b99310bd7f96d954bf8f44dd0d18d,0xd500e058137658cbc8ce01119f787c5d4e0f4b4c,1956.0,,,,ATA,erc20,"{'value': '0x6a08f3f4aaf8100000', 'address': '0xa2120b9e674d3fc3875f415a7df52e382f141225', 'decimal': '0x12'}",{'blockTimestamp': '2022-09-19T01:20:47.000Z'}
135,0xed7cff,0x6c69192675f223e7f50d71f9dbc1a9f903fdcd285d35f2ec67715d3c4129c6f7:log:365,0x6c69192675f223e7f50d71f9dbc1a9f903fdcd285d35f2ec67715d3c4129c6f7,0x733c5570597e609c796399333f0a176e444386ee,0x738cf6903e6c4e699d1c2dd9ab8b67fcdb3121ea,12325.0,,,,ATA,erc20,"{'value': '0x029c23bc1759f1740000', 'address': '0xa2120b9e674d3fc3875f415a7df52e382f141225', 'decimal': '0x12'}",{'blockTimestamp': '2022-09-19T00:35:59.000Z'}
136,0xed7c04,0x34015560c5a30821b8fb42397675b176bd01d17fe14f0a4f354859c582f31fde:log:147,0x34015560c5a30821b8fb42397675b176bd01d17fe14f0a4f354859c582f31fde,0x28c6c06298d514db089934071355e5743bf21d60,0x733c5570597e609c796399333f0a176e444386ee,12325.0,,,,ATA,erc20,"{'value': '0x029c23bc1759f1740000', 'address': '0xa2120b9e674d3fc3875f415a7df52e382f141225', 'decimal': '0x12'}",{'blockTimestamp': '2022-09-18T23:44:35.000Z'}
137,0xed7be5,0xd76e27184b69705baf438cf8727941b3ddd2eb0f4d679ed96c37eeb490b9cb6d:log:431,0xd76e27184b69705baf438cf8727941b3ddd2eb0f4d679ed96c37eeb490b9cb6d,0x733c5570597e609c796399333f0a176e444386ee,0xf16e9b0d03470827a95cdfd0cb8a8a3b46969b91,24962.0,,,,ATA,erc20,"{'value': '0x05493156d9a7e4c80000', 'address': '0xa2120b9e674d3fc3875f415a7df52e382f141225', 'decimal': '0x12'}",{'blockTimestamp': '2022-09-18T23:38:23.000Z'}
138,0xed7ada,0x22beb54935f3853b7aed52ff71fe844e2b710f9ee105f154d6b99b65c61e15f6:log:100,0x22beb54935f3853b7aed52ff71fe844e2b710f9ee105f154d6b99b65c61e15f6,0xdfd5293d8e347dfe59e90efd55b2956a1343963d,0x733c5570597e609c796399333f0a176e444386ee,24962.0,,,,ATA,erc20,"{'value': '0x05493156d9a7e4c80000', 'address': '0xa2120b9e674d3fc3875f415a7df52e382f141225', 'decimal': '0x12'}",{'blockTimestamp': '2022-09-18T22:44:35.000Z'}
139,0xed775c,0x9109c5899e619118ce75750f91c5be3a47c20abeccfcedb1f7fac6a455d22e59:log:126,0x9109c5899e619118ce75750f91c5be3a47c20abeccfcedb1f7fac6a455d22e59,0x21a31ee1afc51d94c2efccaa2092ad1028285549,0x8989d3b8ffd01f2dbfc962fd9cfc0f85ff46e3c5,11896.84485379,,,,ATA,erc20,"{'value': '0x0284ede3725626f7ac00', 'address': '0xa2120b9e674d3fc3875f415a7df52e382f141225', 'decimal': '0x12'}",{'blockTimestamp': '2022-09-18T19:43:11.000Z'}
140,0xed765a,0x09b0220ea24bbce3148c5bbd3ff53df715d60b2a8f8a469f0d88e7d20ce83e7b:log:62,0x09b0220ea24bbce3148c5bbd3ff53df715d60b2a8f8a469f0d88e7d20ce83e7b,0xd8f7c8c89efe493740fbe2d5cbc0671112c884fd,0x3c02290922a3618a4646e3bbca65853ea45fe7c6,69653.0,,,,ATA,erc20,"{'value': '0x0ebfe58dde96fb340000', 'address': '0xa2120b9e674d3fc3875f415a7df52e382f141225', 'decimal': '0x12'}",{'blockTimestamp': '2022-09-18T18:51:23.000Z'}
141,0xed7585,0xfbc7fccd8f65223202c15d876218500c5a8c7f2df95139b3ffe88e47d913a4ad:log:140,0xfbc7fccd8f65223202c15d876218500c5a8c7f2df95139b3ffe88e47d913a4ad,0x28c6c06298d514db089934071355e5743bf21d60,0xd8f7c8c89efe493740fbe2d5cbc0671112c884fd,35355.0,,,,ATA,erc20,"{'value': '0x077c99301d2e8f8c0000', 'address': '0xa2120b9e674d3fc3875f415a7df52e382f141225', 'decimal': '0x12'}",{'blockTimestamp': '2022-09-18T18:08:35.000Z'}
142,0xed7569,0xe6ebd045f250ef2c80a89269b7542a4d3eac345a8f991238a976d438dfabe726:log:60,0xe6ebd045f250ef2c80a89269b7542a4d3eac345a8f991238a976d438dfabe726,0xdfd5293d8e347dfe59e90efd55b2956a1343963d,0xd8f7c8c89efe493740fbe2d5cbc0671112c884fd,34298.0,,,,ATA,erc20,"{'value': '0x07434c5dc1686ba80000', 'address': '0xa2120b9e674d3fc3875f415a7df52e382f141225', 'decimal': '0x12'}",{'blockTimestamp': '2022-09-18T18:02:59.000Z'}
143,0xed7041,0xf95f3fba5548a50624a521c4d4b0b416309084393878407a1a323f6942da4930:log:299,0xf95f3fba5548a50624a521c4d4b0b416309084393878407a1a323f6942da4930,0xffefd149590c41499e2f63f2536d9133c8dc3069,0x738cf6903e6c4e699d1c2dd9ab8b67fcdb3121ea,14880.357142857143,,,,ATA,erc20,"{'value': '0x0326aa705deae2916db7', 'address': '0xa2120b9e674d3fc3875f415a7df52e382f141225', 'decimal': '0x12'}",{'blockTimestamp': '2022-09-18T13:35:59.000Z'}
144,0xed6f0e,0x03e0e56c5d7302dc1184c7157b8e9980d1cbe56bb1a21232c44d8cfeb8817ca8:log:396,0x03e0e56c5d7302dc1184c7157b8e9980d1cbe56bb1a21232c44d8cfeb8817ca8,0x2165ffc3b1c7ee4a618ecdf3d025625f30112e4e,0xffefd149590c41499e2f63f2536d9133c8dc3069,14880.357142857143,,,,ATA,erc20,"{'value': '0x0326aa705deae2916db7', 'address': '0xa2120b9e674d3fc3875f415a7df52e382f141225', 'decimal': '0x12'}",{'blockTimestamp': '2022-09-18T12:34:23.000Z'}
145,0xed6946,0x158276a76dadbb00341e630a97293dc491c5a48431f3977d6a964bd463f3a79a:log:342,0x158276a76dadbb00341e630a97293dc491c5a48431f3977d6a964bd463f3a79a,0x733c5570597e609c796399333f0a176e444386ee,0xf16e9b0d03470827a95cdfd0cb8a8a3b46969b91,12326.0,,,,ATA,erc20,"{'value': '0x029c319cce0d98d80000', 'address': '0xa2120b9e674d3fc3875f415a7df52e382f141225', 'decimal': '0x12'}",{'blockTimestamp': '2022-09-18T07:35:59.000Z'}
146,0xed6851,0xb48ab5b01ece156b89e1e7c6bf26b2e615dbfb86ad7fa030d7c83b51bec414ca:log:128,0xb48ab5b01ece156b89e1e7c6bf26b2e615dbfb86ad7fa030d7c83b51bec414ca,0x21a31ee1afc51d94c2efccaa2092ad1028285549,0x733c5570597e609c796399333f0a176e444386ee,12326.0,,,,ATA,erc20,"{'value': '0x029c319cce0d98d80000', 'address': '0xa2120b9e674d3fc3875f415a7df52e382f141225', 'decimal': '0x12'}",{'blockTimestamp': '2022-09-18T06:46:11.000Z'}
147,0xed66e2,0x622502735d91b61373471e806ce6796a6d7e8f8f7df2f87cc73f24a871a8b473:log:5,0x622502735d91b61373471e806ce6796a6d7e8f8f7df2f87cc73f24a871a8b473,0xa2120b9e674d3fc3875f415a7df52e382f141225,0x70031213c95deecfa44a6c438bca25134a292eef,20832.5,,,,ATA,erc20,"{'value': '0x04695503b6af3d320000', 'address': '0xa2120b9e674d3fc3875f415a7df52e382f141225', 'decimal': '0x12'}",{'blockTimestamp': '2022-09-18T05:31:59.000Z'}
148,0xed5dbf,0xf4f35dc3f3c33834931f65c1d3d42d24bfec1977243e3164a5dee62c9e0f5617:log:342,0xf4f35dc3f3c33834931f65c1d3d42d24bfec1977243e3164a5dee62c9e0f5617,0x733c5570597e609c796399333f0a176e444386ee,0xf16e9b0d03470827a95cdfd0cb8a8a3b46969b91,12325.0,,,,ATA,erc20,"{'value': '0x029c23bc1759f1740000', 'address': '0xa2120b9e674d3fc3875f415a7df52e382f141225', 'decimal': '0x12'}",{'blockTimestamp': '2022-09-17T21:39:59.000Z'}
149,0xed5cdb,0x0899cff44f56035d67aeef88538301c9ef553aa66dc7de3924f6162e69e7a770:log:164,0x0899cff44f56035d67aeef88538301c9ef553aa66dc7de3924f6162e69e7a770,0x28c6c06298d514db089934071355e5743bf21d60,0x733c5570597e609c796399333f0a176e444386ee,12325.0,,,,ATA,erc20,"{'value': '0x029c23bc1759f1740000', 'address': '0xa2120b9e674d3fc3875f415a7df52e382f141225', 'decimal': '0x12'}",{'blockTimestamp': '2022-09-17T20:53:59.000Z'}
150,0xed5cb3,0xbfea2770df85a509517f0ebb92be4b25354a45a78e30db878e74b81f64d03bce:log:320,0xbfea2770df85a509517f0ebb92be4b25354a45a78e30db878e74b81f64d03bce,0x733c5570597e609c796399333f0a176e444386ee,0xf16e9b0d03470827a95cdfd0cb8a8a3b46969b91,12325.0,,,,ATA,erc20,"{'value': '0x029c23bc1759f1740000', 'address': '0xa2120b9e674d3fc3875f415a7df52e382f141225', 'decimal': '0x12'}",{'blockTimestamp': '2022-09-17T20:45:59.000Z'}
151,0xed5b79,0x34f774802a5954c10676e2a4946c0f30c0dad4aee3a58bf1cb86e104651d945d:log:399,0x34f774802a5954c10676e2a4946c0f30c0dad4aee3a58bf1cb86e104651d945d,0xdfd5293d8e347dfe59e90efd55b2956a1343963d,0x733c5570597e609c796399333f0a176e444386ee,12325.0,,,,ATA,erc20,"{'value': '0x029c23bc1759f1740000', 'address': '0xa2120b9e674d3fc3875f415a7df52e382f141225', 'decimal': '0x12'}",{'blockTimestamp': '2022-09-17T19:41:47.000Z'}
152,0xed5965,0xeabea19f7e12061ab23ad2eebb6e0daf44678a900fb2a9fdfd11e394c5e98ddb:log:189,0xeabea19f7e12061ab23ad2eebb6e0daf44678a900fb2a9fdfd11e394c5e98ddb,0x733c5570597e609c796399333f0a176e444386ee,0x738cf6903e6c4e699d1c2dd9ab8b67fcdb3121ea,12325.0,,,,ATA,erc20,"{'value': '0x029c23bc1759f1740000', 'address': '0xa2120b9e674d3fc3875f415a7df52e382f141225', 'decimal': '0x12'}",{'blockTimestamp': '2022-09-17T17:53:59.000Z'}
153,0xed587b,0x0b205028d52773a3817b110053338b527224644dac8a7d348f7f2f5ff60fe8ac:log:118,0x0b205028d52773a3817b110053338b527224644dac8a7d348f7f2f5ff60fe8ac,0x21a31ee1afc51d94c2efccaa2092ad1028285549,0x733c5570597e609c796399333f0a176e444386ee,12325.0,,,,ATA,erc20,"{'value': '0x029c23bc1759f1740000', 'address': '0xa2120b9e674d3fc3875f415a7df52e382f141225', 'decimal': '0x12'}",{'blockTimestamp': '2022-09-17T17:06:47.000Z'}
154,0xed580b,0x691f029f8ecc49ebd2f790acc200ce842efb2b0bf07d33f07e93b28d3bbf5b04:log:288,0x691f029f8ecc49ebd2f790acc200ce842efb2b0bf07d33f07e93b28d3bbf5b04,0x733c5570597e609c796399333f0a176e444386ee,0xf16e9b0d03470827a95cdfd0cb8a8a3b46969b91,12325.0,,,,ATA,erc20,"{'value': '0x029c23bc1759f1740000', 'address': '0xa2120b9e674d3fc3875f415a7df52e382f141225', 'decimal': '0x12'}",{'blockTimestamp': '2022-09-17T16:44:23.000Z'}
155,0xed57d8,0xeb3fab3a7b07f5b3babeac6fe21b827ff381bef98197d4c3816b0f842f65b776:log:122,0xeb3fab3a7b07f5b3babeac6fe21b827ff381bef98197d4c3816b0f842f65b776,0x28c6c06298d514db089934071355e5743bf21d60,0x3da412d5234206249d3bda4ffb84f2cf20782a89,77.147,,,,ATA,erc20,"{'value': '0x042ea133c1f70f8000', 'address': '0xa2120b9e674d3fc3875f415a7df52e382f141225', 'decimal': '0x12'}",{'blockTimestamp': '2022-09-17T16:34:11.000Z'}
156,0xed579b,0x29c5bfbf7b9ad73cf2c85343163d236d4721314cefe43885a22c4366882f9702:log:44,0x29c5bfbf7b9ad73cf2c85343163d236d4721314cefe43885a22c4366882f9702,0xdfd5293d8e347dfe59e90efd55b2956a1343963d,0x733c5570597e609c796399333f0a176e444386ee,12325.0,,,,ATA,erc20,"{'value': '0x029c23bc1759f1740000', 'address': '0xa2120b9e674d3fc3875f415a7df52e382f141225', 'decimal': '0x12'}",{'blockTimestamp': '2022-09-17T16:21:59.000Z'}
157,0xed5555,0x32d536e73845022a282761e0d66257229e9f8df86fcf432accf13291c884258e:log:38,0x32d536e73845022a282761e0d66257229e9f8df86fcf432accf13291c884258e,0x48c04ed5691981c42154c6167398f95e8f38a7ff,0xfb8b108403ec39deb2e7248d8956c23454750b63,3319.17254115,,,,ATA,erc20,"{'value': '0xb3eec5b072345f2c00', 'address': '0xa2120b9e674d3fc3875f415a7df52e382f141225', 'decimal': '0x12'}",{'blockTimestamp': '2022-09-17T14:25:11.000Z'}
158,0xed3b0d,0xfc2cc9e178e46051d836cebca4bc1fd46a759104b3536e12d539d3556e76f23d:log:358,0xfc2cc9e178e46051d836cebca4bc1fd46a759104b3536e12d539d3556e76f23d,0x733c5570597e609c796399333f0a176e444386ee,0xf16e9b0d03470827a95cdfd0cb8a8a3b46969b91,12326.0,,,,ATA,erc20,"{'value': '0x029c319cce0d98d80000', 'address': '0xa2120b9e674d3fc3875f415a7df52e382f141225', 'decimal': '0x12'}",{'blockTimestamp': '2022-09-16T15:44:47.000Z'}
159,0xed3a23,0x4c85d201b4e2dcf2d1bfe7feca3fa46d95cc26a9084b6dd049e49c30581b004b:log:86,0x4c85d201b4e2dcf2d1bfe7feca3fa46d95cc26a9084b6dd049e49c30581b004b,0x21a31ee1afc51d94c2efccaa2092ad1028285549,0x733c5570597e609c796399333f0a176e444386ee,12326.0,,,,ATA,erc20,"{'value': '0x029c319cce0d98d80000', 'address': '0xa2120b9e674d3fc3875f415a7df52e382f141225', 'decimal': '0x12'}",{'blockTimestamp': '2022-09-16T14:57:59.000Z'}
160,0xed34b3,0x9c0da9dce98fafa9351f7ea80aeb71dc4ac1d6e5837844dee0771e0177b92bf6:log:123,0x9c0da9dce98fafa9351f7ea80aeb71dc4ac1d6e5837844dee0771e0177b92bf6,0x28c6c06298d514db089934071355e5743bf21d60,0xccf888b4ba95df781dd7fb2ae787fb363c7386a0,23844.0,,,,ATA,erc20,"{'value': '0x050c95f8f512de100000', 'address': '0xa2120b9e674d3fc3875f415a7df52e382f141225', 'decimal': '0x12'}",{'blockTimestamp': '2022-09-16T10:15:47.000Z'}
161,0xed30f8,0xc4902801d61867efe664a418b0021cf4d43d287fb283c7d84352e6cc9d98f9af:log:149,0xc4902801d61867efe664a418b0021cf4d43d287fb283c7d84352e6cc9d98f9af,0x934c20293b62a85ccb6e57ceedb6f1bd3547d223,0x28c6c06298d514db089934071355e5743bf21d60,446410.71428500005,,,,ATA,erc20,"{'value': '0x5e87f92b00e03e4bd000', 'address': '0xa2120b9e674d3fc3875f415a7df52e382f141225', 'decimal': '0x12'}",{'blockTimestamp': '2022-09-16T07:00:23.000Z'}
162,0xed30cd,0x62825d3a402668602c526587cb8c27056c43f9c9afebf7c8e42b588332c276a1:log:331,0x62825d3a402668602c526587cb8c27056c43f9c9afebf7c8e42b588332c276a1,0x0c9df466635bf92485b849315361ad3e5b53939c,0x0d0707963952f2fba59dd06f2b425ace40b492fe,8382.67962279,,,,ATA,erc20,"{'value': '0x01c66d0c8f965f6dbc00', 'address': '0xa2120b9e674d3fc3875f415a7df52e382f141225', 'decimal': '0x12'}",{'blockTimestamp': '2022-09-16T06:51:35.000Z'}
163,0xed30b3,0x13f737d5df88858ea5577db6fefaba93aa75c1d49d8179ac1c68ff08c6b21121:log:71,0x13f737d5df88858ea5577db6fefaba93aa75c1d49d8179ac1c68ff08c6b21121,0x382f421b79fcb9209aaa06a11fcdaceb88abf00e,0x934c20293b62a85ccb6e57ceedb6f1bd3547d223,446410.71428571426,,,,ATA,erc20,"{'value': '0x5e87f92b01868d0adb6e', 'address': '0xa2120b9e674d3fc3875f415a7df52e382f141225', 'decimal': '0x12'}",{'blockTimestamp': '2022-09-16T06:45:59.000Z'}
164,0xed30a1,0x763f572f7d5f145aa13e5f045760e0450f14ffba52072ebe4027180ddf28483e:log:287,0x763f572f7d5f145aa13e5f045760e0450f14ffba52072ebe4027180ddf28483e,0xa2120b9e674d3fc3875f415a7df52e382f141225,0x382f421b79fcb9209aaa06a11fcdaceb88abf00e,446410.71428571426,,,,ATA,erc20,"{'value': '0x5e87f92b01868d0adb6e', 'address': '0xa2120b9e674d3fc3875f415a7df52e382f141225', 'decimal': '0x12'}",{'blockTimestamp': '2022-09-16T06:42:11.000Z'}
165,0xed301c,0x8db3e841ee020abc94c48c0902cb90b72fe66e57a09bacf4af4408c22814b080:log:18,0x8db3e841ee020abc94c48c0902cb90b72fe66e57a09bacf4af4408c22814b080,0xe511162b7117bca076a2bf13ff953bab881e2b44,0x0c9df466635bf92485b849315361ad3e5b53939c,8382.67962279,,,,ATA,erc20,"{'value': '0x01c66d0c8f965f6dbc00', 'address': '0xa2120b9e674d3fc3875f415a7df52e382f141225', 'decimal': '0x12'}",{'blockTimestamp': '2022-09-16T06:15:35.000Z'}
166,0xed2aa0,0xe27c8e4ff6b00d62f4a0b59179f66663c3d3d86fefe112e10c320c3557f0dcc9:log:422,0xe27c8e4ff6b00d62f4a0b59179f66663c3d3d86fefe112e10c320c3557f0dcc9,0x7ecccabb5e4ff4537f70b0a5018e8c0cfd53fff4,0x28c6c06298d514db089934071355e5743bf21d60,811746.48542773,,,,ATA,erc20,"{'value': '0xabe4dd7a7f50e10e3400', 'address': '0xa2120b9e674d3fc3875f415a7df52e382f141225', 'decimal': '0x12'}",{'blockTimestamp': '2022-09-16T01:30:23.000Z'}
167,0xed2a2a,0xd284359b1278f0f962c1f39ee04d26c8b49ebd10bbe2732c6bb69dd2a121eec6:log:60,0xd284359b1278f0f962c1f39ee04d26c8b49ebd10bbe2732c6bb69dd2a121eec6,0xa9d1e08c7793af67e9d92fe308d5697fb81d3e43,0x7ecccabb5e4ff4537f70b0a5018e8c0cfd53fff4,811746.48542773,,,,ATA,erc20,"{'value': '0xabe4dd7a7f50e10e3400', 'address': '0xa2120b9e674d3fc3875f415a7df52e382f141225', 'decimal': '0x12'}",{'blockTimestamp': '2022-09-16T01:06:23.000Z'}
168,0xed2686,0x1ddfc3cd2a017101da10beb6f1caf6f5a9dce7792c07fb393ac2feccb5eba969:log:323,0x1ddfc3cd2a017101da10beb6f1caf6f5a9dce7792c07fb393ac2feccb5eba969,0x91715128a71c9c734cdc20e5edeeea02e72e428e,0x44c3d1b168be54dc31a53dda240ce6aa6108b998,1845214.2857142857,,,,ATA,erc20,"{'value': '0x0186bd44512cdc6ff92493', 'address': '0xa2120b9e674d3fc3875f415a7df52e382f141225', 'decimal': '0x12'}",{'blockTimestamp': '2022-09-15T21:55:35.000Z'}
169,0xed2675,0x489717e896fde44254bee1f7515b7b974bb6fb31814f07550e2b8a3df429b472:log:12,0x489717e896fde44254bee1f7515b7b974bb6fb31814f07550e2b8a3df429b472,0xa2120b9e674d3fc3875f415a7df52e382f141225,0x91715128a71c9c734cdc20e5edeeea02e72e428e,1845214.2857142857,,,,ATA,erc20,"{'value': '0x0186bd44512cdc6ff92493', 'address': '0xa2120b9e674d3fc3875f415a7df52e382f141225', 'decimal': '0x12'}",{'blockTimestamp': '2022-09-15T21:51:59.000Z'}
170,0xed2327,0xd1e5bfc41179af94022013ddfda68d0ca1ce95152167b7b7f7c8b8b20d0fde4e:log:103,0xd1e5bfc41179af94022013ddfda68d0ca1ce95152167b7b7f7c8b8b20d0fde4e,0x28c6c06298d514db089934071355e5743bf21d60,0xdfd5293d8e347dfe59e90efd55b2956a1343963d,948426.0,,,,ATA,erc20,"{'value': '0xc8d646c787b0f4e80000', 'address': '0xa2120b9e674d3fc3875f415a7df52e382f141225', 'decimal': '0x12'}",{'blockTimestamp': '2022-09-15T19:00:47.000Z'}
171,0xed230c,0xd5de9e3287e18df08befc90c172d9cd6ea722f4b9d6b5b49c494f6e0ce33be25:log:138,0xd5de9e3287e18df08befc90c172d9cd6ea722f4b9d6b5b49c494f6e0ce33be25,0xb638c9ed38621892c52611fac202aca483482c0d,0xa9d1e08c7793af67e9d92fe308d5697fb81d3e43,849484.0,,,,ATA,erc20,"{'value': '0xb3e29eb2b8dfc9b00000', 'address': '0xa2120b9e674d3fc3875f415a7df52e382f141225', 'decimal': '0x12'}",{'blockTimestamp': '2022-09-15T18:55:11.000Z'}
172,0xed22d1,0xb1ac3a7aa8a959b31d88a0bb3e60cab625cf972d463f91021432930b9001c086:log:46,0xb1ac3a7aa8a959b31d88a0bb3e60cab625cf972d463f91021432930b9001c086,0xdfd5293d8e347dfe59e90efd55b2956a1343963d,0xb638c9ed38621892c52611fac202aca483482c0d,849484.0,,,,ATA,erc20,"{'value': '0xb3e29eb2b8dfc9b00000', 'address': '0xa2120b9e674d3fc3875f415a7df52e382f141225', 'decimal': '0x12'}",{'blockTimestamp': '2022-09-15T18:43:11.000Z'}
173,0xed1fba,0xbd9a77fd066a2ba83fafbb77f9bd7c71837e9f69dc5ad782da87442033f16c99:log:211,0xbd9a77fd066a2ba83fafbb77f9bd7c71837e9f69dc5ad782da87442033f16c99,0x733c5570597e609c796399333f0a176e444386ee,0xf16e9b0d03470827a95cdfd0cb8a8a3b46969b91,19337.0,,,,ATA,erc20,"{'value': '0x041842c8682ee0840000', 'address': '0xa2120b9e674d3fc3875f415a7df52e382f141225', 'decimal': '0x12'}",{'blockTimestamp': '2022-09-15T16:02:11.000Z'}
174,0xed1ed3,0x8e32b5e7178359d7911ce7a2be6ca48cfe915f6448f7e4828337993ee9174c99:log:177,0x8e32b5e7178359d7911ce7a2be6ca48cfe915f6448f7e4828337993ee9174c99,0x21a31ee1afc51d94c2efccaa2092ad1028285549,0x733c5570597e609c796399333f0a176e444386ee,19337.0,,,,ATA,erc20,"{'value': '0x041842c8682ee0840000', 'address': '0xa2120b9e674d3fc3875f415a7df52e382f141225', 'decimal': '0x12'}",{'blockTimestamp': '2022-09-15T15:15:35.000Z'}
175,0xed1df4,0x530c4361e94814044eded8f8aded6c13eb2c0bfd650c72aecd9f4650f1e54f38:log:321,0x530c4361e94814044eded8f8aded6c13eb2c0bfd650c72aecd9f4650f1e54f38,0xf05e2a70346560d3228c7002194bb7c5dc8fe100,0x28c6c06298d514db089934071355e5743bf21d60,108421.0,,,,ATA,erc20,"{'value': '0x16f583a1c4ec32f40000', 'address': '0xa2120b9e674d3fc3875f415a7df52e382f141225', 'decimal': '0x12'}",{'blockTimestamp': '2022-09-15T14:30:23.000Z'}
176,0xed1d8d,0xedd4cdbde1d222aff498e38ed1c8675ded20fe82fbf48dd843c209fee9a0dad0:log:202,0xedd4cdbde1d222aff498e38ed1c8675ded20fe82fbf48dd843c209fee9a0dad0,0x0d0707963952f2fba59dd06f2b425ace40b492fe,0xf05e2a70346560d3228c7002194bb7c5dc8fe100,108248.0,,,,ATA,erc20,"{'value': '0x16ec22c64d8414600000', 'address': '0xa2120b9e674d3fc3875f415a7df52e382f141225', 'decimal': '0x12'}",{'blockTimestamp': '2022-09-15T14:09:47.000Z'}
177,0xed122d,0xd18b994fa7ab95ab3f2c7e1b2f751cd4a8653ddc9d5c839779e63c190350c5d8:log:523,0xd18b994fa7ab95ab3f2c7e1b2f751cd4a8653ddc9d5c839779e63c190350c5d8,0xd8f7c8c89efe493740fbe2d5cbc0671112c884fd,0x3c02290922a3618a4646e3bbca65853ea45fe7c6,29851.0,,,,ATA,erc20,"{'value': '0x065239d8069fa98c0000', 'address': '0xa2120b9e674d3fc3875f415a7df52e382f141225', 'decimal': '0x12'}",{'blockTimestamp': '2022-09-15T03:50:06.000Z'}
178,0xed118e,0xb5bbe7a86f1fb1f3c7a1052e9f0b46a79b58b54d0dc6bd89bfa37f486b070863:log:318,0xb5bbe7a86f1fb1f3c7a1052e9f0b46a79b58b54d0dc6bd89bfa37f486b070863,0x28c6c06298d514db089934071355e5743bf21d60,0xd8f7c8c89efe493740fbe2d5cbc0671112c884fd,29851.0,,,,ATA,erc20,"{'value': '0x065239d8069fa98c0000', 'address': '0xa2120b9e674d3fc3875f415a7df52e382f141225', 'decimal': '0x12'}",{'blockTimestamp': '2022-09-15T03:09:09.000Z'}
179,0xed041a,0x783f84c1918ca73ebd62b3ea43bab3de07423049ab98fccbc61b6852bbcf6828:log:273,0x783f84c1918ca73ebd62b3ea43bab3de07423049ab98fccbc61b6852bbcf6828,0xa2120b9e674d3fc3875f415a7df52e382f141225,0x2165ffc3b1c7ee4a618ecdf3d025625f30112e4e,14880.357142857143,,,,ATA,erc20,"{'value': '0x0326aa705deae2916db7', 'address': '0xa2120b9e674d3fc3875f415a7df52e382f141225', 'decimal': '0x12'}",{'blockTimestamp': '2022-09-14T13:03:09.000Z'}
180,0xed0417,0xb7c83203c1e902cc394995394d8f121b67f1347b89c6021b06e4be07afca7280:log:474,0xb7c83203c1e902cc394995394d8f121b67f1347b89c6021b06e4be07afca7280,0xbbc3863f48b04c31d0caa4d73d32be03a8e08443,0x28c6c06298d514db089934071355e5743bf21d60,5952.0,,,,ATA,erc20,"{'value': '0x0142a897d0f3d5000000', 'address': '0xa2120b9e674d3fc3875f415a7df52e382f141225', 'decimal': '0x12'}",{'blockTimestamp': '2022-09-14T13:01:43.000Z'}
181,0xed03d7,0x30d95dc80d3e7932db0777f7326acfe737be943a4f2967c9af9642bf9d342315:log:128,0x30d95dc80d3e7932db0777f7326acfe737be943a4f2967c9af9642bf9d342315,0x59ecfba57f3adbd08cab3bb632abd21983b907ba,0xbbc3863f48b04c31d0caa4d73d32be03a8e08443,5952.0,,,,ATA,erc20,"{'value': '0x0142a897d0f3d5000000', 'address': '0xa2120b9e674d3fc3875f415a7df52e382f141225', 'decimal': '0x12'}",{'blockTimestamp': '2022-09-14T12:44:33.000Z'}
182,0xecfe3c,0xb436fb14cd7ea9e8d85908d2567328eb652c8d98765fb9209750c86716dc3ffa:log:466,0xb436fb14cd7ea9e8d85908d2567328eb652c8d98765fb9209750c86716dc3ffa,0x733c5570597e609c796399333f0a176e444386ee,0xf16e9b0d03470827a95cdfd0cb8a8a3b46969b91,98942.0,,,,ATA,erc20,"{'value': '0x14f3a814ced12b380000', 'address': '0xa2120b9e674d3fc3875f415a7df52e382f141225', 'decimal': '0x12'}",{'blockTimestamp': '2022-09-14T07:02:10.000Z'}
183,0xecfdae,0x3375974fd55d000c119f0d5cebf096c9c1d313d80e457db2843f88c26699f628:log:348,0x3375974fd55d000c119f0d5cebf096c9c1d313d80e457db2843f88c26699f628,0xdfd5293d8e347dfe59e90efd55b2956a1343963d,0x733c5570597e609c796399333f0a176e444386ee,98942.0,,,,ATA,erc20,"{'value': '0x14f3a814ced12b380000', 'address': '0xa2120b9e674d3fc3875f415a7df52e382f141225', 'decimal': '0x12'}",{'blockTimestamp': '2022-09-14T06:25:09.000Z'}
184,0xecfc51,0x5f575de0f194b4ab454f1b7a70dceb95a386b6e042243ecf49c6279d2185e033:log:322,0x5f575de0f194b4ab454f1b7a70dceb95a386b6e042243ecf49c6279d2185e033,0x8992a7c145bf2e7e19cd55d38318b11328d3e7ad,0x28c6c06298d514db089934071355e5743bf21d60,101000.0,,,,ATA,erc20,"{'value': '0x156338918f10d5200000', 'address': '0xa2120b9e674d3fc3875f415a7df52e382f141225', 'decimal': '0x12'}",{'blockTimestamp': '2022-09-14T05:00:09.000Z'}
185,0xecfc47,0xab14e02b621b4063c6fcbc8e680da167776c7b7c29bd0c8e1371f1103deb9ca8:log:412,0xab14e02b621b4063c6fcbc8e680da167776c7b7c29bd0c8e1371f1103deb9ca8,0x733c5570597e609c796399333f0a176e444386ee,0xf16e9b0d03470827a95cdfd0cb8a8a3b46969b91,300.0,,,,ATA,erc20,"{'value': '0x1043561a8829300000', 'address': '0xa2120b9e674d3fc3875f415a7df52e382f141225', 'decimal': '0x12'}",{'blockTimestamp': '2022-09-14T04:57:43.000Z'}
186,0xecfc31,0xb71d4547c5051649bc8a47c45e8102141e54ccc791015456b23fc1fc4e4812d1:log:419,0xb71d4547c5051649bc8a47c45e8102141e54ccc791015456b23fc1fc4e4812d1,0x73b3342cc5faab60dd314360bc67ad6ce694e9b5,0x8992a7c145bf2e7e19cd55d38318b11328d3e7ad,99999.99999999999,,,,ATA,erc20,"{'value': '0x152d02c7e14af6800000', 'address': '0xa2120b9e674d3fc3875f415a7df52e382f141225', 'decimal': '0x12'}",{'blockTimestamp': '2022-09-14T04:52:09.000Z'}
187,0xecfc17,0x4c397389686a70c17bbe7ba85cdc5da2045fb5ca878123cdc9e71ce9de6d37e4:log:120,0x4c397389686a70c17bbe7ba85cdc5da2045fb5ca878123cdc9e71ce9de6d37e4,0x0097e387353eb7f68a92e374a49719dd38004620,0x0d0707963952f2fba59dd06f2b425ace40b492fe,29761.000000000004,,,,ATA,erc20,"{'value': '0x064d58d7cb76d0640000', 'address': '0xa2120b9e674d3fc3875f415a7df52e382f141225', 'decimal': '0x12'}",{'blockTimestamp': '2022-09-14T04:46:05.000Z'}
188,0xecfc17,0x7ae2af787807f40dff7caa73528293ac5c1cc4b37d857fc89f78c7fe13b57747:log:113,0x7ae2af787807f40dff7caa73528293ac5c1cc4b37d857fc89f78c7fe13b57747,0x4bba5f077a8fcfaf8d6d07c6cfbce553e2d94c9c,0x0d0707963952f2fba59dd06f2b425ace40b492fe,1027.3875000187036,,,,ATA,erc20,"{'value': '0x37b1dd9fef4b731afd', 'address': '0xa2120b9e674d3fc3875f415a7df52e382f141225', 'decimal': '0x12'}",{'blockTimestamp': '2022-09-14T04:46:05.000Z'}
189,0xecfc17,0x629306c65a8e58fb69a13ab5080e2ef43a967c5edf51c8bfd87b61488ed45cdc:log:98,0x629306c65a8e58fb69a13ab5080e2ef43a967c5edf51c8bfd87b61488ed45cdc,0xe07cc845fe401f5c7fa8bfb71e940b774ca77632,0x0d0707963952f2fba59dd06f2b425ace40b492fe,28229.0,,,,ATA,erc20,"{'value': '0x05fa4c12705915f40000', 'address': '0xa2120b9e674d3fc3875f415a7df52e382f141225', 'decimal': '0x12'}",{'blockTimestamp': '2022-09-14T04:46:05.000Z'}
190,0xecfc17,0xee8917d6442f509200bd3e303a863848907cafb32a7555997cb211999c376a76:log:97,0xee8917d6442f509200bd3e303a863848907cafb32a7555997cb211999c376a76,0x457dde0290ecff2d21d71869975ed3ab6f5d0648,0x0d0707963952f2fba59dd06f2b425ace40b492fe,49857.820924190004,,,,ATA,erc20,"{'value': '0x0a8ecc42647e86ddac00', 'address': '0xa2120b9e674d3fc3875f415a7df52e382f141225', 'decimal': '0x12'}",{'blockTimestamp': '2022-09-14T04:46:05.000Z'}
191,0xecfc13,0xec3d1ea8fcffaed323e1fec47054e9c34bfd570c6de62a18737fdec31d7e7b4f:log:241,0xec3d1ea8fcffaed323e1fec47054e9c34bfd570c6de62a18737fdec31d7e7b4f,0x73b3342cc5faab60dd314360bc67ad6ce694e9b5,0x8992a7c145bf2e7e19cd55d38318b11328d3e7ad,1000.0,,,,ATA,erc20,"{'value': '0x3635c9adc5dea00000', 'address': '0xa2120b9e674d3fc3875f415a7df52e382f141225', 'decimal': '0x12'}",{'blockTimestamp': '2022-09-14T04:45:11.000Z'}
192,0xecfbd0,0xdeecd0ff7a3181bc264a95c5e4fa13a3bede69050d8da6d1ae17fd516decef38:log:132,0xdeecd0ff7a3181bc264a95c5e4fa13a3bede69050d8da6d1ae17fd516decef38,0x934c20293b62a85ccb6e57ceedb6f1bd3547d223,0x28c6c06298d514db089934071355e5743bf21d60,312500.0,,,,ATA,erc20,"{'value': '0x422ca8b0a00a42500000', 'address': '0xa2120b9e674d3fc3875f415a7df52e382f141225', 'decimal': '0x12'}",{'blockTimestamp': '2022-09-14T04:30:07.000Z'}
193,0xecfb7f,0xb3e45f748269c5112c7c74bd4c5972e8c8d1f4b3ce0db022467484ffcc7a77a6:log:236,0xb3e45f748269c5112c7c74bd4c5972e8c8d1f4b3ce0db022467484ffcc7a77a6,0xb0325dbe7fa891436e83a094f9f12848c78e449b,0x934c20293b62a85ccb6e57ceedb6f1bd3547d223,312500.0,,,,ATA,erc20,"{'value': '0x422ca8b0a00a42500000', 'address': '0xa2120b9e674d3fc3875f415a7df52e382f141225', 'decimal': '0x12'}",{'blockTimestamp': '2022-09-14T04:05:57.000Z'}
194,0xecfb21,0x6b0397708891f47cf2b007848b3d34a2a780cb167e13a07888e87f2e53a4d74b:log:104,0x6b0397708891f47cf2b007848b3d34a2a780cb167e13a07888e87f2e53a4d74b,0x0d0707963952f2fba59dd06f2b425ace40b492fe,0xf05e2a70346560d3228c7002194bb7c5dc8fe100,173.0,,,,ATA,erc20,"{'value': '0x0960db77681e940000', 'address': '0xa2120b9e674d3fc3875f415a7df52e382f141225', 'decimal': '0x12'}",{'blockTimestamp': '2022-09-14T03:42:33.000Z'}
195,0xecfb1f,0x1d0524cc3d2528f0f9dbd6b77461c3eb7cacd0f1f4b96987ec1810727d0525e8:log:168,0x1d0524cc3d2528f0f9dbd6b77461c3eb7cacd0f1f4b96987ec1810727d0525e8,0x21a31ee1afc51d94c2efccaa2092ad1028285549,0x733c5570597e609c796399333f0a176e444386ee,300.0,,,,ATA,erc20,"{'value': '0x1043561a8829300000', 'address': '0xa2120b9e674d3fc3875f415a7df52e382f141225', 'decimal': '0x12'}",{'blockTimestamp': '2022-09-14T03:41:53.000Z'}
196,0xecf427,0x2d68daabda1bf08734efdd1d09255d6a4d38ae857bf51acc4174dd79a5144267:log:148,0x2d68daabda1bf08734efdd1d09255d6a4d38ae857bf51acc4174dd79a5144267,0xa2120b9e674d3fc3875f415a7df52e382f141225,0x9f62257406227b87724ea6b049cfab63c42df407,31250.0,,,,ATA,erc20,"{'value': '0x069e10de76676d080000', 'address': '0xa2120b9e674d3fc3875f415a7df52e382f141225', 'decimal': '0x12'}",{'blockTimestamp': '2022-09-13T20:43:40.000Z'}
197,0xecf296,0x69f299298464c1ca2fd219d47dbfa1ec41d9343e7151c2c1f783d8409545bbbb:log:551,0x69f299298464c1ca2fd219d47dbfa1ec41d9343e7151c2c1f783d8409545bbbb,0x7ecccabb5e4ff4537f70b0a5018e8c0cfd53fff4,0x28c6c06298d514db089934071355e5743bf21d60,845358.70588883,,,,ATA,erc20,"{'value': '0xb302fcbde7828f08ec00', 'address': '0xa2120b9e674d3fc3875f415a7df52e382f141225', 'decimal': '0x12'}",{'blockTimestamp': '2022-09-13T19:00:26.000Z'}
198,0xecec28,0x74b5f507c45869ad2b9a4150d505a2f7e1f99e9b84f1c859e8067a73b20078f3:log:406,0x74b5f507c45869ad2b9a4150d505a2f7e1f99e9b84f1c859e8067a73b20078f3,0xa9d1e08c7793af67e9d92fe308d5697fb81d3e43,0x7ecccabb5e4ff4537f70b0a5018e8c0cfd53fff4,845358.70588883,,,,ATA,erc20,"{'value': '0xb302fcbde7828f08ec00', 'address': '0xa2120b9e674d3fc3875f415a7df52e382f141225', 'decimal': '0x12'}",{'blockTimestamp': '2022-09-13T12:33:41.000Z'}
199,0xeceaa0,0x4f8dba840e9a957bd9a8b25247360a45afeb173eb0d31d7f56cbcd84498af78f:log:53,0x4f8dba840e9a957bd9a8b25247360a45afeb173eb0d31d7f56cbcd84498af78f,0x9ca4e098ef3ed4678989f4745fea75c1eeb746d3,0x28c6c06298d514db089934071355e5743bf21d60,14880.357142857143,,,,ATA,erc20,"{'value': '0x0326aa705deae2916db7', 'address': '0xa2120b9e674d3fc3875f415a7df52e382f141225', 'decimal': '0x12'}",{'blockTimestamp': '2022-09-13T11:01:05.000Z'}
200,0xecea2e,0x5bae50574ed73e980cd52200c2ce23dc0ffcd45bc29f54f1d6a64ca3af1d82a9:log:118,0x5bae50574ed73e980cd52200c2ce23dc0ffcd45bc29f54f1d6a64ca3af1d82a9,0x778c029675d3e2435cf4c207e981d37c2174bec8,0x9ca4e098ef3ed4678989f4745fea75c1eeb746d3,14880.357142857143,,,,ATA,erc20,"{'value': '0x0326aa705deae2916db7', 'address': '0xa2120b9e674d3fc3875f415a7df52e382f141225', 'decimal': '0x12'}",{'blockTimestamp': '2022-09-13T10:35:31.000Z'}
201,0xecea2a,0x409c8df9af1f3950c52c57814fc5294a2ae97282613e77993b8c4db9b8f565ae:log:53,0x409c8df9af1f3950c52c57814fc5294a2ae97282613e77993b8c4db9b8f565ae,0xa2120b9e674d3fc3875f415a7df52e382f141225,0x778c029675d3e2435cf4c207e981d37c2174bec8,14880.357142857143,,,,ATA,erc20,"{'value': '0x0326aa705deae2916db7', 'address': '0xa2120b9e674d3fc3875f415a7df52e382f141225', 'decimal': '0x12'}",{'blockTimestamp': '2022-09-13T10:34:41.000Z'}
202,0xecdbeb,0xaf0566c04a30e955a2e097626a331729f7119479287c7beec411fe0749be1cb6:log:21,0xaf0566c04a30e955a2e097626a331729f7119479287c7beec411fe0749be1cb6,0x4d414c7f9ef2ae9e9404cf7bbfb60ee76e4328fe,0xdf0579a6081792c4a12b90aa34f31eae9d14165c,1000.0,,,,ATA,erc20,"{'value': '0x3635c9adc5dea00000', 'address': '0xa2120b9e674d3fc3875f415a7df52e382f141225', 'decimal': '0x12'}",{'blockTimestamp': '2022-09-12T20:08:14.000Z'}
203,0xeccb50,0x005e117510ea9e61891260230ca5f30e5f7d56414a84846a8b429ed0f10e9085:log:143,0x005e117510ea9e61891260230ca5f30e5f7d56414a84846a8b429ed0f10e9085,0x74de5d4fcbf63e00296fd95d33236b9794016631,0x3cae99d06134926a6f719b88c4ab87182f03d862,288.92300731807813,,,,ATA,erc20,"{'value': '0x0fa99cb86047a2bb7b', 'address': '0xa2120b9e674d3fc3875f415a7df52e382f141225', 'decimal': '0x12'}",{'blockTimestamp': '2022-09-12T03:05:45.000Z'}
204,0xeccb50,0x005e117510ea9e61891260230ca5f30e5f7d56414a84846a8b429ed0f10e9085:log:140,0x005e117510ea9e61891260230ca5f30e5f7d56414a84846a8b429ed0f10e9085,0x5654d65578cda52791879751141f2f3d7dc27fe4,0x74de5d4fcbf63e00296fd95d33236b9794016631,288.92300731807813,,,,ATA,erc20,"{'value': '0x0fa99cb86047a2bb7b', 'address': '0xa2120b9e674d3fc3875f415a7df52e382f141225', 'decimal': '0x12'}",{'blockTimestamp': '2022-09-12T03:05:45.000Z'}
205,0xecc242,0x1a5e9d9d75e1a9669428af1297de851ae87d52e19eed36c1dac2ea18231892b5:log:265,0x1a5e9d9d75e1a9669428af1297de851ae87d52e19eed36c1dac2ea18231892b5,0x1f8dd194700bd78188f0977294edbaad929d5e1d,0x2854d0c0903cc4013c11fb0a637030f56d0b358e,782.9472999999999,,,,ATA,erc20,"{'value': '0x2a7193951e0f324000', 'address': '0xa2120b9e674d3fc3875f415a7df52e382f141225', 'decimal': '0x12'}",{'blockTimestamp': '2022-09-11T18:06:04.000Z'}
206,0xecb59a,0x0550d4078250a17e78396884c2cce99e77d7d599507d5094ba1f854f2ac24b08:log:105,0x0550d4078250a17e78396884c2cce99e77d7d599507d5094ba1f854f2ac24b08,0x28c6c06298d514db089934071355e5743bf21d60,0xd83cbaf54220c12d973c9be3388f372277ad2db3,5480.0,,,,ATA,erc20,"{'value': '0x01291246f5b734a00000', 'address': '0xa2120b9e674d3fc3875f415a7df52e382f141225', 'decimal': '0x12'}",{'blockTimestamp': '2022-09-11T05:05:16.000Z'}
207,0xeca448,0xa1ce18fdaf6944e96bdca982b914728a7fa9cfc7e7960f601f275c9298924552:log:105,0xa1ce18fdaf6944e96bdca982b914728a7fa9cfc7e7960f601f275c9298924552,0xe66b31678d6c16e9ebf358268a790b763c133750,0x5654d65578cda52791879751141f2f3d7dc27fe4,694.589696237081,,,,ATA,erc20,"{'value': '0x25a75e50a239b0e13c', 'address': '0xa2120b9e674d3fc3875f415a7df52e382f141225', 'decimal': '0x12'}",{'blockTimestamp': '2022-09-10T11:24:27.000Z'}
208,0xeca448,0xa1ce18fdaf6944e96bdca982b914728a7fa9cfc7e7960f601f275c9298924552:log:102,0xa1ce18fdaf6944e96bdca982b914728a7fa9cfc7e7960f601f275c9298924552,0x2d2b8c02df5a33ba5005a3e1674196a7bd54f0b8,0xe66b31678d6c16e9ebf358268a790b763c133750,694.589696237081,,,,ATA,erc20,"{'value': '0x25a75e50a239b0e13c', 'address': '0xa2120b9e674d3fc3875f415a7df52e382f141225', 'decimal': '0x12'}",{'blockTimestamp': '2022-09-10T11:24:27.000Z'}
209,0xeca448,0xa1ce18fdaf6944e96bdca982b914728a7fa9cfc7e7960f601f275c9298924552:log:100,0xa1ce18fdaf6944e96bdca982b914728a7fa9cfc7e7960f601f275c9298924552,0x2d2b8c02df5a33ba5005a3e1674196a7bd54f0b8,0x382ffce2287252f930e1c8dc9328dac5bf282ba1,7.016057537748293,,,,ATA,erc20,"{'value': '0x615e0b286d305505', 'address': '0xa2120b9e674d3fc3875f415a7df52e382f141225', 'decimal': '0x12'}",{'blockTimestamp': '2022-09-10T11:24:27.000Z'}
210,0xeca442,0x57a367c44a578d6049de60a89b6437d2a0dd997c848e08b2377fa6a8c09ef468:log:455,0x57a367c44a578d6049de60a89b6437d2a0dd997c848e08b2377fa6a8c09ef468,0xe66b31678d6c16e9ebf358268a790b763c133750,0x2d2b8c02df5a33ba5005a3e1674196a7bd54f0b8,211.5618537748293,,,,ATA,erc20,"{'value': '0x0b7802b11affd57641', 'address': '0xa2120b9e674d3fc3875f415a7df52e382f141225', 'decimal': '0x12'}",{'blockTimestamp': '2022-09-10T11:22:42.000Z'}
211,0xeca442,0x57a367c44a578d6049de60a89b6437d2a0dd997c848e08b2377fa6a8c09ef468:log:452,0x57a367c44a578d6049de60a89b6437d2a0dd997c848e08b2377fa6a8c09ef468,0x5654d65578cda52791879751141f2f3d7dc27fe4,0xe66b31678d6c16e9ebf358268a790b763c133750,211.5618537748293,,,,ATA,erc20,"{'value': '0x0b7802b11affd57641', 'address': '0xa2120b9e674d3fc3875f415a7df52e382f141225', 'decimal': '0x12'}",{'blockTimestamp': '2022-09-10T11:22:42.000Z'}
212,0xec8d9b,0x2dc9990a31c29e389ee82883c550064d989ba900bc7b5c8973c1349f920045d9:log:327,0x2dc9990a31c29e389ee82883c550064d989ba900bc7b5c8973c1349f920045d9,0x52f8be79ab7a36365664ca441425889fabb0961b,0x28c6c06298d514db089934071355e5743bf21d60,11958.775853,,,,ATA,erc20,"{'value': '0x0288495a8dfe5803d000', 'address': '0xa2120b9e674d3fc3875f415a7df52e382f141225', 'decimal': '0x12'}",{'blockTimestamp': '2022-09-09T12:29:31.000Z'}
213,0xec892d,0x755d1684af4fa65bcf4a520d1ac7a79db843791b4c5fa65eeee3312440a33740:log:341,0x755d1684af4fa65bcf4a520d1ac7a79db843791b4c5fa65eeee3312440a33740,0xb309b5aac6e7039af4d6ad24ed2196a59d0f8c48,0x28c6c06298d514db089934071355e5743bf21d60,99999.99999999999,,,,ATA,erc20,"{'value': '0x152d02c7e14af6800000', 'address': '0xa2120b9e674d3fc3875f415a7df52e382f141225', 'decimal': '0x12'}",{'blockTimestamp': '2022-09-09T08:00:34.000Z'}
214,0xec88e7,0x704a3f6b3f81f7c84585067be4a21fb766056dbeace385cc59c86591d08004c4:log:167,0x704a3f6b3f81f7c84585067be4a21fb766056dbeace385cc59c86591d08004c4,0xc16415770ce17f438dac86f5226f1216e950e60f,0xb309b5aac6e7039af4d6ad24ed2196a59d0f8c48,99999.99999999999,,,,ATA,erc20,"{'value': '0x152d02c7e14af6800000', 'address': '0xa2120b9e674d3fc3875f415a7df52e382f141225', 'decimal': '0x12'}",{'blockTimestamp': '2022-09-09T07:44:14.000Z'}
215,0xec88dd,0xf738f20fe6d3b1966f74b2ced0f35a65dac1425980b2e89aaa453bcf6adc5db5:log:124,0xf738f20fe6d3b1966f74b2ced0f35a65dac1425980b2e89aaa453bcf6adc5db5,0xa2120b9e674d3fc3875f415a7df52e382f141225,0xc16415770ce17f438dac86f5226f1216e950e60f,99999.99999999999,,,,ATA,erc20,"{'value': '0x152d02c7e14af6800000', 'address': '0xa2120b9e674d3fc3875f415a7df52e382f141225', 'decimal': '0x12'}",{'blockTimestamp': '2022-09-09T07:41:31.000Z'}
216,0xec8544,0x3944278f4ab81e2e85adc8070cf23f03ceb6ca49e89094ec8172d179dea35d19:log:49,0x3944278f4ab81e2e85adc8070cf23f03ceb6ca49e89094ec8172d179dea35d19,0x28c6c06298d514db089934071355e5743bf21d60,0xf977814e90da44bfa03b6295a0616a897441acec,32217348.0,,,,ATA,erc20,"{'value': '0x1aa649ef4646a561900000', 'address': '0xa2120b9e674d3fc3875f415a7df52e382f141225', 'decimal': '0x12'}",{'blockTimestamp': '2022-09-09T04:00:43.000Z'}
217,0xec8540,0xb302075c3e438be2cf155e81f3b8d6a04b469631080555e3ffd8bb161cd6195d:log:948,0xb302075c3e438be2cf155e81f3b8d6a04b469631080555e3ffd8bb161cd6195d,0x1756fd71985dadb46cd664f443c1b11a32a51092,0x28c6c06298d514db089934071355e5743bf21d60,29700000.0,,,,ATA,erc20,"{'value': '0x18913839e45ff7fa800000', 'address': '0xa2120b9e674d3fc3875f415a7df52e382f141225', 'decimal': '0x12'}",{'blockTimestamp': '2022-09-09T04:00:11.000Z'}
218,0xec84ea,0x86f35985e1773eee8124f82d99f96e33f3a607f7a1e330db76291cfb964c3d63:log:654,0x86f35985e1773eee8124f82d99f96e33f3a607f7a1e330db76291cfb964c3d63,0x61068c3f88a0b6fd9d4cd6a7e604c78290987354,0x1756fd71985dadb46cd664f443c1b11a32a51092,14700000.0,,,,ATA,erc20,"{'value': '0x0c28d898c65e0b8b800000', 'address': '0xa2120b9e674d3fc3875f415a7df52e382f141225', 'decimal': '0x12'}",{'blockTimestamp': '2022-09-09T03:42:38.000Z'}
219,0xec84d9,0x71d08a83e4513497e33f18bfb9b7afb94254c1d83d8861d13e6103683d7696b9:log:227,0x71d08a83e4513497e33f18bfb9b7afb94254c1d83d8861d13e6103683d7696b9,0xa2120b9e674d3fc3875f415a7df52e382f141225,0x61068c3f88a0b6fd9d4cd6a7e604c78290987354,14700000.0,,,,ATA,erc20,"{'value': '0x0c28d898c65e0b8b800000', 'address': '0xa2120b9e674d3fc3875f415a7df52e382f141225', 'decimal': '0x12'}",{'blockTimestamp': '2022-09-09T03:38:37.000Z'}
220,0xec84cb,0xde27b6bc3e72796f888ec90456f774473357f809a1e67a86d150f72ef4e647bb:log:313,0xde27b6bc3e72796f888ec90456f774473357f809a1e67a86d150f72ef4e647bb,0x8c64cffd734b7981be14a545570c1e96daa69066,0x1756fd71985dadb46cd664f443c1b11a32a51092,15000000.0,,,,ATA,erc20,"{'value': '0x0c685fa11e01ec6f000000', 'address': '0xa2120b9e674d3fc3875f415a7df52e382f141225', 'decimal': '0x12'}",{'blockTimestamp': '2022-09-09T03:35:17.000Z'}
221,0xec84b8,0x84f3970c430e3c06e840909a0575ec78ecd86fea1122c5522dc7090867880bc0:log:259,0x84f3970c430e3c06e840909a0575ec78ecd86fea1122c5522dc7090867880bc0,0xa2120b9e674d3fc3875f415a7df52e382f141225,0x8c64cffd734b7981be14a545570c1e96daa69066,7500000.0,,,,ATA,erc20,"{'value': '0x06342fd08f00f637800000', 'address': '0xa2120b9e674d3fc3875f415a7df52e382f141225', 'decimal': '0x12'}",{'blockTimestamp': '2022-09-09T03:30:43.000Z'}
222,0xec7af1,0x65636d96cb211471d986ec1bcd8b7da87166b492c4a0b5b9b8c694fa156773a3:log:188,0x65636d96cb211471d986ec1bcd8b7da87166b492c4a0b5b9b8c694fa156773a3,0xb638c9ed38621892c52611fac202aca483482c0d,0xa9d1e08c7793af67e9d92fe308d5697fb81d3e43,173225.00000000003,,,,ATA,erc20,"{'value': '0x24ae8bcb029d91040000', 'address': '0xa2120b9e674d3fc3875f415a7df52e382f141225', 'decimal': '0x12'}",{'blockTimestamp': '2022-09-08T17:44:51.000Z'}
223,0xec7ad8,0x06b18c751e871ac77171326eb329fbf20ccfc455adf9fd73e19ba3b8ea0e42fe:log:55,0x06b18c751e871ac77171326eb329fbf20ccfc455adf9fd73e19ba3b8ea0e42fe,0x28c6c06298d514db089934071355e5743bf21d60,0xdfd5293d8e347dfe59e90efd55b2956a1343963d,875027.9999999999,,,,ATA,erc20,"{'value': '0xb94b5ce8eef63bd00000', 'address': '0xa2120b9e674d3fc3875f415a7df52e382f141225', 'decimal': '0x12'}",{'blockTimestamp': '2022-09-08T17:40:33.000Z'}
224,0xec7ab2,0x9119579a22493e7ac322223c7c1024f0b9eb3aa62c48a0168c986a0b64310cee:log:135,0x9119579a22493e7ac322223c7c1024f0b9eb3aa62c48a0168c986a0b64310cee,0xdfd5293d8e347dfe59e90efd55b2956a1343963d,0xb638c9ed38621892c52611fac202aca483482c0d,173225.00000000003,,,,ATA,erc20,"{'value': '0x24ae8bcb029d91040000', 'address': '0xa2120b9e674d3fc3875f415a7df52e382f141225', 'decimal': '0x12'}",{'blockTimestamp': '2022-09-08T17:32:31.000Z'}
225,0xec6817,0x55786ace2c090a63b7862f4c15f08a7a181067f4acd3a7ffa895457cec525822:log:310,0x55786ace2c090a63b7862f4c15f08a7a181067f4acd3a7ffa895457cec525822,0xb5d85cbf7cb3ee0d56b3bb207d5fc4b82f43f511,0xa9d1e08c7793af67e9d92fe308d5697fb81d3e43,2131616.840513652,,,,ATA,erc20,"{'value': '0x01c3632e33411d95611520', 'address': '0xa2120b9e674d3fc3875f415a7df52e382f141225', 'decimal': '0x12'}",{'blockTimestamp': '2022-09-07T23:26:50.000Z'}
226,0xec6182,0x1b1579adde448cc0291e9b3d391fe0a1a6fe0384b6014f81dc3aa295c138362f:log:336,0x1b1579adde448cc0291e9b3d391fe0a1a6fe0384b6014f81dc3aa295c138362f,0x21a31ee1afc51d94c2efccaa2092ad1028285549,0x18fc153d381ec7fb114b62297a58cf6ea8e3f3cc,171.105,,,,ATA,erc20,"{'value': '0x09468f12f265368000', 'address': '0xa2120b9e674d3fc3875f415a7df52e382f141225', 'decimal': '0x12'}",{'blockTimestamp': '2022-09-07T16:54:42.000Z'}
227,0xec5936,0xef6c69f476fbc2b3f79e5c87effc8d2004e6f6ced19ccf67aa79026aba4eac62:log:18,0xef6c69f476fbc2b3f79e5c87effc8d2004e6f6ced19ccf67aa79026aba4eac62,0xf16e9b0d03470827a95cdfd0cb8a8a3b46969b91,0x2d2b8c02df5a33ba5005a3e1674196a7bd54f0b8,340.0439,,,,ATA,erc20,"{'value': '0x126f0e9d6b9273c000', 'address': '0xa2120b9e674d3fc3875f415a7df52e382f141225', 'decimal': '0x12'}",{'blockTimestamp': '2022-09-07T08:44:21.000Z'}
228,0xec5883,0xa6cf2b996cef5ce910bd4b8235e00d8dd90e6913f818dbceddd7d69b4dd5f95b:log:97,0xa6cf2b996cef5ce910bd4b8235e00d8dd90e6913f818dbceddd7d69b4dd5f95b,0xf16e9b0d03470827a95cdfd0cb8a8a3b46969b91,0x2d2b8c02df5a33ba5005a3e1674196a7bd54f0b8,150.0,,,,ATA,erc20,"{'value': '0x0821ab0d4414980000', 'address': '0xa2120b9e674d3fc3875f415a7df52e382f141225', 'decimal': '0x12'}",{'blockTimestamp': '2022-09-07T07:58:15.000Z'}
229,0xec571b,0x799853de43a5b01597134f5d0a66c729920dd8132788572ca4c6863234c57bfb:log:588,0x799853de43a5b01597134f5d0a66c729920dd8132788572ca4c6863234c57bfb,0xc4a8471975864e7767b7f44b228cbf9bc8dd4c50,0x28c6c06298d514db089934071355e5743bf21d60,5256.772000000001,,,,ATA,erc20,"{'value': '0x011cf85dca6da3ba0000', 'address': '0xa2120b9e674d3fc3875f415a7df52e382f141225', 'decimal': '0x12'}",{'blockTimestamp': '2022-09-07T06:30:09.000Z'}
230,0xec560e,0xa1fc4199e2e3015f0099c8aa88563941b29aa8998d57442a4dc62c09e8968c92:log:68,0xa1fc4199e2e3015f0099c8aa88563941b29aa8998d57442a4dc62c09e8968c92,0x1fa5720cba63365b4f50fbd4f1a0d06caed17a7c,0xc4a8471975864e7767b7f44b228cbf9bc8dd4c50,5256.772000000001,,,,ATA,erc20,"{'value': '0x011cf85dca6da3ba0000', 'address': '0xa2120b9e674d3fc3875f415a7df52e382f141225', 'decimal': '0x12'}",{'blockTimestamp': '2022-09-07T05:25:52.000Z'}
231,0xec51bc,0x2ecf22aa975c4c4d15053b28a4cb0bba4fa254cd47a05b4bd7130a0797f2d26b:log:141,0x2ecf22aa975c4c4d15053b28a4cb0bba4fa254cd47a05b4bd7130a0797f2d26b,0x511dbe9e6b7ede607f47d00a681bd5c7a6d397a1,0x40ec5b33f54e0e8a33a975908c5ba1c14e5bbbdf,23741.13822835,,,,ATA,erc20,"{'value': '0x0507027a88be38776c00', 'address': '0xa2120b9e674d3fc3875f415a7df52e382f141225', 'decimal': '0x12'}",{'blockTimestamp': '2022-09-07T01:16:11.000Z'}
232,0xec51a3,0x2b3c59194b0e5e2086804f85ba515e568dce0d44a7ea2fe291569a35101f18f4:log:124,0x2b3c59194b0e5e2086804f85ba515e568dce0d44a7ea2fe291569a35101f18f4,0x28c6c06298d514db089934071355e5743bf21d60,0x511dbe9e6b7ede607f47d00a681bd5c7a6d397a1,23741.13822835,,,,ATA,erc20,"{'value': '0x0507027a88be38776c00', 'address': '0xa2120b9e674d3fc3875f415a7df52e382f141225', 'decimal': '0x12'}",{'blockTimestamp': '2022-09-07T01:10:50.000Z'}
233,0xec4e12,0x954c1fe76523bb48a1899a17c392c69d390d5df9bf8ea985d181a841b80316ba:log:62,0x954c1fe76523bb48a1899a17c392c69d390d5df9bf8ea985d181a841b80316ba,0xb638c9ed38621892c52611fac202aca483482c0d,0xa9d1e08c7793af67e9d92fe308d5697fb81d3e43,74357.0,,,,ATA,erc20,"{'value': '0x0fbee6ab03bac8b40000', 'address': '0xa2120b9e674d3fc3875f415a7df52e382f141225', 'decimal': '0x12'}",{'blockTimestamp': '2022-09-06T21:39:56.000Z'}
234,0xec4dec,0x59c69295e76bb90574081fe50dd8930222b86bbad3b4c7ca1e3e20348adb9114:log:45,0x59c69295e76bb90574081fe50dd8930222b86bbad3b4c7ca1e3e20348adb9114,0xdfd5293d8e347dfe59e90efd55b2956a1343963d,0xb638c9ed38621892c52611fac202aca483482c0d,74357.0,,,,ATA,erc20,"{'value': '0x0fbee6ab03bac8b40000', 'address': '0xa2120b9e674d3fc3875f415a7df52e382f141225', 'decimal': '0x12'}",{'blockTimestamp': '2022-09-06T21:31:38.000Z'}
235,0xec4d5e,0xb5ba175460cf0bfb6e5920952fe414476ddbdd3e7107fc220e7778696fc2bb3e:log:159,0xb5ba175460cf0bfb6e5920952fe414476ddbdd3e7107fc220e7778696fc2bb3e,0xf05e2a70346560d3228c7002194bb7c5dc8fe100,0x28c6c06298d514db089934071355e5743bf21d60,35649.0,,,,ATA,erc20,"{'value': '0x078c8941ef80cc640000', 'address': '0xa2120b9e674d3fc3875f415a7df52e382f141225', 'decimal': '0x12'}",{'blockTimestamp': '2022-09-06T21:00:22.000Z'}
236,0xec48ff,0xb14c1df21741decd260413d5e495a7ed50772c269e3e8a7cc60a96a17a5b1eef:log:276,0xb14c1df21741decd260413d5e495a7ed50772c269e3e8a7cc60a96a17a5b1eef,0x95b564f3b3bae3f206aa418667ba000afafacc8a,0x52f8be79ab7a36365664ca441425889fabb0961b,11958.775853789999,,,,ATA,erc20,"{'value': '0x0288495a8eb647af2c00', 'address': '0xa2120b9e674d3fc3875f415a7df52e382f141225', 'decimal': '0x12'}",{'blockTimestamp': '2022-09-06T16:38:04.000Z'}
237,0xec48f4,0x2eb9302a2591093fe1699626d7d9d16f0697d8f455fb5be6098451eab1d9a860:log:544,0x2eb9302a2591093fe1699626d7d9d16f0697d8f455fb5be6098451eab1d9a860,0xcb9ecf7e53e84bd70d4eb110674d5981b6b9adf0,0x28c6c06298d514db089934071355e5743bf21d60,3940.0,,,,ATA,erc20,"{'value': '0xd5967be4fc3f100000', 'address': '0xa2120b9e674d3fc3875f415a7df52e382f141225', 'decimal': '0x12'}",{'blockTimestamp': '2022-09-06T16:34:57.000Z'}
238,0xec40af,0xf62ea4c3716821d541e2f23276bbb7fa5bcea66cb5e2edb157b7e848cbdc3760:log:52,0xf62ea4c3716821d541e2f23276bbb7fa5bcea66cb5e2edb157b7e848cbdc3760,0xb638c9ed38621892c52611fac202aca483482c0d,0xa9d1e08c7793af67e9d92fe308d5697fb81d3e43,831556.0,,,,ATA,erc20,"{'value': '0xb016bdb7e37d36900000', 'address': '0xa2120b9e674d3fc3875f415a7df52e382f141225', 'decimal': '0x12'}",{'blockTimestamp': '2022-09-06T08:39:59.000Z'}
239,0xec407e,0xa201d7e7dff2c5c7936fdd2b4c1bd26f2c3c3f6aa1006e98d9ea3c2ba8e1e0e6:log:172,0xa201d7e7dff2c5c7936fdd2b4c1bd26f2c3c3f6aa1006e98d9ea3c2ba8e1e0e6,0x21a31ee1afc51d94c2efccaa2092ad1028285549,0xb638c9ed38621892c52611fac202aca483482c0d,831556.0,,,,ATA,erc20,"{'value': '0xb016bdb7e37d36900000', 'address': '0xa2120b9e674d3fc3875f415a7df52e382f141225', 'decimal': '0x12'}",{'blockTimestamp': '2022-09-06T08:31:26.000Z'}
240,0xec3bdf,0xd0280770c8246d4a4817c9e488adf86525c6a0139bc169ac3d756ee19c1da830:log:1212,0xd0280770c8246d4a4817c9e488adf86525c6a0139bc169ac3d756ee19c1da830,0x28c6c06298d514db089934071355e5743bf21d60,0x026cb3cd85eb643066adff5df53a19be87b3d399,46.929,,,,ATA,erc20,"{'value': '0x028b454cdc084e8000', 'address': '0xa2120b9e674d3fc3875f415a7df52e382f141225', 'decimal': '0x12'}",{'blockTimestamp': '2022-09-06T03:59:13.000Z'}
241,0xec39bf,0x0b96c55cb77bb3f70f0e1f635542cef74efa1625ed7724ea903d97143f7925de:log:209,0x0b96c55cb77bb3f70f0e1f635542cef74efa1625ed7724ea903d97143f7925de,0xf907d35c8213479bf8747bd6b22af5e4c0c89f78,0xf16e9b0d03470827a95cdfd0cb8a8a3b46969b91,14183.6269,,,,ATA,erc20,"{'value': '0x0300e55d4d7956ed4000', 'address': '0xa2120b9e674d3fc3875f415a7df52e382f141225', 'decimal': '0x12'}",{'blockTimestamp': '2022-09-06T01:51:42.000Z'}
242,0xec3948,0x8b5413296d8f7cc8fe766ca6525f80fc29fdd7de6264b5f7535b34d0541a401f:log:274,0x8b5413296d8f7cc8fe766ca6525f80fc29fdd7de6264b5f7535b34d0541a401f,0xf1ccf19f71d820db4cd1263516a958d3e6272021,0xf907d35c8213479bf8747bd6b22af5e4c0c89f78,14183.6269,,,,ATA,erc20,"{'value': '0x0300e55d4d7956ed4000', 'address': '0xa2120b9e674d3fc3875f415a7df52e382f141225', 'decimal': '0x12'}",{'blockTimestamp': '2022-09-06T01:23:13.000Z'}
243,0xec33e7,0xac2e122721bd0aa42ce1b155008636152166f7bd9a85cfff7f7ae32d6feae12b:log:139,0xac2e122721bd0aa42ce1b155008636152166f7bd9a85cfff7f7ae32d6feae12b,0x7ecccabb5e4ff4537f70b0a5018e8c0cfd53fff4,0x28c6c06298d514db089934071355e5743bf21d60,888584.4299354301,,,,ATA,erc20,"{'value': '0xbc2a422b0030fca13c00', 'address': '0xa2120b9e674d3fc3875f415a7df52e382f141225', 'decimal': '0x12'}",{'blockTimestamp': '2022-09-05T20:00:05.000Z'}
244,0xec3393,0x4844f822b06a69002930c5ee7b6e18faa4c868329e186f5ac775758c3eaaa3a1:log:90,0x4844f822b06a69002930c5ee7b6e18faa4c868329e186f5ac775758c3eaaa3a1,0xa9d1e08c7793af67e9d92fe308d5697fb81d3e43,0x7ecccabb5e4ff4537f70b0a5018e8c0cfd53fff4,888584.4299354301,,,,ATA,erc20,"{'value': '0xbc2a422b0030fca13c00', 'address': '0xa2120b9e674d3fc3875f415a7df52e382f141225', 'decimal': '0x12'}",{'blockTimestamp': '2022-09-05T19:40:03.000Z'}
245,0xec2ed8,0xb0168ad6cdba70056f48cb3f6884bb75c2d53eaffa3ccc7f795bef06154b6969:log:493,0xb0168ad6cdba70056f48cb3f6884bb75c2d53eaffa3ccc7f795bef06154b6969,0xb638c9ed38621892c52611fac202aca483482c0d,0xa9d1e08c7793af67e9d92fe308d5697fb81d3e43,534256.0,,,,ATA,erc20,"{'value': '0x712213672e65c5c00000', 'address': '0xa2120b9e674d3fc3875f415a7df52e382f141225', 'decimal': '0x12'}",{'blockTimestamp': '2022-09-05T14:54:48.000Z'}
246,0xec2ea2,0x199eae8aea7b322a05c62bd042fe521454bb3d5caa409f79e1b10bb1b6e2a8a3:log:47,0x199eae8aea7b322a05c62bd042fe521454bb3d5caa409f79e1b10bb1b6e2a8a3,0xdfd5293d8e347dfe59e90efd55b2956a1343963d,0xb638c9ed38621892c52611fac202aca483482c0d,534256.0,,,,ATA,erc20,"{'value': '0x712213672e65c5c00000', 'address': '0xa2120b9e674d3fc3875f415a7df52e382f141225', 'decimal': '0x12'}",{'blockTimestamp': '2022-09-05T14:43:27.000Z'}
247,0xec26b8,0x67fbbeb61cff1ba389f75f9a62e8afeaa47bcef064e938e04c25fbc19cac7edf:log:279,0x67fbbeb61cff1ba389f75f9a62e8afeaa47bcef064e938e04c25fbc19cac7edf,0x6767526a362ec6c6b1df185478e4f01506b73ff3,0x28c6c06298d514db089934071355e5743bf21d60,34243.0,,,,ATA,erc20,"{'value': '0x0740511680cf752c0000', 'address': '0xa2120b9e674d3fc3875f415a7df52e382f141225', 'decimal': '0x12'}",{'blockTimestamp': '2022-09-05T06:59:46.000Z'}
248,0xec25d6,0xcd73f88143cc9622d529e25f5d37f0532911388699fd1a3bf016e2bd06f8acc2:log:343,0xcd73f88143cc9622d529e25f5d37f0532911388699fd1a3bf016e2bd06f8acc2,0xdedea2917faa29bdd6245987d4c0647d246afabd,0x0097e387353eb7f68a92e374a49719dd38004620,29761.000000000004,,,,ATA,erc20,"{'value': '0x064d58d7cb76d0640000', 'address': '0xa2120b9e674d3fc3875f415a7df52e382f141225', 'decimal': '0x12'}",{'blockTimestamp': '2022-09-05T06:06:41.000Z'}
249,0xec231a,0x294bf85fbacc955836ca7472b64e5b9011ec9149f15bcd167c0376784e85a4f5:log:232,0x294bf85fbacc955836ca7472b64e5b9011ec9149f15bcd167c0376784e85a4f5,0xf16e9b0d03470827a95cdfd0cb8a8a3b46969b91,0xf1ccf19f71d820db4cd1263516a958d3e6272021,10148.1758,,,,ATA,erc20,"{'value': '0x0226223afac29f938000', 'address': '0xa2120b9e674d3fc3875f415a7df52e382f141225', 'decimal': '0x12'}",{'blockTimestamp': '2022-09-05T03:20:54.000Z'}
250,0xec22f1,0xe1b1b67c561b5a85a98229f782dcc149e0ab23fe968226fe3018b1904ba9c061:log:54,0xe1b1b67c561b5a85a98229f782dcc149e0ab23fe968226fe3018b1904ba9c061,0xa9d1e08c7793af67e9d92fe308d5697fb81d3e43,0x0e9eff3661b6796dd0e27fa707f24fe71d8fa46e,38.51623974,,,,ATA,erc20,"{'value': '0x0216852bf9ca7bd800', 'address': '0xa2120b9e674d3fc3875f415a7df52e382f141225', 'decimal': '0x12'}",{'blockTimestamp': '2022-09-05T03:08:58.000Z'}
251,0xec2222,0x2587eeeda24cb502f5c429d3bcf4ed512188c1e77acfec77fd7651440dc1807c:log:145,0x2587eeeda24cb502f5c429d3bcf4ed512188c1e77acfec77fd7651440dc1807c,0x21a31ee1afc51d94c2efccaa2092ad1028285549,0xf1ccf19f71d820db4cd1263516a958d3e6272021,4035.4510999999998,,,,ATA,erc20,"{'value': '0xdac32252b6b759c000', 'address': '0xa2120b9e674d3fc3875f415a7df52e382f141225', 'decimal': '0x12'}",{'blockTimestamp': '2022-09-05T02:22:49.000Z'}
252,0xec16ad,0xd994c3b65510a6df1e88854b98a2e5aa0e3418a6622c3c7f4e4dae1a5f8276a1:log:264,0xd994c3b65510a6df1e88854b98a2e5aa0e3418a6622c3c7f4e4dae1a5f8276a1,0x3c02290922a3618a4646e3bbca65853ea45fe7c6,0x6767526a362ec6c6b1df185478e4f01506b73ff3,34243.0,,,,ATA,erc20,"{'value': '0x0740511680cf752c0000', 'address': '0xa2120b9e674d3fc3875f415a7df52e382f141225', 'decimal': '0x12'}",{'blockTimestamp': '2022-09-04T15:03:51.000Z'}
253,0xec1295,0x7aa580ccbe8b20ed3182d052744144fd3d2818c985e40d9b8349c0063f698a74:log:199,0x7aa580ccbe8b20ed3182d052744144fd3d2818c985e40d9b8349c0063f698a74,0x7ecccabb5e4ff4537f70b0a5018e8c0cfd53fff4,0x28c6c06298d514db089934071355e5743bf21d60,534497.85658543,,,,ATA,erc20,"{'value': '0x712f2fd6616f5dd0dc00', 'address': '0xa2120b9e674d3fc3875f415a7df52e382f141225', 'decimal': '0x12'}",{'blockTimestamp': '2022-09-04T11:00:01.000Z'}
254,0xec117b,0x0d6a8aa8bfbe353998540b099e56f2bf301dc0e1b0ed104d6ea9c2ff4851136e:log:173,0x0d6a8aa8bfbe353998540b099e56f2bf301dc0e1b0ed104d6ea9c2ff4851136e,0xa9d1e08c7793af67e9d92fe308d5697fb81d3e43,0x7ecccabb5e4ff4537f70b0a5018e8c0cfd53fff4,534497.85658543,,,,ATA,erc20,"{'value': '0x712f2fd6616f5dd0dc00', 'address': '0xa2120b9e674d3fc3875f415a7df52e382f141225', 'decimal': '0x12'}",{'blockTimestamp': '2022-09-04T09:54:35.000Z'}
255,0xec0e38,0x37f5fabcc589be53b1ce51b4546f4a3b42a960e6be636c44de1a49102c04e14d:log:60,0x37f5fabcc589be53b1ce51b4546f4a3b42a960e6be636c44de1a49102c04e14d,0xb638c9ed38621892c52611fac202aca483482c0d,0xa9d1e08c7793af67e9d92fe308d5697fb81d3e43,907696.0,,,,ATA,erc20,"{'value': '0xc0364c7b647ad8c00000', 'address': '0xa2120b9e674d3fc3875f415a7df52e382f141225', 'decimal': '0x12'}",{'blockTimestamp': '2022-09-04T06:39:54.000Z'}
256,0xec0dfe,0x3849a96971ad5cda1eb1fe593fc54c43eb61526c3c1361f392bd9611f5d97b77:log:171,0x3849a96971ad5cda1eb1fe593fc54c43eb61526c3c1361f392bd9611f5d97b77,0x28c6c06298d514db089934071355e5743bf21d60,0xb638c9ed38621892c52611fac202aca483482c0d,907696.0,,,,ATA,erc20,"{'value': '0xc0364c7b647ad8c00000', 'address': '0xa2120b9e674d3fc3875f415a7df52e382f141225', 'decimal': '0x12'}",{'blockTimestamp': '2022-09-04T06:28:15.000Z'}
257,0xec0b05,0x8d4ec7d90b36c5a5e6f5398111e4b328449b71cf53469d38409a8ba38de77233:log:350,0x8d4ec7d90b36c5a5e6f5398111e4b328449b71cf53469d38409a8ba38de77233,0x7ecccabb5e4ff4537f70b0a5018e8c0cfd53fff4,0x28c6c06298d514db089934071355e5743bf21d60,921588.02594667,,,,ATA,erc20,"{'value': '0xc3276311ffde47c44c00', 'address': '0xa2120b9e674d3fc3875f415a7df52e382f141225', 'decimal': '0x12'}",{'blockTimestamp': '2022-09-04T03:30:01.000Z'}
258,0xec09f6,0x7f2d3c0b2be7dc57d4b6daa6678cc4494bab63e961b4906d0d3bc55478900e53:log:352,0x7f2d3c0b2be7dc57d4b6daa6678cc4494bab63e961b4906d0d3bc55478900e53,0x4ea40d1f42c91bd37825e88d67bc2a27e162dff3,0x28c6c06298d514db089934071355e5743bf21d60,24999.999999999996,,,,ATA,erc20,"{'value': '0x054b40b1f852bda00000', 'address': '0xa2120b9e674d3fc3875f415a7df52e382f141225', 'decimal': '0x12'}",{'blockTimestamp': '2022-09-04T02:30:39.000Z'}
259,0xec09ea,0xcb5061230042fb17294473f86f2635508965c750504002db4d1208f7fbf8e366:log:259,0xcb5061230042fb17294473f86f2635508965c750504002db4d1208f7fbf8e366,0xa9d1e08c7793af67e9d92fe308d5697fb81d3e43,0x7ecccabb5e4ff4537f70b0a5018e8c0cfd53fff4,921588.02594667,,,,ATA,erc20,"{'value': '0xc3276311ffde47c44c00', 'address': '0xa2120b9e674d3fc3875f415a7df52e382f141225', 'decimal': '0x12'}",{'blockTimestamp': '2022-09-04T02:26:45.000Z'}
260,0xec097b,0x3329ce3104ba03b7cc5e140a008f65c4a4c36a33d776e65070d98111d7d0b44f:log:262,0x3329ce3104ba03b7cc5e140a008f65c4a4c36a33d776e65070d98111d7d0b44f,0x02742aa3d0ca88052cd8f7db2bc7629842e3dff3,0x4ea40d1f42c91bd37825e88d67bc2a27e162dff3,24999.999999999996,,,,ATA,erc20,"{'value': '0x054b40b1f852bda00000', 'address': '0xa2120b9e674d3fc3875f415a7df52e382f141225', 'decimal': '0x12'}",{'blockTimestamp': '2022-09-04T02:01:57.000Z'}
261,0xec068b,0x0bc8d32b1a3ee855419e1b633c256a44d5c5a8d1ad9d2cf79cb7740840f76b1e:log:574,0x0bc8d32b1a3ee855419e1b633c256a44d5c5a8d1ad9d2cf79cb7740840f76b1e,0xb638c9ed38621892c52611fac202aca483482c0d,0xa9d1e08c7793af67e9d92fe308d5697fb81d3e43,68190.0,,,,ATA,erc20,"{'value': '0x0e709659c1e55eb80000', 'address': '0xa2120b9e674d3fc3875f415a7df52e382f141225', 'decimal': '0x12'}",{'blockTimestamp': '2022-09-03T23:17:46.000Z'}
262,0xec064b,0x98df5d3c17668cff30a269197feef0338b48e73808af57474fac6a52a09aa068:log:245,0x98df5d3c17668cff30a269197feef0338b48e73808af57474fac6a52a09aa068,0xdfd5293d8e347dfe59e90efd55b2956a1343963d,0xb638c9ed38621892c52611fac202aca483482c0d,68190.0,,,,ATA,erc20,"{'value': '0x0e709659c1e55eb80000', 'address': '0xa2120b9e674d3fc3875f415a7df52e382f141225', 'decimal': '0x12'}",{'blockTimestamp': '2022-09-03T23:00:59.000Z'}
263,0xebf112,0x4387f90d7ccbfd466f7aa3f0dc35f6100ce167435dfe34272a0e714a7cefb0b5:log:186,0x4387f90d7ccbfd466f7aa3f0dc35f6100ce167435dfe34272a0e714a7cefb0b5,0x7db8d9c10f338133b82db0082d62954d56f57d22,0x28c6c06298d514db089934071355e5743bf21d60,14880.357142857143,,,,ATA,erc20,"{'value': '0x0326aa705deae2916db7', 'address': '0xa2120b9e674d3fc3875f415a7df52e382f141225', 'decimal': '0x12'}",{'blockTimestamp': '2022-09-03T02:00:09.000Z'}
264,0xebf0cf,0xa283ea29b18a6068933c293282c28dae44048325c1474209371ab123148bf711:log:196,0xa283ea29b18a6068933c293282c28dae44048325c1474209371ab123148bf711,0x20f7c7e4b410af0d7309a04792fc22c7b4c7f46e,0x7db8d9c10f338133b82db0082d62954d56f57d22,14880.357142857143,,,,ATA,erc20,"{'value': '0x0326aa705deae2916db7', 'address': '0xa2120b9e674d3fc3875f415a7df52e382f141225', 'decimal': '0x12'}",{'blockTimestamp': '2022-09-03T01:45:54.000Z'}
265,0xebf0c4,0xb9b23e92d1404af3555f154290d039a3d437a8f26e72bc1dbaf3f6038e9cad07:log:247,0xb9b23e92d1404af3555f154290d039a3d437a8f26e72bc1dbaf3f6038e9cad07,0xa2120b9e674d3fc3875f415a7df52e382f141225,0x20f7c7e4b410af0d7309a04792fc22c7b4c7f46e,14880.357142857143,,,,ATA,erc20,"{'value': '0x0326aa705deae2916db7', 'address': '0xa2120b9e674d3fc3875f415a7df52e382f141225', 'decimal': '0x12'}",{'blockTimestamp': '2022-09-03T01:42:28.000Z'}
266,0xebe4ba,0x0ce4beb3e2429def28f3eacbe8ff1bf4ee2b278955cddfa431840d8dc14bffa8:log:667,0x0ce4beb3e2429def28f3eacbe8ff1bf4ee2b278955cddfa431840d8dc14bffa8,0xf16e9b0d03470827a95cdfd0cb8a8a3b46969b91,0x1f8dd194700bd78188f0977294edbaad929d5e1d,782.9472999999999,,,,ATA,erc20,"{'value': '0x2a7193951e0f324000', 'address': '0xa2120b9e674d3fc3875f415a7df52e382f141225', 'decimal': '0x12'}",{'blockTimestamp': '2022-09-02T13:49:42.000Z'}
267,0xebe3e8,0xfa448902b6ab6921388aca5a630e115b46c97d24a71e21207ba2b10e1ad7affb:log:237,0xfa448902b6ab6921388aca5a630e115b46c97d24a71e21207ba2b10e1ad7affb,0xf7bb3785a9d73d1140d18371be511c8d6ca06536,0x28c6c06298d514db089934071355e5743bf21d60,14880.357142857143,,,,ATA,erc20,"{'value': '0x0326aa705deae2916db7', 'address': '0xa2120b9e674d3fc3875f415a7df52e382f141225', 'decimal': '0x12'}",{'blockTimestamp': '2022-09-02T13:00:26.000Z'}
268,0xebe376,0xeb768f0a235b1a6ec170bc699a45fdf72a8781c52be93a6af0cc138074a8acc7:log:377,0xeb768f0a235b1a6ec170bc699a45fdf72a8781c52be93a6af0cc138074a8acc7,0x4d883824258f7253101f266a23207dcb2dd45768,0xf7bb3785a9d73d1140d18371be511c8d6ca06536,14880.357142857143,,,,ATA,erc20,"{'value': '0x0326aa705deae2916db7', 'address': '0xa2120b9e674d3fc3875f415a7df52e382f141225', 'decimal': '0x12'}",{'blockTimestamp': '2022-09-02T12:37:31.000Z'}
269,0xebe1f9,0xfc2fd1832fbef4e1bdc4a7abddba238dd9a57cb4b6e3ace1205737de3c9edc33:log:60,0xfc2fd1832fbef4e1bdc4a7abddba238dd9a57cb4b6e3ace1205737de3c9edc33,0xa2120b9e674d3fc3875f415a7df52e382f141225,0x4d883824258f7253101f266a23207dcb2dd45768,14880.357142857143,,,,ATA,erc20,"{'value': '0x0326aa705deae2916db7', 'address': '0xa2120b9e674d3fc3875f415a7df52e382f141225', 'decimal': '0x12'}",{'blockTimestamp': '2022-09-02T11:10:41.000Z'}
270,0xebda2d,0x60626c3ce8d9a088324b62edf9244726b0d20a41515d3c4b119ce1cdbda13d28:log:70,0x60626c3ce8d9a088324b62edf9244726b0d20a41515d3c4b119ce1cdbda13d28,0xa2120b9e674d3fc3875f415a7df52e382f141225,0xb0325dbe7fa891436e83a094f9f12848c78e449b,312500.0,,,,ATA,erc20,"{'value': '0x422ca8b0a00a42500000', 'address': '0xa2120b9e674d3fc3875f415a7df52e382f141225', 'decimal': '0x12'}",{'blockTimestamp': '2022-09-02T03:30:41.000Z'}
271,0xebd83e,0x2fe651f7878ca584f683a47f8ad970f5a390991ca6e27466d8a6c45530622f6d:log:208,0x2fe651f7878ca584f683a47f8ad970f5a390991ca6e27466d8a6c45530622f6d,0x04dc703bc7ac82f5995318c50caf929f08c52296,0xf16e9b0d03470827a95cdfd0cb8a8a3b46969b91,74401.78571428571,,,,ATA,erc20,"{'value': '0x0fc15431d5966cd72493', 'address': '0xa2120b9e674d3fc3875f415a7df52e382f141225', 'decimal': '0x12'}",{'blockTimestamp': '2022-09-02T01:38:40.000Z'}
272,0xebd7ab,0x201a7f82280784aea4110d1e59ce87bfacbfd5fc6b8d2ffe2f1e3fbbc6ae7293:log:504,0x201a7f82280784aea4110d1e59ce87bfacbfd5fc6b8d2ffe2f1e3fbbc6ae7293,0x41e3fe77de1eca115902eb058b1fb57395358d62,0x04dc703bc7ac82f5995318c50caf929f08c52296,74401.78571428571,,,,ATA,erc20,"{'value': '0x0fc15431d5966cd72493', 'address': '0xa2120b9e674d3fc3875f415a7df52e382f141225', 'decimal': '0x12'}",{'blockTimestamp': '2022-09-02T01:04:37.000Z'}
273,0xebd7a5,0x2c00ab17e67012b7c3506f6144b47e2ddc2a856698da1dd032eaf92e04ebde9f:log:110,0x2c00ab17e67012b7c3506f6144b47e2ddc2a856698da1dd032eaf92e04ebde9f,0xa2120b9e674d3fc3875f415a7df52e382f141225,0x41e3fe77de1eca115902eb058b1fb57395358d62,74401.78571428571,,,,ATA,erc20,"{'value': '0x0fc15431d5966cd72493', 'address': '0xa2120b9e674d3fc3875f415a7df52e382f141225', 'decimal': '0x12'}",{'blockTimestamp': '2022-09-02T01:01:42.000Z'}
274,0xebd267,0x4bd4904a7b15d790a01e94ce63e550e9fac5e42c9e1947970fdbf9aa5d929639:log:34,0x4bd4904a7b15d790a01e94ce63e550e9fac5e42c9e1947970fdbf9aa5d929639,0x6d9635a2e167d5e9cfe153b86577c7aaa4df8e18,0x28c6c06298d514db089934071355e5743bf21d60,44641.07142857143,,,,ATA,erc20,"{'value': '0x0973ff5119c0a7b44925', 'address': '0xa2120b9e674d3fc3875f415a7df52e382f141225', 'decimal': '0x12'}",{'blockTimestamp': '2022-09-01T20:00:22.000Z'}
275,0xebd1ed,0x6a3cdd298a852f365f5792b4fdd662c955f9b0e5376d4cb5f7f6c8a39a979e41:log:107,0x6a3cdd298a852f365f5792b4fdd662c955f9b0e5376d4cb5f7f6c8a39a979e41,0x8fbef0d5e0d37a9e3fa43bfa03c69f73c90ec17e,0x6d9635a2e167d5e9cfe153b86577c7aaa4df8e18,44641.07142857143,,,,ATA,erc20,"{'value': '0x0973ff5119c0a7b44925', 'address': '0xa2120b9e674d3fc3875f415a7df52e382f141225', 'decimal': '0x12'}",{'blockTimestamp': '2022-09-01T19:34:43.000Z'}
276,0xebc94c,0x4c1ebec8b354d19c7f48b50829c58f1f2701f13fdea330bd1ec72192ad326f33:log:292,0x4c1ebec8b354d19c7f48b50829c58f1f2701f13fdea330bd1ec72192ad326f33,0xcf30dfed07cb9977cfcc3ee5a5b15b45b1663ab5,0x28c6c06298d514db089934071355e5743bf21d60,633910.7142857142,,,,ATA,erc20,"{'value': '0x863c5e61c7f31b3adb6d', 'address': '0xa2120b9e674d3fc3875f415a7df52e382f141225', 'decimal': '0x12'}",{'blockTimestamp': '2022-09-01T11:00:11.000Z'}
277,0xebc914,0x9cead9df29db098d2a2da7ea9234ea00ad46cc1ca5a34bbc069acfaf7e59e9db:log:571,0x9cead9df29db098d2a2da7ea9234ea00ad46cc1ca5a34bbc069acfaf7e59e9db,0x02d115a57c075ad4767848b6881ea10a24ac39b2,0xcf30dfed07cb9977cfcc3ee5a5b15b45b1663ab5,633910.7142857142,,,,ATA,erc20,"{'value': '0x863c5e61c7f31b3adb6d', 'address': '0xa2120b9e674d3fc3875f415a7df52e382f141225', 'decimal': '0x12'}",{'blockTimestamp': '2022-09-01T10:47:36.000Z'}
278,0xebc904,0xe2fb09a09e74530d3f616a2ba1873c3063c5c5bdd9b603190883f8d9a2f263fe:log:128,0xe2fb09a09e74530d3f616a2ba1873c3063c5c5bdd9b603190883f8d9a2f263fe,0xa2120b9e674d3fc3875f415a7df52e382f141225,0x02d115a57c075ad4767848b6881ea10a24ac39b2,633910.7142857142,,,,ATA,erc20,"{'value': '0x863c5e61c7f31b3adb6d', 'address': '0xa2120b9e674d3fc3875f415a7df52e382f141225', 'decimal': '0x12'}",{'blockTimestamp': '2022-09-01T10:44:16.000Z'}
279,0xebc838,0xca92d9e57bdfee454683a0d52fcbcee44e45f248bef2fbd3550a9457aeaae200:log:505,0xca92d9e57bdfee454683a0d52fcbcee44e45f248bef2fbd3550a9457aeaae200,0x1b6ccc5509bc04cfc32f72716588da4bf807cf4e,0x28c6c06298d514db089934071355e5743bf21d60,14880.357142857143,,,,ATA,erc20,"{'value': '0x0326aa705deae2916db7', 'address': '0xa2120b9e674d3fc3875f415a7df52e382f141225', 'decimal': '0x12'}",{'blockTimestamp': '2022-09-01T10:00:30.000Z'}
280,0xebc806,0x37f9799510ebc7549019a8416dff51916ffe997495954fd161bfff0ead2ebb5c:log:255,0x37f9799510ebc7549019a8416dff51916ffe997495954fd161bfff0ead2ebb5c,0xb638c9ed38621892c52611fac202aca483482c0d,0xa9d1e08c7793af67e9d92fe308d5697fb81d3e43,68837.0,,,,ATA,erc20,"{'value': '0x0e93a94781f16c740000', 'address': '0xa2120b9e674d3fc3875f415a7df52e382f141225', 'decimal': '0x12'}",{'blockTimestamp': '2022-09-01T09:45:03.000Z'}
281,0xebc7d9,0x828cf2f68112f3e4b5e49d23a388581844e02b4d4f216cfd294fea1a2012a97e:log:7,0x828cf2f68112f3e4b5e49d23a388581844e02b4d4f216cfd294fea1a2012a97e,0x21a31ee1afc51d94c2efccaa2092ad1028285549,0xb638c9ed38621892c52611fac202aca483482c0d,68837.0,,,,ATA,erc20,"{'value': '0x0e93a94781f16c740000', 'address': '0xa2120b9e674d3fc3875f415a7df52e382f141225', 'decimal': '0x12'}",{'blockTimestamp': '2022-09-01T09:35:22.000Z'}
282,0xebc7d7,0xa37705df66a467111738fd8d83a51ca162e3a71d286ef432ac63df4274d52d4a:log:479,0xa37705df66a467111738fd8d83a51ca162e3a71d286ef432ac63df4274d52d4a,0xcbbc8d8963a44349843b44c9018587c99ef5c28e,0x1b6ccc5509bc04cfc32f72716588da4bf807cf4e,14880.357142857143,,,,ATA,erc20,"{'value': '0x0326aa705deae2916db7', 'address': '0xa2120b9e674d3fc3875f415a7df52e382f141225', 'decimal': '0x12'}",{'blockTimestamp': '2022-09-01T09:34:51.000Z'}
283,0xebc7bc,0xd9c31a88576fcb4b8369df33e3bdbc1380d108d45363f22c833951adb944799f:log:89,0xd9c31a88576fcb4b8369df33e3bdbc1380d108d45363f22c833951adb944799f,0xa2120b9e674d3fc3875f415a7df52e382f141225,0xcbbc8d8963a44349843b44c9018587c99ef5c28e,14880.357142857143,,,,ATA,erc20,"{'value': '0x0326aa705deae2916db7', 'address': '0xa2120b9e674d3fc3875f415a7df52e382f141225', 'decimal': '0x12'}",{'blockTimestamp': '2022-09-01T09:29:41.000Z'}
284,0xebc6a0,0x58d05349d26dc35fcd69920e8b7e564334dfe9a945a91907e568aadb09f51ec1:log:482,0x58d05349d26dc35fcd69920e8b7e564334dfe9a945a91907e568aadb09f51ec1,0x28c6c06298d514db089934071355e5743bf21d60,0xffe9be91eeee0a168d9b92abc6cb3aeaf0e76e43,75000.0,,,,ATA,erc20,"{'value': '0x0fe1c215e8f838e00000', 'address': '0xa2120b9e674d3fc3875f415a7df52e382f141225', 'decimal': '0x12'}",{'blockTimestamp': '2022-09-01T08:26:01.000Z'}
285,0xebc672,0x52ffd8fbac4e3ee75993094dec96dcb2ba830ddd9ce9cab8ba5a758a3c8671b8:log:174,0x52ffd8fbac4e3ee75993094dec96dcb2ba830ddd9ce9cab8ba5a758a3c8671b8,0xdfd5293d8e347dfe59e90efd55b2956a1343963d,0x02742aa3d0ca88052cd8f7db2bc7629842e3dff3,24999.999999999996,,,,ATA,erc20,"{'value': '0x054b40b1f852bda00000', 'address': '0xa2120b9e674d3fc3875f415a7df52e382f141225', 'decimal': '0x12'}",{'blockTimestamp': '2022-09-01T08:12:48.000Z'}
286,0xebc66d,0x7b23e75eb96dbc7b4dfd65d1bb53d0afb7d9fa59700c8d7b7b7e89b2d88be903:log:96,0x7b23e75eb96dbc7b4dfd65d1bb53d0afb7d9fa59700c8d7b7b7e89b2d88be903,0x21a31ee1afc51d94c2efccaa2092ad1028285549,0x27f904be4e0c76fecbcec4f2ebe8c8ddb7f06b02,24999.999999999996,,,,ATA,erc20,"{'value': '0x054b40b1f852bda00000', 'address': '0xa2120b9e674d3fc3875f415a7df52e382f141225', 'decimal': '0x12'}",{'blockTimestamp': '2022-09-01T08:11:26.000Z'}
287,0xebc60e,0xab0249a90080085355ebb68e8a9e9bce261cdc90641c8a7b55f897337fc5bcf3:log:357,0xab0249a90080085355ebb68e8a9e9bce261cdc90641c8a7b55f897337fc5bcf3,0x3c02290922a3618a4646e3bbca65853ea45fe7c6,0x6c4a0d3036e46fe3f31a89d194f24df2ec6928da,26.8,,,,ATA,erc20,"{'value': '0x0173ecba01ec780000', 'address': '0xa2120b9e674d3fc3875f415a7df52e382f141225', 'decimal': '0x12'}",{'blockTimestamp': '2022-09-01T07:49:52.000Z'}
288,0xebc538,0x6bdbb70da16b3336dcec39be23cefd7ba6cbae533ebaaf9e6f7e2d1d081b73b6:log:327,0x6bdbb70da16b3336dcec39be23cefd7ba6cbae533ebaaf9e6f7e2d1d081b73b6,0x4ea40d1f42c91bd37825e88d67bc2a27e162dff3,0x28c6c06298d514db089934071355e5743bf21d60,44641.07142857143,,,,ATA,erc20,"{'value': '0x0973ff5119c0a7b44925', 'address': '0xa2120b9e674d3fc3875f415a7df52e382f141225', 'decimal': '0x12'}",{'blockTimestamp': '2022-09-01T07:00:10.000Z'}
289,0xebc4dd,0x7eccd174ff769f4ab0ea28ab772e705ab536243a382a5a5077d1a02e4149a89c:log:620,0x7eccd174ff769f4ab0ea28ab772e705ab536243a382a5a5077d1a02e4149a89c,0x4f4ff77788ed76cc1c855a33a94de82662bc6254,0x4ea40d1f42c91bd37825e88d67bc2a27e162dff3,44641.07142857143,,,,ATA,erc20,"{'value': '0x0973ff5119c0a7b44925', 'address': '0xa2120b9e674d3fc3875f415a7df52e382f141225', 'decimal': '0x12'}",{'blockTimestamp': '2022-09-01T06:41:04.000Z'}
290,0xebc4c9,0x4efaff82aef4b57ae4d50b27e88850673351135eafe5b8c446f4426c154e59b1:log:156,0x4efaff82aef4b57ae4d50b27e88850673351135eafe5b8c446f4426c154e59b1,0xa2120b9e674d3fc3875f415a7df52e382f141225,0x4f4ff77788ed76cc1c855a33a94de82662bc6254,44641.07142857143,,,,ATA,erc20,"{'value': '0x0973ff5119c0a7b44925', 'address': '0xa2120b9e674d3fc3875f415a7df52e382f141225', 'decimal': '0x12'}",{'blockTimestamp': '2022-09-01T06:36:16.000Z'}
291,0xebc4ad,0xd3df522935983ec167b586a61596d2eb97b1bb3199406e57568f3fadd90e739d:log:286,0xd3df522935983ec167b586a61596d2eb97b1bb3199406e57568f3fadd90e739d,0xbf6b41e10144130726b34b242a67523a853fbcfb,0x28c6c06298d514db089934071355e5743bf21d60,595214.2857142857,,,,ATA,erc20,"{'value': '0x7e0aa18eacb366b92493', 'address': '0xa2120b9e674d3fc3875f415a7df52e382f141225', 'decimal': '0x12'}",{'blockTimestamp': '2022-09-01T06:30:14.000Z'}
292,0xebc469,0x52872f6b9064ec2b635cda9d715e9212874407230c4854bb2f8efd76831230c9:log:615,0x52872f6b9064ec2b635cda9d715e9212874407230c4854bb2f8efd76831230c9,0xa2120b9e674d3fc3875f415a7df52e382f141225,0xb14025f7eb7717cff43e7a33b66d86eabd6bc7d7,22320.535714285714,,,,ATA,erc20,"{'value': '0x04b9ffa88ce053da2493', 'address': '0xa2120b9e674d3fc3875f415a7df52e382f141225', 'decimal': '0x12'}",{'blockTimestamp': '2022-09-01T06:12:19.000Z'}
293,0xebc462,0xe20a83899124fa4fc7d9ed4b5634715679ed6635af443a4207c83063d23cac57:log:359,0xe20a83899124fa4fc7d9ed4b5634715679ed6635af443a4207c83063d23cac57,0xd924ea8fe7fce36b448bacca523090bb7976ae07,0xbf6b41e10144130726b34b242a67523a853fbcfb,595214.2857142857,,,,ATA,erc20,"{'value': '0x7e0aa18eacb366b92493', 'address': '0xa2120b9e674d3fc3875f415a7df52e382f141225', 'decimal': '0x12'}",{'blockTimestamp': '2022-09-01T06:10:08.000Z'}
294,0xebc441,0x5fe128818ac978efd61493ef11e67cc63bcd9048629d413a2a4f1e93987511d2:log:83,0x5fe128818ac978efd61493ef11e67cc63bcd9048629d413a2a4f1e93987511d2,0xa2120b9e674d3fc3875f415a7df52e382f141225,0xd924ea8fe7fce36b448bacca523090bb7976ae07,595214.2857142857,,,,ATA,erc20,"{'value': '0x7e0aa18eacb366b92493', 'address': '0xa2120b9e674d3fc3875f415a7df52e382f141225', 'decimal': '0x12'}",{'blockTimestamp': '2022-09-01T06:04:06.000Z'}
295,0xebbe80,0x7135c8d924efb23359db8734e307ee86375da223a6d9d4367756d122f0e6614b:log:294,0x7135c8d924efb23359db8734e307ee86375da223a6d9d4367756d122f0e6614b,0xa2120b9e674d3fc3875f415a7df52e382f141225,0xdedea2917faa29bdd6245987d4c0647d246afabd,29760.714285714286,,,,ATA,erc20,"{'value': '0x064d54e0bbd5c522db6d', 'address': '0xa2120b9e674d3fc3875f415a7df52e382f141225', 'decimal': '0x12'}",{'blockTimestamp': '2022-09-01T00:21:49.000Z'}
296,0xebb908,0x1e396627c0793585cb5d0a8ff0058503c8579430ab6526216061b4bcacdbb572:log:323,0x1e396627c0793585cb5d0a8ff0058503c8579430ab6526216061b4bcacdbb572,0xb638c9ed38621892c52611fac202aca483482c0d,0xa9d1e08c7793af67e9d92fe308d5697fb81d3e43,52055.0,,,,ATA,erc20,"{'value': '0x0b05e83e8cca2efc0000', 'address': '0xa2120b9e674d3fc3875f415a7df52e382f141225', 'decimal': '0x12'}",{'blockTimestamp': '2022-08-31T19:00:54.000Z'}
297,0xebb8e7,0xc72d35a7fc09e56600d386f08f7928523da47102599ca699680fdc3d008c5187:log:255,0xc72d35a7fc09e56600d386f08f7928523da47102599ca699680fdc3d008c5187,0x28c6c06298d514db089934071355e5743bf21d60,0xb638c9ed38621892c52611fac202aca483482c0d,52055.0,,,,ATA,erc20,"{'value': '0x0b05e83e8cca2efc0000', 'address': '0xa2120b9e674d3fc3875f415a7df52e382f141225', 'decimal': '0x12'}",{'blockTimestamp': '2022-08-31T18:50:33.000Z'}
298,0xebb8d2,0x8dadd5175a84bb81da2f03b9485019e4ff93791e6701ceb42b861075747e4ed4:log:659,0x8dadd5175a84bb81da2f03b9485019e4ff93791e6701ceb42b861075747e4ed4,0x01d92b36d30fe614e309aaf20c80c5c3bd380616,0xf16e9b0d03470827a95cdfd0cb8a8a3b46969b91,14880.357142857143,,,,ATA,erc20,"{'value': '0x0326aa705deae2916db7', 'address': '0xa2120b9e674d3fc3875f415a7df52e382f141225', 'decimal': '0x12'}",{'blockTimestamp': '2022-08-31T18:42:01.000Z'}
299,0xebb813,0x54536026a219365f7a5d0c69835ccf233561d5a2157e30f1eabe4200daa33e70:log:182,0x54536026a219365f7a5d0c69835ccf233561d5a2157e30f1eabe4200daa33e70,0xaf63977a00d25a301c21d4ad076bc10da23f6f63,0x01d92b36d30fe614e309aaf20c80c5c3bd380616,14880.357142857143,,,,ATA,erc20,"{'value': '0x0326aa705deae2916db7', 'address': '0xa2120b9e674d3fc3875f415a7df52e382f141225', 'decimal': '0x12'}",{'blockTimestamp': '2022-08-31T17:56:12.000Z'}
300,0xebb808,0xfd6b42c59fc5ed136c08f7a236719a7a6b2cfc133f86df5167113fbebd0cec1c:log:437,0xfd6b42c59fc5ed136c08f7a236719a7a6b2cfc133f86df5167113fbebd0cec1c,0xa2120b9e674d3fc3875f415a7df52e382f141225,0xaf63977a00d25a301c21d4ad076bc10da23f6f63,14880.357142857143,,,,ATA,erc20,"{'value': '0x0326aa705deae2916db7', 'address': '0xa2120b9e674d3fc3875f415a7df52e382f141225', 'decimal': '0x12'}",{'blockTimestamp': '2022-08-31T17:53:45.000Z'}
301,0xebb5e0,0xc4b566db699fd028bafeb9f2ff5cdc34e956eb53d732049a2041967480e04f9f:log:4,0xc4b566db699fd028bafeb9f2ff5cdc34e956eb53d732049a2041967480e04f9f,0xa2120b9e674d3fc3875f415a7df52e382f141225,0xa0ff757077b5d796259582b2b9db99c906277007,23808.571428571428,,,,ATA,erc20,"{'value': '0x050aaa4d63116a824925', 'address': '0xa2120b9e674d3fc3875f415a7df52e382f141225', 'decimal': '0x12'}",{'blockTimestamp': '2022-08-31T15:57:08.000Z'}
302,0xebb5a9,0xfd05fbfc84746e884ea76040b8695a34b552fda29d1db498c5ddebd069ae5b84:log:64,0xfd05fbfc84746e884ea76040b8695a34b552fda29d1db498c5ddebd069ae5b84,0xa2120b9e674d3fc3875f415a7df52e382f141225,0x8fbef0d5e0d37a9e3fa43bfa03c69f73c90ec17e,44641.07142857143,,,,ATA,erc20,"{'value': '0x0973ff5119c0a7b44925', 'address': '0xa2120b9e674d3fc3875f415a7df52e382f141225', 'decimal': '0x12'}",{'blockTimestamp': '2022-08-31T15:43:40.000Z'}
303,0xebaead,0x8acf480473bb96e970e2d3b68731089e1da23ac9d07fa8c275350ba0d002872c:log:264,0x8acf480473bb96e970e2d3b68731089e1da23ac9d07fa8c275350ba0d002872c,0xe37af6db3bd4743f750e2b2c9ae09a752a3332fc,0x28c6c06298d514db089934071355e5743bf21d60,148803.571428,,,,ATA,erc20,"{'value': '0x1f82a863aaa7cde24000', 'address': '0xa2120b9e674d3fc3875f415a7df52e382f141225', 'decimal': '0x12'}",{'blockTimestamp': '2022-08-31T08:59:32.000Z'}
304,0xebae61,0x90cbda6a7bd3892e4126cdd774cf233886bbacbec6e72f63fd7a25056fc0c8ad:log:428,0x90cbda6a7bd3892e4126cdd774cf233886bbacbec6e72f63fd7a25056fc0c8ad,0x5e38feb229039ff40648b3fafd85ebf7bc018989,0xe37af6db3bd4743f750e2b2c9ae09a752a3332fc,148753.57142857142,,,,ATA,erc20,"{'value': '0x1f7ff27ffc1628264925', 'address': '0xa2120b9e674d3fc3875f415a7df52e382f141225', 'decimal': '0x12'}",{'blockTimestamp': '2022-08-31T08:41:43.000Z'}
305,0xebae4e,0x73ffe3b71992942f7295e00a119c003acdf2fdd811932dbabd0036e78dc85cde:log:235,0x73ffe3b71992942f7295e00a119c003acdf2fdd811932dbabd0036e78dc85cde,0x5e38feb229039ff40648b3fafd85ebf7bc018989,0xe37af6db3bd4743f750e2b2c9ae09a752a3332fc,50.0,,,,ATA,erc20,"{'value': '0x02b5e3af16b1880000', 'address': '0xa2120b9e674d3fc3875f415a7df52e382f141225', 'decimal': '0x12'}",{'blockTimestamp': '2022-08-31T08:37:58.000Z'}
306,0xebacfe,0x6d65da59471997ac8c9a35560aae4cf551854016dfbb77bb349148840348cd19:log:515,0x6d65da59471997ac8c9a35560aae4cf551854016dfbb77bb349148840348cd19,0xa2120b9e674d3fc3875f415a7df52e382f141225,0x5e38feb229039ff40648b3fafd85ebf7bc018989,148803.57142857142,,,,ATA,erc20,"{'value': '0x1f82a863ab2cd9ae4925', 'address': '0xa2120b9e674d3fc3875f415a7df52e382f141225', 'decimal': '0x12'}",{'blockTimestamp': '2022-08-31T07:16:49.000Z'}
307,0xebacca,0x3d348900158b91691cc31b0f82b61f07d73c9ad511935badca2016f7361fc63c:log:158,0x3d348900158b91691cc31b0f82b61f07d73c9ad511935badca2016f7361fc63c,0x28c6c06298d514db089934071355e5743bf21d60,0x21a31ee1afc51d94c2efccaa2092ad1028285549,1666665.9999999998,,,,ATA,erc20,"{'value': '0x0160ee2518311447680000', 'address': '0xa2120b9e674d3fc3875f415a7df52e382f141225', 'decimal': '0x12'}",{'blockTimestamp': '2022-08-31T07:02:06.000Z'}
308,0xebacc3,0xd5c6cb800fa93bc621baec9908f45ac667952b7166f075e6c82f9a6844a65ebc:log:493,0xd5c6cb800fa93bc621baec9908f45ac667952b7166f075e6c82f9a6844a65ebc,0x505a2044b18aafb64f1b56c76cf9097e9e940a59,0x28c6c06298d514db089934071355e5743bf21d60,312500.0,,,,ATA,erc20,"{'value': '0x422ca8b0a00a42500000', 'address': '0xa2120b9e674d3fc3875f415a7df52e382f141225', 'decimal': '0x12'}",{'blockTimestamp': '2022-08-31T07:00:45.000Z'}
309,0xebacc2,0xf0498320850cc5346d394fcaadd34df28cb75ce81c12dd74e9e1141f9c3db9ec:log:255,0xf0498320850cc5346d394fcaadd34df28cb75ce81c12dd74e9e1141f9c3db9ec,0x729704905905aad4401400c1342e8184c948d59f,0x28c6c06298d514db089934071355e5743bf21d60,1148.0,,,,ATA,erc20,"{'value': '0x3e3bb34da2a4700000', 'address': '0xa2120b9e674d3fc3875f415a7df52e382f141225', 'decimal': '0x12'}",{'blockTimestamp': '2022-08-31T07:00:42.000Z'}
310,0xebac11,0x29adfa3313ba0088d47f0bfd5e2c8ae5edfb38dcd2226d527cc03a715a557fee:log:39,0x29adfa3313ba0088d47f0bfd5e2c8ae5edfb38dcd2226d527cc03a715a557fee,0x61f92a958f2116c1ed916a6d29ef55b1da016d55,0x505a2044b18aafb64f1b56c76cf9097e9e940a59,312500.0,,,,ATA,erc20,"{'value': '0x422ca8b0a00a42500000', 'address': '0xa2120b9e674d3fc3875f415a7df52e382f141225', 'decimal': '0x12'}",{'blockTimestamp': '2022-08-31T06:21:44.000Z'}
311,0xebabcf,0x7938712b9dd7b918d46fdc3e4f71400ca7afef0a58445989681047f6004a911c:log:138,0x7938712b9dd7b918d46fdc3e4f71400ca7afef0a58445989681047f6004a911c,0xa2120b9e674d3fc3875f415a7df52e382f141225,0x61f92a958f2116c1ed916a6d29ef55b1da016d55,312500.0,,,,ATA,erc20,"{'value': '0x422ca8b0a00a42500000', 'address': '0xa2120b9e674d3fc3875f415a7df52e382f141225', 'decimal': '0x12'}",{'blockTimestamp': '2022-08-31T06:05:22.000Z'}
312,0xeba8f2,0x095213d2752bf85869d92d0ce638870380229984e2b4365385210bbcb990d916:log:114,0x095213d2752bf85869d92d0ce638870380229984e2b4365385210bbcb990d916,0x8a5eb5e6b7d0211fec85d1ad70dd7a7ac7a3936c,0x729704905905aad4401400c1342e8184c948d59f,1148.0,,,,ATA,erc20,"{'value': '0x3e3bb34da2a4700000', 'address': '0xa2120b9e674d3fc3875f415a7df52e382f141225', 'decimal': '0x12'}",{'blockTimestamp': '2022-08-31T03:15:35.000Z'}
313,0xeba727,0x3810ab6ab09cb01cb7d11393cecf8a8213f3f14045fef8d79626b0c105831442:log:617,0x3810ab6ab09cb01cb7d11393cecf8a8213f3f14045fef8d79626b0c105831442,0x2765b477ce6fdc03325f86586405d7d4ad3d4bfa,0x28c6c06298d514db089934071355e5743bf21d60,187500.0,,,,ATA,erc20,"{'value': '0x27b46536c66c8e300000', 'address': '0xa2120b9e674d3fc3875f415a7df52e382f141225', 'decimal': '0x12'}",{'blockTimestamp': '2022-08-31T01:30:09.000Z'}
314,0xeba6b5,0xf9d52542c731c6541c764b90254d75bbf274631a1ff6568681f2ad55fe9b0fb5:log:633,0xf9d52542c731c6541c764b90254d75bbf274631a1ff6568681f2ad55fe9b0fb5,0x2ce5f9f52c1eec9a1183f91139c59b485ff39dad,0x2765b477ce6fdc03325f86586405d7d4ad3d4bfa,187500.0,,,,ATA,erc20,"{'value': '0x27b46536c66c8e300000', 'address': '0xa2120b9e674d3fc3875f415a7df52e382f141225', 'decimal': '0x12'}",{'blockTimestamp': '2022-08-31T01:04:47.000Z'}
315,0xeba64b,0x1294b1b979dfc291eaf6ca80c8a3bc62c4cdc53cedee5538d1744ccc0de79e06:log:158,0x1294b1b979dfc291eaf6ca80c8a3bc62c4cdc53cedee5538d1744ccc0de79e06,0xa2120b9e674d3fc3875f415a7df52e382f141225,0x2ce5f9f52c1eec9a1183f91139c59b485ff39dad,187500.0,,,,ATA,erc20,"{'value': '0x27b46536c66c8e300000', 'address': '0xa2120b9e674d3fc3875f415a7df52e382f141225', 'decimal': '0x12'}",{'blockTimestamp': '2022-08-31T00:40:13.000Z'}
316,0xeba40d,0x2a341ce0dff47bcda2c9de01ae89810a70c25f14da629acc737b14f69d4744e1:log:636,0x2a341ce0dff47bcda2c9de01ae89810a70c25f14da629acc737b14f69d4744e1,0xf16e9b0d03470827a95cdfd0cb8a8a3b46969b91,0xf05e2a70346560d3228c7002194bb7c5dc8fe100,35649.0,,,,ATA,erc20,"{'value': '0x078c8941ef80cc640000', 'address': '0xa2120b9e674d3fc3875f415a7df52e382f141225', 'decimal': '0x12'}",{'blockTimestamp': '2022-08-30T22:25:01.000Z'}
317,0xeba18d,0xff63adff543b32e1cc13ca732bbea977de767d8da03463e61c2170a14ee8dd9e:log:137,0xff63adff543b32e1cc13ca732bbea977de767d8da03463e61c2170a14ee8dd9e,0x69c361fb378c74956c9bece9a2c59fcc044e88cd,0x28c6c06298d514db089934071355e5743bf21d60,1139.344135,,,,ATA,erc20,"{'value': '0x3dc3937e474fb37000', 'address': '0xa2120b9e674d3fc3875f415a7df52e382f141225', 'decimal': '0x12'}",{'blockTimestamp': '2022-08-30T20:00:01.000Z'}
318,0xeba180,0xbc4617da326174724f926af93994f204005c51e8b080978180aa0f4915771bec:log:83,0xbc4617da326174724f926af93994f204005c51e8b080978180aa0f4915771bec,0xc03d68f02befc1f2201c81ef58f3d0e9422cfb99,0x69c361fb378c74956c9bece9a2c59fcc044e88cd,1139.344135,,,,ATA,erc20,"{'value': '0x3dc3937e474fb37000', 'address': '0xa2120b9e674d3fc3875f415a7df52e382f141225', 'decimal': '0x12'}",{'blockTimestamp': '2022-08-30T19:56:58.000Z'}
319,0xeb9cdf,0x44b7357b97a4141a223c3d37bc08b21fd98f3321ca9d3d0eb73ec192d877aaf3:log:284,0x44b7357b97a4141a223c3d37bc08b21fd98f3321ca9d3d0eb73ec192d877aaf3,0x21a31ee1afc51d94c2efccaa2092ad1028285549,0xfdbdfa3cfaa3e93d9397a67f7996ba28c1656b79,249.938,,,,ATA,erc20,"{'value': '0x0d8c9626c58f950000', 'address': '0xa2120b9e674d3fc3875f415a7df52e382f141225', 'decimal': '0x12'}",{'blockTimestamp': '2022-08-30T15:23:15.000Z'}
320,0xeb98f9,0xdc594b86a68673538b20c52f13e13bcab8e0ff4dbc51ac96f8fb8d5058854be8:log:217,0xdc594b86a68673538b20c52f13e13bcab8e0ff4dbc51ac96f8fb8d5058854be8,0x6767526a362ec6c6b1df185478e4f01506b73ff3,0x28c6c06298d514db089934071355e5743bf21d60,40724.0,,,,ATA,erc20,"{'value': '0x089fa707db002fd00000', 'address': '0xa2120b9e674d3fc3875f415a7df52e382f141225', 'decimal': '0x12'}",{'blockTimestamp': '2022-08-30T11:29:53.000Z'}
321,0xeb9831,0x853a91d3e31805d7c8c225b4d69fe928a59b3c5a822b0720b5e77e84491759e8:log:249,0x853a91d3e31805d7c8c225b4d69fe928a59b3c5a822b0720b5e77e84491759e8,0x3c02290922a3618a4646e3bbca65853ea45fe7c6,0x6767526a362ec6c6b1df185478e4f01506b73ff3,40724.0,,,,ATA,erc20,"{'value': '0x089fa707db002fd00000', 'address': '0xa2120b9e674d3fc3875f415a7df52e382f141225', 'decimal': '0x12'}",{'blockTimestamp': '2022-08-30T10:43:41.000Z'}
322,0xeb87ec,0xb49613cb482a0ba154212f0ee5efb42f593466bb686154c682a8b29bcc28e836:log:242,0xb49613cb482a0ba154212f0ee5efb42f593466bb686154c682a8b29bcc28e836,0xb638c9ed38621892c52611fac202aca483482c0d,0xa9d1e08c7793af67e9d92fe308d5697fb81d3e43,132078.0,,,,ATA,erc20,"{'value': '0x1bf7f67544c3caf80000', 'address': '0xa2120b9e674d3fc3875f415a7df52e382f141225', 'decimal': '0x12'}",{'blockTimestamp': '2022-08-29T18:49:46.000Z'}
323,0xeb87c4,0xc5ce1661f609b3f1e19ebb2f047f4d8118d2e6278a96e72e0478d10668dd4389:log:346,0xc5ce1661f609b3f1e19ebb2f047f4d8118d2e6278a96e72e0478d10668dd4389,0x28c6c06298d514db089934071355e5743bf21d60,0xb638c9ed38621892c52611fac202aca483482c0d,132078.0,,,,ATA,erc20,"{'value': '0x1bf7f67544c3caf80000', 'address': '0xa2120b9e674d3fc3875f415a7df52e382f141225', 'decimal': '0x12'}",{'blockTimestamp': '2022-08-29T18:41:22.000Z'}
324,0xeb85a1,0x9f0c0b49dd3759b0c80da12562c011b0455572d17b4206f0c960f9590e211ab2:log:553,0x9f0c0b49dd3759b0c80da12562c011b0455572d17b4206f0c960f9590e211ab2,0xaad60b6615b9eb13a9b0212af7b298f26dd74e7f,0x28c6c06298d514db089934071355e5743bf21d60,23662.999999999996,,,,ATA,erc20,"{'value': '0x0502c617c80d845c0000', 'address': '0xa2120b9e674d3fc3875f415a7df52e382f141225', 'decimal': '0x12'}",{'blockTimestamp': '2022-08-29T16:30:55.000Z'}
325,0xeb8551,0xa6befb028e48808e2d27e5b395f934f41235f7f800c8707fc0285987ac4ac528:log:179,0xa6befb028e48808e2d27e5b395f934f41235f7f800c8707fc0285987ac4ac528,0x3c02290922a3618a4646e3bbca65853ea45fe7c6,0xaad60b6615b9eb13a9b0212af7b298f26dd74e7f,23662.999999999996,,,,ATA,erc20,"{'value': '0x0502c617c80d845c0000', 'address': '0xa2120b9e674d3fc3875f415a7df52e382f141225', 'decimal': '0x12'}",{'blockTimestamp': '2022-08-29T16:11:59.000Z'}
326,0xeb7ef8,0xd515b44eee9768656c63b514e8cf56f218384faa7656c723c46af67e7914db5f:log:242,0xd515b44eee9768656c63b514e8cf56f218384faa7656c723c46af67e7914db5f,0x2f90e61efd17978a6475ee08cd9c7072c9ed2838,0x28c6c06298d514db089934071355e5743bf21d60,29762.14285714286,,,,ATA,erc20,"{'value': '0x064d68b409fafd689249', 'address': '0xa2120b9e674d3fc3875f415a7df52e382f141225', 'decimal': '0x12'}",{'blockTimestamp': '2022-08-29T10:00:27.000Z'}
327,0xeb7e84,0xed00d594d2196e48e0a7680ea0f1fd4428728adcf41cce518c4eb975e14437d6:log:203,0xed00d594d2196e48e0a7680ea0f1fd4428728adcf41cce518c4eb975e14437d6,0x10ad752202fd4c7bbe3107fedba7a225bac85578,0x2f90e61efd17978a6475ee08cd9c7072c9ed2838,29762.14285714286,,,,ATA,erc20,"{'value': '0x064d68b409fafd689249', 'address': '0xa2120b9e674d3fc3875f415a7df52e382f141225', 'decimal': '0x12'}",{'blockTimestamp': '2022-08-29T09:31:00.000Z'}
328,0xeb7133,0x041789360c2dfe725113b4ec193e4cdf2e4cf7784607d89b6e4b2ce9b22e31cc:log:571,0x041789360c2dfe725113b4ec193e4cdf2e4cf7784607d89b6e4b2ce9b22e31cc,0x2c90044a084600043f432a58644ba26e90abcc8b,0xf16e9b0d03470827a95cdfd0cb8a8a3b46969b91,29760.0,,,,ATA,erc20,"{'value': '0x064d4af714c329000000', 'address': '0xa2120b9e674d3fc3875f415a7df52e382f141225', 'decimal': '0x12'}",{'blockTimestamp': '2022-08-28T20:36:01.000Z'}
329,0xeb7037,0x8ba066eea9b6d5cba7423d2c8e624e9ada82eccd9f5079b61403a0e9c3f129e9:log:383,0x8ba066eea9b6d5cba7423d2c8e624e9ada82eccd9f5079b61403a0e9c3f129e9,0xca5abbbb3cc7451f21f98cd83d776ccaa8094101,0x2c90044a084600043f432a58644ba26e90abcc8b,29760.0,,,,ATA,erc20,"{'value': '0x064d4af714c329000000', 'address': '0xa2120b9e674d3fc3875f415a7df52e382f141225', 'decimal': '0x12'}",{'blockTimestamp': '2022-08-28T19:33:33.000Z'}
330,0xeb6f1c,0xa45774e251d91856925ce0fab9d046eb5c89be31fbfb27004fa939d5a8abddc7:log:35,0xa45774e251d91856925ce0fab9d046eb5c89be31fbfb27004fa939d5a8abddc7,0xc62a44a5cdf585c7c72e7df13daccef7f0adfd21,0x28c6c06298d514db089934071355e5743bf21d60,29760.0,,,,ATA,erc20,"{'value': '0x064d4af714c329000000', 'address': '0xa2120b9e674d3fc3875f415a7df52e382f141225', 'decimal': '0x12'}",{'blockTimestamp': '2022-08-28T18:30:32.000Z'}
331,0xeb6eaf,0x5852f6cd37742723eb012e57e16e9fbde1c3861e6c0679924cc1a4418c870036:log:302,0x5852f6cd37742723eb012e57e16e9fbde1c3861e6c0679924cc1a4418c870036,0x273ba31c706b9d9fdae1fd999183bfa865895be9,0x10ad752202fd4c7bbe3107fedba7a225bac85578,29762.14285714286,,,,ATA,erc20,"{'value': '0x064d68b409fafd689249', 'address': '0xa2120b9e674d3fc3875f415a7df52e382f141225', 'decimal': '0x12'}",{'blockTimestamp': '2022-08-28T18:05:11.000Z'}
332,0xeb6ea8,0x29b3081f37b229c04d098c69cf4985a765acfa55ac8a6d7a3825448d0a572b59:log:451,0x29b3081f37b229c04d098c69cf4985a765acfa55ac8a6d7a3825448d0a572b59,0x273ba31c706b9d9fdae1fd999183bfa865895be9,0xca5abbbb3cc7451f21f98cd83d776ccaa8094101,29760.0,,,,ATA,erc20,"{'value': '0x064d4af714c329000000', 'address': '0xa2120b9e674d3fc3875f415a7df52e382f141225', 'decimal': '0x12'}",{'blockTimestamp': '2022-08-28T18:02:15.000Z'}
333,0xeb6ea3,0x71ebabe2473b71e001afa1e9fcfaeb443790d3e71aaba97f473c5ed2a55e251d:log:547,0x71ebabe2473b71e001afa1e9fcfaeb443790d3e71aaba97f473c5ed2a55e251d,0x273ba31c706b9d9fdae1fd999183bfa865895be9,0xc62a44a5cdf585c7c72e7df13daccef7f0adfd21,29760.0,,,,ATA,erc20,"{'value': '0x064d4af714c329000000', 'address': '0xa2120b9e674d3fc3875f415a7df52e382f141225', 'decimal': '0x12'}",{'blockTimestamp': '2022-08-28T18:00:40.000Z'}
334,0xeb6d35,0x8ec5bb3621f740522ee211a1dd9309dbab04a0cc6902106fdf34a514f27fd4b8:log:76,0x8ec5bb3621f740522ee211a1dd9309dbab04a0cc6902106fdf34a514f27fd4b8,0x28c6c06298d514db089934071355e5743bf21d60,0xdfd5293d8e347dfe59e90efd55b2956a1343963d,925684.0,,,,ATA,erc20,"{'value': '0xc4056e210bf8a7500000', 'address': '0xa2120b9e674d3fc3875f415a7df52e382f141225', 'decimal': '0x12'}",{'blockTimestamp': '2022-08-28T16:40:25.000Z'}
335,0xeb6d33,0x9d17bd4f4b4176878dbd9c5223465dbf0fc6ccf89418cf359f8d353714618919:log:68,0x9d17bd4f4b4176878dbd9c5223465dbf0fc6ccf89418cf359f8d353714618919,0xb638c9ed38621892c52611fac202aca483482c0d,0xa9d1e08c7793af67e9d92fe308d5697fb81d3e43,505048.0,,,,ATA,erc20,"{'value': '0x6af2b4fa0d038c600000', 'address': '0xa2120b9e674d3fc3875f415a7df52e382f141225', 'decimal': '0x12'}",{'blockTimestamp': '2022-08-28T16:39:58.000Z'}
336,0xeb6d04,0xbe6629d0266ea2ba055cadcb1ed392f2798ac38e55597536e9dd9114d7431062:log:482,0xbe6629d0266ea2ba055cadcb1ed392f2798ac38e55597536e9dd9114d7431062,0xdfd5293d8e347dfe59e90efd55b2956a1343963d,0xb638c9ed38621892c52611fac202aca483482c0d,505048.0,,,,ATA,erc20,"{'value': '0x6af2b4fa0d038c600000', 'address': '0xa2120b9e674d3fc3875f415a7df52e382f141225', 'decimal': '0x12'}",{'blockTimestamp': '2022-08-28T16:29:57.000Z'}
337,0xeb6c98,0x7daa906353f1bc66ce35aac8a94eadcff35fe39e9f737f8a053552088389bf0e:log:94,0x7daa906353f1bc66ce35aac8a94eadcff35fe39e9f737f8a053552088389bf0e,0xa2120b9e674d3fc3875f415a7df52e382f141225,0x273ba31c706b9d9fdae1fd999183bfa865895be9,89282.14285714286,,,,ATA,erc20,"{'value': '0x12e7fea233814f689249', 'address': '0xa2120b9e674d3fc3875f415a7df52e382f141225', 'decimal': '0x12'}",{'blockTimestamp': '2022-08-28T16:00:37.000Z'}
338,0xeb6aec,0xaa0051a2720ea02abcba47f4b9a96d9872b83eaab185fb195e0ddd4d346ac53d:log:384,0xaa0051a2720ea02abcba47f4b9a96d9872b83eaab185fb195e0ddd4d346ac53d,0x66c319a322dd128fcd54e578a87bdacca142ecc0,0x28c6c06298d514db089934071355e5743bf21d60,300000.0,,,,ATA,erc20,"{'value': '0x3f870857a3e0e3800000', 'address': '0xa2120b9e674d3fc3875f415a7df52e382f141225', 'decimal': '0x12'}",{'blockTimestamp': '2022-08-28T14:30:15.000Z'}
339,0xeb6acf,0x5a26e81b97a21e39b95eff66f197ec8a36a2e9f6cb4f9e7e5f42899c9bb67504:log:64,0x5a26e81b97a21e39b95eff66f197ec8a36a2e9f6cb4f9e7e5f42899c9bb67504,0x85247f053914cea7ddec95ea7dfab043d7992449,0x66c319a322dd128fcd54e578a87bdacca142ecc0,300000.0,,,,ATA,erc20,"{'value': '0x3f870857a3e0e3800000', 'address': '0xa2120b9e674d3fc3875f415a7df52e382f141225', 'decimal': '0x12'}",{'blockTimestamp': '2022-08-28T14:21:50.000Z'}
340,0xeb687b,0xda2a65464207e10d4714e6bd1a5296be67970f4d68628a0853bbe1fcd886380f:log:164,0xda2a65464207e10d4714e6bd1a5296be67970f4d68628a0853bbe1fcd886380f,0x8594d8e9483473626908648a5539d9d65ca2fe8d,0x40ec5b33f54e0e8a33a975908c5ba1c14e5bbbdf,386.5793796340284,,,,ATA,erc20,"{'value': '0x14f4ddd99781242955', 'address': '0xa2120b9e674d3fc3875f415a7df52e382f141225', 'decimal': '0x12'}",{'blockTimestamp': '2022-08-28T12:08:24.000Z'}
341,0xeb687a,0x7fc81f238982806137e39b0fefa6901e36e82ee0525da26bf31550a2fc4bf3c3:log:5,0x7fc81f238982806137e39b0fefa6901e36e82ee0525da26bf31550a2fc4bf3c3,0x5654d65578cda52791879751141f2f3d7dc27fe4,0x8594d8e9483473626908648a5539d9d65ca2fe8d,386.5793796340284,,,,ATA,erc20,"{'value': '0x14f4ddd99781242955', 'address': '0xa2120b9e674d3fc3875f415a7df52e382f141225', 'decimal': '0x12'}",{'blockTimestamp': '2022-08-28T12:07:25.000Z'}
342,0xeb64c6,0xf64f89f35fcd32d40ea96b8fc3942fad1e478869d99c87c6e71a61759c2713d4:log:296,0xf64f89f35fcd32d40ea96b8fc3942fad1e478869d99c87c6e71a61759c2713d4,0x21a31ee1afc51d94c2efccaa2092ad1028285549,0xcd6c2a908b45f13e4d977f40b2747673b9f6e981,1747.229,,,,ATA,erc20,"{'value': '0x5eb7ac5e48b4fc8000', 'address': '0xa2120b9e674d3fc3875f415a7df52e382f141225', 'decimal': '0x12'}",{'blockTimestamp': '2022-08-28T08:30:14.000Z'}
343,0xeb646b,0xe33187535b77287aa0e9c2100f7b027cd6174109cbc17831bb434087630e3826:log:27,0xe33187535b77287aa0e9c2100f7b027cd6174109cbc17831bb434087630e3826,0x28c6c06298d514db089934071355e5743bf21d60,0xbad3663e937259e0c79faf4e77c379a10a00bf5b,355175.0,,,,ATA,erc20,"{'value': '0x4b361348de33253c0000', 'address': '0xa2120b9e674d3fc3875f415a7df52e382f141225', 'decimal': '0x12'}",{'blockTimestamp': '2022-08-28T08:08:32.000Z'}
344,0xeb63ce,0xb224e65a4747f7ce55be2cb6c8c32487ff2082d98754bf0f751e4fc69039bb73:log:630,0xb224e65a4747f7ce55be2cb6c8c32487ff2082d98754bf0f751e4fc69039bb73,0x7ecccabb5e4ff4537f70b0a5018e8c0cfd53fff4,0x28c6c06298d514db089934071355e5743bf21d60,420737.61824845005,,,,ATA,erc20,"{'value': '0x59183b638986b2939400', 'address': '0xa2120b9e674d3fc3875f415a7df52e382f141225', 'decimal': '0x12'}",{'blockTimestamp': '2022-08-28T07:29:58.000Z'}
345,0xeb62a0,0xffee1e7f3cf58636402fd58dad20fa819ee2c2b95c333eb41dda2db56b351c31:log:112,0xffee1e7f3cf58636402fd58dad20fa819ee2c2b95c333eb41dda2db56b351c31,0xa9d1e08c7793af67e9d92fe308d5697fb81d3e43,0x7ecccabb5e4ff4537f70b0a5018e8c0cfd53fff4,420737.61824845005,,,,ATA,erc20,"{'value': '0x59183b638986b2939400', 'address': '0xa2120b9e674d3fc3875f415a7df52e382f141225', 'decimal': '0x12'}",{'blockTimestamp': '2022-08-28T06:23:39.000Z'}
346,0xeb5a19,0x528d8fc4d4460893c46975b065f599c32fa5164def857713b95f527636b09fab:log:128,0x528d8fc4d4460893c46975b065f599c32fa5164def857713b95f527636b09fab,0xb638c9ed38621892c52611fac202aca483482c0d,0xa9d1e08c7793af67e9d92fe308d5697fb81d3e43,108098.0,,,,ATA,erc20,"{'value': '0x16e4011b403fffc80000', 'address': '0xa2120b9e674d3fc3875f415a7df52e382f141225', 'decimal': '0x12'}",{'blockTimestamp': '2022-08-27T21:44:56.000Z'}
347,0xeb59eb,0xa455b7e4addf26aff0c0dd266936c9a130f0f89fc5ceacd7ed755ad915bf86c5:log:88,0xa455b7e4addf26aff0c0dd266936c9a130f0f89fc5ceacd7ed755ad915bf86c5,0xdfd5293d8e347dfe59e90efd55b2956a1343963d,0xb638c9ed38621892c52611fac202aca483482c0d,108098.0,,,,ATA,erc20,"{'value': '0x16e4011b403fffc80000', 'address': '0xa2120b9e674d3fc3875f415a7df52e382f141225', 'decimal': '0x12'}",{'blockTimestamp': '2022-08-27T21:35:42.000Z'}
348,0xeb57e0,0x39818d1ab65afef0b554165c862693ba24ef8299adb6891c3ae3156c90a700dd:log:62,0x39818d1ab65afef0b554165c862693ba24ef8299adb6891c3ae3156c90a700dd,0x8594d8e9483473626908648a5539d9d65ca2fe8d,0x40ec5b33f54e0e8a33a975908c5ba1c14e5bbbdf,546.7638820599423,,,,ATA,erc20,"{'value': '0x1da3df85dab46ed564', 'address': '0xa2120b9e674d3fc3875f415a7df52e382f141225', 'decimal': '0x12'}",{'blockTimestamp': '2022-08-27T19:35:13.000Z'}
349,0xeb57dc,0xe7ba2a1f234c2eeef9f9e4e93adb3d0b38f6e97c7ab46a3fce019da31a8e19c9:log:192,0xe7ba2a1f234c2eeef9f9e4e93adb3d0b38f6e97c7ab46a3fce019da31a8e19c9,0x5654d65578cda52791879751141f2f3d7dc27fe4,0x8594d8e9483473626908648a5539d9d65ca2fe8d,546.7638820599423,,,,ATA,erc20,"{'value': '0x1da3df85dab46ed564', 'address': '0xa2120b9e674d3fc3875f415a7df52e382f141225', 'decimal': '0x12'}",{'blockTimestamp': '2022-08-27T19:34:45.000Z'}
350,0xeb57b3,0x41733eb7c22035ae1584d61bad717eea731abec34520d8adbc4e8fb4f5b18374:log:157,0x41733eb7c22035ae1584d61bad717eea731abec34520d8adbc4e8fb4f5b18374,0x74de5d4fcbf63e00296fd95d33236b9794016631,0x5654d65578cda52791879751141f2f3d7dc27fe4,551.6869770405602,,,,ATA,erc20,"{'value': '0x1de831dea7cfacad76', 'address': '0xa2120b9e674d3fc3875f415a7df52e382f141225', 'decimal': '0x12'}",{'blockTimestamp': '2022-08-27T19:25:00.000Z'}
351,0xeb57b3,0x41733eb7c22035ae1584d61bad717eea731abec34520d8adbc4e8fb4f5b18374:log:155,0x41733eb7c22035ae1584d61bad717eea731abec34520d8adbc4e8fb4f5b18374,0x46aee03057910f82f54eb8be112dd705ea48e6b9,0x74de5d4fcbf63e00296fd95d33236b9794016631,551.6869770405602,,,,ATA,erc20,"{'value': '0x1de831dea7cfacad76', 'address': '0xa2120b9e674d3fc3875f415a7df52e382f141225', 'decimal': '0x12'}",{'blockTimestamp': '2022-08-27T19:25:00.000Z'}
352,0xeb5413,0xc2ea33f939261804c3e3c3fc66069113d709cbdd782fc44045f3b5ca8eff8589:log:78,0xc2ea33f939261804c3e3c3fc66069113d709cbdd782fc44045f3b5ca8eff8589,0xb638c9ed38621892c52611fac202aca483482c0d,0xa9d1e08c7793af67e9d92fe308d5697fb81d3e43,430048.0,,,,ATA,erc20,"{'value': '0x5b10f2e4240b53800000', 'address': '0xa2120b9e674d3fc3875f415a7df52e382f141225', 'decimal': '0x12'}",{'blockTimestamp': '2022-08-27T15:49:57.000Z'}
353,0xeb53f0,0x82f72af5d05104d8765a5bb252a6690f30f92c260fe10fc4e54939a707f48e66:log:91,0x82f72af5d05104d8765a5bb252a6690f30f92c260fe10fc4e54939a707f48e66,0x21a31ee1afc51d94c2efccaa2092ad1028285549,0xb638c9ed38621892c52611fac202aca483482c0d,430048.0,,,,ATA,erc20,"{'value': '0x5b10f2e4240b53800000', 'address': '0xa2120b9e674d3fc3875f415a7df52e382f141225', 'decimal': '0x12'}",{'blockTimestamp': '2022-08-27T15:41:21.000Z'}
354,0xeb4c23,0x92196488f6e7321182284c3ae6a67ddc81f2f6281c6f8320d834502180c93bfe:log:14,0x92196488f6e7321182284c3ae6a67ddc81f2f6281c6f8320d834502180c93bfe,0x28c6c06298d514db089934071355e5743bf21d60,0x85247f053914cea7ddec95ea7dfab043d7992449,301332.344,,,,ATA,erc20,"{'value': '0x3fcf425464d1428c0000', 'address': '0xa2120b9e674d3fc3875f415a7df52e382f141225', 'decimal': '0x12'}",{'blockTimestamp': '2022-08-27T08:14:29.000Z'}
355,0xeb4bba,0xd8e86f6ea17fd5b50395caba2835d1c5e38587dfc71089b633d3d53bb25fa425:log:111,0xd8e86f6ea17fd5b50395caba2835d1c5e38587dfc71089b633d3d53bb25fa425,0x8d4054f3b15e603388d88eea42e1abe8fc402d43,0x48c04ed5691981c42154c6167398f95e8f38a7ff,26.0,,,,ATA,erc20,"{'value': '0x0168d28e3f00280000', 'address': '0xa2120b9e674d3fc3875f415a7df52e382f141225', 'decimal': '0x12'}",{'blockTimestamp': '2022-08-27T07:47:12.000Z'}
356,0xeb4ba2,0xb458cbc6a27347cb5d650716ec3c92f23ef144c4e79719f4d5d9c62d9a9df3ab:log:9,0xb458cbc6a27347cb5d650716ec3c92f23ef144c4e79719f4d5d9c62d9a9df3ab,0x3c02290922a3618a4646e3bbca65853ea45fe7c6,0x8d4054f3b15e603388d88eea42e1abe8fc402d43,26.0,,,,ATA,erc20,"{'value': '0x0168d28e3f00280000', 'address': '0xa2120b9e674d3fc3875f415a7df52e382f141225', 'decimal': '0x12'}",{'blockTimestamp': '2022-08-27T07:40:12.000Z'}
357,0xeb4a3e,0xf5d32efe02ad18e3b4ce7b7a9fe972517b6bccc451394e4bb6f56a2d441e8775:log:65,0xf5d32efe02ad18e3b4ce7b7a9fe972517b6bccc451394e4bb6f56a2d441e8775,0xb638c9ed38621892c52611fac202aca483482c0d,0xa9d1e08c7793af67e9d92fe308d5697fb81d3e43,312538.0,,,,ATA,erc20,"{'value': '0x422eb80bbeb51b280000', 'address': '0xa2120b9e674d3fc3875f415a7df52e382f141225', 'decimal': '0x12'}",{'blockTimestamp': '2022-08-27T06:14:55.000Z'}
358,0xeb4a1e,0x1b78da1bab535f553412f09436c27dcb598e84510549e5eab1fff6b54b7967be:log:34,0x1b78da1bab535f553412f09436c27dcb598e84510549e5eab1fff6b54b7967be,0xdfd5293d8e347dfe59e90efd55b2956a1343963d,0xb638c9ed38621892c52611fac202aca483482c0d,312538.0,,,,ATA,erc20,"{'value': '0x422eb80bbeb51b280000', 'address': '0xa2120b9e674d3fc3875f415a7df52e382f141225', 'decimal': '0x12'}",{'blockTimestamp': '2022-08-27T06:07:54.000Z'}
359,0xeb3edf,0xd989d2e2314b8e8213390f510ee6be59c2875220b949a89f480af85ac9bdc378:log:159,0xd989d2e2314b8e8213390f510ee6be59c2875220b949a89f480af85ac9bdc378,0x7ecccabb5e4ff4537f70b0a5018e8c0cfd53fff4,0x28c6c06298d514db089934071355e5743bf21d60,605827.11039908,,,,ATA,erc20,"{'value': '0x8049f4161a5dbb1a1000', 'address': '0xa2120b9e674d3fc3875f415a7df52e382f141225', 'decimal': '0x12'}",{'blockTimestamp': '2022-08-26T19:00:12.000Z'}
360,0xeb3eb9,0x38056d115152393904b46f281e696ad87ed67ecef38f586318c29981226ca895:log:223,0x38056d115152393904b46f281e696ad87ed67ecef38f586318c29981226ca895,0xa9d1e08c7793af67e9d92fe308d5697fb81d3e43,0x7ecccabb5e4ff4537f70b0a5018e8c0cfd53fff4,105838.55519954,,,,ATA,erc20,"{'value': '0x16698502cd4882210800', 'address': '0xa2120b9e674d3fc3875f415a7df52e382f141225', 'decimal': '0x12'}",{'blockTimestamp': '2022-08-26T18:51:52.000Z'}
361,0xeb3eb4,0x0b4d8f171e33382c14e7aa6da2ab9bd1f5ce201479e42091d863d211593103cb:log:199,0x0b4d8f171e33382c14e7aa6da2ab9bd1f5ce201479e42091d863d211593103cb,0xa9d1e08c7793af67e9d92fe308d5697fb81d3e43,0x7ecccabb5e4ff4537f70b0a5018e8c0cfd53fff4,499988.55519954,,,,ATA,erc20,"{'value': '0x69e06f134d1538f90800', 'address': '0xa2120b9e674d3fc3875f415a7df52e382f141225', 'decimal': '0x12'}",{'blockTimestamp': '2022-08-26T18:50:54.000Z'}
362,0xeb3ddb,0xb960d9d748d99a8b3049013e7fc9633cda031494dd4a6f73b8fbf2608105d41e:log:290,0xb960d9d748d99a8b3049013e7fc9633cda031494dd4a6f73b8fbf2608105d41e,0x28c6c06298d514db089934071355e5743bf21d60,0x21a31ee1afc51d94c2efccaa2092ad1028285549,1213091.5,,,,ATA,erc20,"{'value': '0x0100e1d26dafc6305e0000', 'address': '0xa2120b9e674d3fc3875f415a7df52e382f141225', 'decimal': '0x12'}",{'blockTimestamp': '2022-08-26T18:00:25.000Z'}
363,0xeb3dbd,0x906daa396d19b093105c65eebb85c8171215a24f538e8d5b155939536b8fd6a6:log:111,0x906daa396d19b093105c65eebb85c8171215a24f538e8d5b155939536b8fd6a6,0xb638c9ed38621892c52611fac202aca483482c0d,0xa9d1e08c7793af67e9d92fe308d5697fb81d3e43,560271.0,,,,ATA,erc20,"{'value': '0x76a45a0d890530dc0000', 'address': '0xa2120b9e674d3fc3875f415a7df52e382f141225', 'decimal': '0x12'}",{'blockTimestamp': '2022-08-26T17:55:01.000Z'}
364,0xeb3d9c,0x8444ab9e382aaaf36301b6c0c5d5d1c8e251ec1acc4bb82571bbc97184e3d5e3:log:111,0x8444ab9e382aaaf36301b6c0c5d5d1c8e251ec1acc4bb82571bbc97184e3d5e3,0x21a31ee1afc51d94c2efccaa2092ad1028285549,0xb638c9ed38621892c52611fac202aca483482c0d,560271.0,,,,ATA,erc20,"{'value': '0x76a45a0d890530dc0000', 'address': '0xa2120b9e674d3fc3875f415a7df52e382f141225', 'decimal': '0x12'}",{'blockTimestamp': '2022-08-26T17:46:28.000Z'}
365,0xeb382a,0xbbe32076bbd7ba53742f5b6454ee32b42abe7ce51be47863ad4cc95aa44fa3c9:log:258,0xbbe32076bbd7ba53742f5b6454ee32b42abe7ce51be47863ad4cc95aa44fa3c9,0xa9d1e08c7793af67e9d92fe308d5697fb81d3e43,0x82a9b32a10774f6496b28b59fd49188b7070a7fe,64.31005256,,,,ATA,erc20,"{'value': '0x037c7b3412f5802000', 'address': '0xa2120b9e674d3fc3875f415a7df52e382f141225', 'decimal': '0x12'}",{'blockTimestamp': '2022-08-26T12:29:03.000Z'}
366,0xeb3427,0xaadde3cce2241bf3e5917d1498b3697bcca466d061805b303fd795d4525e45fd:log:397,0xaadde3cce2241bf3e5917d1498b3697bcca466d061805b303fd795d4525e45fd,0x7ecccabb5e4ff4537f70b0a5018e8c0cfd53fff4,0x28c6c06298d514db089934071355e5743bf21d60,932119.91480576,,,,ATA,erc20,"{'value': '0xc56252639cdf39440000', 'address': '0xa2120b9e674d3fc3875f415a7df52e382f141225', 'decimal': '0x12'}",{'blockTimestamp': '2022-08-26T08:30:02.000Z'}
367,0xeb335f,0x9e95a31620adc8e7aa523667b1961f7fa406f4f9abec8023061d8acbcd36097a:log:270,0x9e95a31620adc8e7aa523667b1961f7fa406f4f9abec8023061d8acbcd36097a,0xa9d1e08c7793af67e9d92fe308d5697fb81d3e43,0x7ecccabb5e4ff4537f70b0a5018e8c0cfd53fff4,329464.95217769,,,,ATA,erc20,"{'value': '0x45c454b2497af0608400', 'address': '0xa2120b9e674d3fc3875f415a7df52e382f141225', 'decimal': '0x12'}",{'blockTimestamp': '2022-08-26T07:35:52.000Z'}
368,0xeb3347,0xe8ae64c9bfae72e355288e310a9a5bd322634ccb115f622624abfbe810c3adca:log:452,0xe8ae64c9bfae72e355288e310a9a5bd322634ccb115f622624abfbe810c3adca,0xd8259173fb6ae1fb2462213bc1fe951c41a35a59,0x28c6c06298d514db089934071355e5743bf21d60,1338.0,,,,ATA,erc20,"{'value': '0x48887ae6f8e0a80000', 'address': '0xa2120b9e674d3fc3875f415a7df52e382f141225', 'decimal': '0x12'}",{'blockTimestamp': '2022-08-26T07:30:29.000Z'}
369,0xeb3332,0x744164cefc8536a0454668b0cc8de3296e4c1a03cb324779b6b6de594c2f01bd:log:266,0x744164cefc8536a0454668b0cc8de3296e4c1a03cb324779b6b6de594c2f01bd,0xa9d1e08c7793af67e9d92fe308d5697fb81d3e43,0x7ecccabb5e4ff4537f70b0a5018e8c0cfd53fff4,602654.96262807,,,,ATA,erc20,"{'value': '0x7f9dfdb1536448e37c00', 'address': '0xa2120b9e674d3fc3875f415a7df52e382f141225', 'decimal': '0x12'}",{'blockTimestamp': '2022-08-26T07:26:23.000Z'}
370,0xeb3308,0x38b2e5029be35cc1a171305908820c91538eee80d01b5a7f1a3d2094d8525d50:log:186,0x38b2e5029be35cc1a171305908820c91538eee80d01b5a7f1a3d2094d8525d50,0x3c02290922a3618a4646e3bbca65853ea45fe7c6,0xd8259173fb6ae1fb2462213bc1fe951c41a35a59,1338.0,,,,ATA,erc20,"{'value': '0x48887ae6f8e0a80000', 'address': '0xa2120b9e674d3fc3875f415a7df52e382f141225', 'decimal': '0x12'}",{'blockTimestamp': '2022-08-26T07:16:00.000Z'}
371,0xeb23ba,0x41aaa7124d438571e11cce8616c6757c6ebba546b7d2d0fb22355c1ed1e06cf3:log:224,0x41aaa7124d438571e11cce8616c6757c6ebba546b7d2d0fb22355c1ed1e06cf3,0xb638c9ed38621892c52611fac202aca483482c0d,0xa9d1e08c7793af67e9d92fe308d5697fb81d3e43,70454.0,,,,ATA,erc20,"{'value': '0x0eeb51a986b5bb180000', 'address': '0xa2120b9e674d3fc3875f415a7df52e382f141225', 'decimal': '0x12'}",{'blockTimestamp': '2022-08-25T16:19:40.000Z'}
372,0xeb2393,0xaf706e52f089940d8907266fc9219d87ba3f4fd0f6e402a93d92c3a9b1d4060d:log:216,0xaf706e52f089940d8907266fc9219d87ba3f4fd0f6e402a93d92c3a9b1d4060d,0x28c6c06298d514db089934071355e5743bf21d60,0xb638c9ed38621892c52611fac202aca483482c0d,70454.0,,,,ATA,erc20,"{'value': '0x0eeb51a986b5bb180000', 'address': '0xa2120b9e674d3fc3875f415a7df52e382f141225', 'decimal': '0x12'}",{'blockTimestamp': '2022-08-25T16:10:45.000Z'}
373,0xeb10a3,0x88304729bcf5b0ac3a385df54710d9f9ff5bb59d4d90eb63a435aa65bd0d64a2:log:127,0x88304729bcf5b0ac3a385df54710d9f9ff5bb59d4d90eb63a435aa65bd0d64a2,0xa9d1e08c7793af67e9d92fe308d5697fb81d3e43,0x82a9b32a10774f6496b28b59fd49188b7070a7fe,13.42350437,,,,ATA,erc20,"{'value': '0xba49de1a8ec0f400', 'address': '0xa2120b9e674d3fc3875f415a7df52e382f141225', 'decimal': '0x12'}",{'blockTimestamp': '2022-08-24T21:14:00.000Z'}
374,0xeb0494,0x4f09f64ee9c882559005508d2f8a541a9fce8df377caa71c83bebd770cdfd1b4:log:282,0x4f09f64ee9c882559005508d2f8a541a9fce8df377caa71c83bebd770cdfd1b4,0x66c319a322dd128fcd54e578a87bdacca142ecc0,0x28c6c06298d514db089934071355e5743bf21d60,188200.0,,,,ATA,erc20,"{'value': '0x27da57aa59aa43a00000', 'address': '0xa2120b9e674d3fc3875f415a7df52e382f141225', 'decimal': '0x12'}",{'blockTimestamp': '2022-08-24T09:29:37.000Z'}
375,0xeb042c,0xe7455019711463b2f6f3d8352915468ed7f09f1fbf98635f79ee0f1bc4f20367:log:38,0xe7455019711463b2f6f3d8352915468ed7f09f1fbf98635f79ee0f1bc4f20367,0x85247f053914cea7ddec95ea7dfab043d7992449,0x66c319a322dd128fcd54e578a87bdacca142ecc0,188200.0,,,,ATA,erc20,"{'value': '0x27da57aa59aa43a00000', 'address': '0xa2120b9e674d3fc3875f415a7df52e382f141225', 'decimal': '0x12'}",{'blockTimestamp': '2022-08-24T09:06:10.000Z'}
376,0xeafe43,0x115805c97240863288e3f8900229395dd622709b9f34fcb6aed95cc22d53d68f:log:450,0x115805c97240863288e3f8900229395dd622709b9f34fcb6aed95cc22d53d68f,0x28c6c06298d514db089934071355e5743bf21d60,0xdfd5293d8e347dfe59e90efd55b2956a1343963d,884972.7579999999,,,,ATA,erc20,"{'value': '0xbb667826b66033ef0000', 'address': '0xa2120b9e674d3fc3875f415a7df52e382f141225', 'decimal': '0x12'}",{'blockTimestamp': '2022-08-24T03:20:08.000Z'}
377,0xeafe2e,0x86d76f9e9706128273347799da56c23030f6fae579e81ffc0ccae07a67a4dc1f:log:174,0x86d76f9e9706128273347799da56c23030f6fae579e81ffc0ccae07a67a4dc1f,0xdfd5293d8e347dfe59e90efd55b2956a1343963d,0x85247f053914cea7ddec95ea7dfab043d7992449,179972.108,,,,ATA,erc20,"{'value': '0x261c4eb9e4e7bd4e0000', 'address': '0xa2120b9e674d3fc3875f415a7df52e382f141225', 'decimal': '0x12'}",{'blockTimestamp': '2022-08-24T03:15:14.000Z'}
378,0xeafe23,0x9eb4adf9737f788e79bb55585553ee9437ccc58fe6c5562567eca0c2eee2d62a:log:330,0x9eb4adf9737f788e79bb55585553ee9437ccc58fe6c5562567eca0c2eee2d62a,0x21a31ee1afc51d94c2efccaa2092ad1028285549,0x85247f053914cea7ddec95ea7dfab043d7992449,7676.0,,,,ATA,erc20,"{'value': '0x01a01de632cf1a700000', 'address': '0xa2120b9e674d3fc3875f415a7df52e382f141225', 'decimal': '0x12'}",{'blockTimestamp': '2022-08-24T03:12:42.000Z'}
379,0xeafa66,0x2bc445b1fcf07fef14a33977fa11c91779598d8bba6e62d96cc7cba243c6d473:log:192,0x2bc445b1fcf07fef14a33977fa11c91779598d8bba6e62d96cc7cba243c6d473,0x6767526a362ec6c6b1df185478e4f01506b73ff3,0x28c6c06298d514db089934071355e5743bf21d60,28044.0,,,,ATA,erc20,"{'value': '0x05f044ae68851eb00000', 'address': '0xa2120b9e674d3fc3875f415a7df52e382f141225', 'decimal': '0x12'}",{'blockTimestamp': '2022-08-23T23:30:03.000Z'}
380,0xeafa2f,0x389504c8b0ed4cb1c2167535478653f288a7201fa73fb9b3066b955a9a32e6d6:log:47,0x389504c8b0ed4cb1c2167535478653f288a7201fa73fb9b3066b955a9a32e6d6,0x3c02290922a3618a4646e3bbca65853ea45fe7c6,0x6767526a362ec6c6b1df185478e4f01506b73ff3,28044.0,,,,ATA,erc20,"{'value': '0x05f044ae68851eb00000', 'address': '0xa2120b9e674d3fc3875f415a7df52e382f141225', 'decimal': '0x12'}",{'blockTimestamp': '2022-08-23T23:16:05.000Z'}
381,0xeaf049,0xcad94e0c87a8be01510601df02cd7b8a22a4b9d6907198fee9f30d4a2a4193d9:log:245,0xcad94e0c87a8be01510601df02cd7b8a22a4b9d6907198fee9f30d4a2a4193d9,0x20e74b82e9c2b24063c516397cd1fc2eeeb17cc0,0x3c02290922a3618a4646e3bbca65853ea45fe7c6,44521.68,,,,ATA,erc20,"{'value': '0x096d866d8a079d480000', 'address': '0xa2120b9e674d3fc3875f415a7df52e382f141225', 'decimal': '0x12'}",{'blockTimestamp': '2022-08-23T13:51:05.000Z'}
382,0xeaf002,0xded88ba97bd6e639ae6757f6ab2501076dfea64592a2bd35eb66dd5e0c83296a:log:247,0xded88ba97bd6e639ae6757f6ab2501076dfea64592a2bd35eb66dd5e0c83296a,0x28c6c06298d514db089934071355e5743bf21d60,0x20e74b82e9c2b24063c516397cd1fc2eeeb17cc0,44521.68,,,,ATA,erc20,"{'value': '0x096d866d8a079d480000', 'address': '0xa2120b9e674d3fc3875f415a7df52e382f141225', 'decimal': '0x12'}",{'blockTimestamp': '2022-08-23T13:33:31.000Z'}
383,0xeaebe4,0x6d43e77cfbb4777bfaca85edc48b150543359855683d9bdbd8da187110e323c7:log:449,0x6d43e77cfbb4777bfaca85edc48b150543359855683d9bdbd8da187110e323c7,0xdfd5293d8e347dfe59e90efd55b2956a1343963d,0xeac7ad7ab3feb33cfcaa5db1f87048c5741487a3,1802.0,,,,ATA,erc20,"{'value': '0x61afc60c9845e80000', 'address': '0xa2120b9e674d3fc3875f415a7df52e382f141225', 'decimal': '0x12'}",{'blockTimestamp': '2022-08-23T09:41:40.000Z'}
384,0xeae1b9,0xd628683b0e51fbdf795aa0049ed7100f9f9e8e88e735c3e6cebbab7b57c98b5f:log:315,0xd628683b0e51fbdf795aa0049ed7100f9f9e8e88e735c3e6cebbab7b57c98b5f,0xa9d1e08c7793af67e9d92fe308d5697fb81d3e43,0x422c431febc364d3d3ff83fc4789192d2d23c9a5,309.67627742,,,,ATA,erc20,"{'value': '0x10c99f2594086bb800', 'address': '0xa2120b9e674d3fc3875f415a7df52e382f141225', 'decimal': '0x12'}",{'blockTimestamp': '2022-08-22T23:39:40.000Z'}
385,0xeae14e,0x6ebe564273b997bd9db236ba0ebf0b28f0c8b22a9f2b90bc1434d1152b40ccef:log:245,0x6ebe564273b997bd9db236ba0ebf0b28f0c8b22a9f2b90bc1434d1152b40ccef,0xb2c086482acd6b9a2238a431d94dbea33ccb3dd6,0x5274551c110d2f4772f1b08a24ff740761d08946,1.0180703318349e-05,,,,ATA,erc20,"{'value': '0x09426134714d', 'address': '0xa2120b9e674d3fc3875f415a7df52e382f141225', 'decimal': '0x12'}",{'blockTimestamp': '2022-08-22T23:12:48.000Z'}
386,0xeae13c,0x6954e187c986a7f431b171811de71530bd4e812c2cec7dbc1deb7ed3118fe84e:log:458,0x6954e187c986a7f431b171811de71530bd4e812c2cec7dbc1deb7ed3118fe84e,0xb2c086482acd6b9a2238a431d94dbea33ccb3dd6,0x59a28b5a1f4a49cfe3680d4b1d7ccae48c17de3c,1e-18,,,,ATA,erc20,"{'value': '0x01', 'address': '0xa2120b9e674d3fc3875f415a7df52e382f141225', 'decimal': '0x12'}",{'blockTimestamp': '2022-08-22T23:08:57.000Z'}
387,0xeae117,0x40c6b71e38a5cd93099cf92f92c695edc0bad01e8f5c5e11d0501e727265633f:log:356,0x40c6b71e38a5cd93099cf92f92c695edc0bad01e8f5c5e11d0501e727265633f,0x7ecccabb5e4ff4537f70b0a5018e8c0cfd53fff4,0x28c6c06298d514db089934071355e5743bf21d60,635309.00062441,,,,ATA,erc20,"{'value': '0x86882b80c88e0ad28400', 'address': '0xa2120b9e674d3fc3875f415a7df52e382f141225', 'decimal': '0x12'}",{'blockTimestamp': '2022-08-22T23:00:35.000Z'}
388,0xeadfb4,0x6682de31c63ed4858fea9527c2a5215788de3c6d8f8392e8ddb8ddd05272a9d6:log:450,0x6682de31c63ed4858fea9527c2a5215788de3c6d8f8392e8ddb8ddd05272a9d6,0xb638c9ed38621892c52611fac202aca483482c0d,0xa9d1e08c7793af67e9d92fe308d5697fb81d3e43,644672.0,,,,ATA,erc20,"{'value': '0x8883bd38bd5b71000000', 'address': '0xa2120b9e674d3fc3875f415a7df52e382f141225', 'decimal': '0x12'}",{'blockTimestamp': '2022-08-22T21:39:57.000Z'}
389,0xeadf98,0x7fb450af704180b1ae74c53cef2b62f6e1f505754c13ea0a54666efed71c4d2a:log:147,0x7fb450af704180b1ae74c53cef2b62f6e1f505754c13ea0a54666efed71c4d2a,0x21a31ee1afc51d94c2efccaa2092ad1028285549,0xb638c9ed38621892c52611fac202aca483482c0d,644672.0,,,,ATA,erc20,"{'value': '0x8883bd38bd5b71000000', 'address': '0xa2120b9e674d3fc3875f415a7df52e382f141225', 'decimal': '0x12'}",{'blockTimestamp': '2022-08-22T21:32:45.000Z'}
390,0xeadde5,0x09b06d4904f57fdcac9dcbfb4fc6795d2df48e22b9ef11a7fdbe2b4ea710df2c:log:129,0x09b06d4904f57fdcac9dcbfb4fc6795d2df48e22b9ef11a7fdbe2b4ea710df2c,0xa9d1e08c7793af67e9d92fe308d5697fb81d3e43,0x7ecccabb5e4ff4537f70b0a5018e8c0cfd53fff4,635309.00062441,,,,ATA,erc20,"{'value': '0x86882b80c88e0ad28400', 'address': '0xa2120b9e674d3fc3875f415a7df52e382f141225', 'decimal': '0x12'}",{'blockTimestamp': '2022-08-22T20:00:11.000Z'}
391,0xeaddc0,0x901bfc5361ee68f9712175ef7c1cdf191c0183a19c3dbfab5484ae8727db805a:log:548,0x901bfc5361ee68f9712175ef7c1cdf191c0183a19c3dbfab5484ae8727db805a,0x227a2c0aa691ce32055fcd722e12f15ae3004b1a,0xb2c086482acd6b9a2238a431d94dbea33ccb3dd6,1.018070331835e-05,,,,ATA,erc20,"{'value': '0x09426134714e', 'address': '0xa2120b9e674d3fc3875f415a7df52e382f141225', 'decimal': '0x12'}",{'blockTimestamp': '2022-08-22T19:49:50.000Z'}
392,0xeaddb8,0xb47618b4c744304790d82955197f414cc7ab6ca0909c031991a69043cce9ba30:log:157,0xb47618b4c744304790d82955197f414cc7ab6ca0909c031991a69043cce9ba30,0x5654d65578cda52791879751141f2f3d7dc27fe4,0x227a2c0aa691ce32055fcd722e12f15ae3004b1a,1.018070331835e-05,,,,ATA,erc20,"{'value': '0x09426134714e', 'address': '0xa2120b9e674d3fc3875f415a7df52e382f141225', 'decimal': '0x12'}",{'blockTimestamp': '2022-08-22T19:47:39.000Z'}
393,0xead720,0xfdc38281fd614703b16c31c57a2b41114a6f686207f4814b3193d732dc399b24:log:310,0xfdc38281fd614703b16c31c57a2b41114a6f686207f4814b3193d732dc399b24,0xb638c9ed38621892c52611fac202aca483482c0d,0xa9d1e08c7793af67e9d92fe308d5697fb81d3e43,804412.0,,,,ATA,erc20,"{'value': '0xaa57430bca9093700000', 'address': '0xa2120b9e674d3fc3875f415a7df52e382f141225', 'decimal': '0x12'}",{'blockTimestamp': '2022-08-22T13:29:54.000Z'}
394,0xead6fd,0xac29a19b7f16849a5960772ad0e6b1ef6afa9c3af3d826be1c47dbda5adce6cb:log:138,0xac29a19b7f16849a5960772ad0e6b1ef6afa9c3af3d826be1c47dbda5adce6cb,0x28c6c06298d514db089934071355e5743bf21d60,0xb638c9ed38621892c52611fac202aca483482c0d,804412.0,,,,ATA,erc20,"{'value': '0xaa57430bca9093700000', 'address': '0xa2120b9e674d3fc3875f415a7df52e382f141225', 'decimal': '0x12'}",{'blockTimestamp': '2022-08-22T13:21:08.000Z'}
395,0xead422,0x1af27bcd3e37fa52fe6da222fa82a3285ca87549ac8a88277378fe9c1b8e05ac:log:27,0x1af27bcd3e37fa52fe6da222fa82a3285ca87549ac8a88277378fe9c1b8e05ac,0xee845948e6806d12e966137caa07d49bbe632fe3,0x28c6c06298d514db089934071355e5743bf21d60,47998.04807,,,,ATA,erc20,"{'value': '0x0a29fab9ef1b79926000', 'address': '0xa2120b9e674d3fc3875f415a7df52e382f141225', 'decimal': '0x12'}",{'blockTimestamp': '2022-08-22T10:30:14.000Z'}
396,0xead3e6,0x782bdc7b77c3f1ad1eeda499c846cca87eeae0e607a1586838f4149ecd41b89a:log:426,0x782bdc7b77c3f1ad1eeda499c846cca87eeae0e607a1586838f4149ecd41b89a,0xc1921072db5266d950acc8e721507f7542445ba5,0x28c6c06298d514db089934071355e5743bf21d60,31438.0,,,,ATA,erc20,"{'value': '0x06a841e4a2565a780000', 'address': '0xa2120b9e674d3fc3875f415a7df52e382f141225', 'decimal': '0x12'}",{'blockTimestamp': '2022-08-22T10:16:34.000Z'}
397,0xead0e1,0xae462039d45e527a5dccaae05c1b6b9fa0a5260f6acadab47b71f3e8027a7f85:log:301,0xae462039d45e527a5dccaae05c1b6b9fa0a5260f6acadab47b71f3e8027a7f85,0xf67633757032d9e460c423bb09979ace134ab6b7,0xa9d1e08c7793af67e9d92fe308d5697fb81d3e43,14972.000000000002,,,,ATA,erc20,"{'value': '0x032ba23d32f1bc700000', 'address': '0xa2120b9e674d3fc3875f415a7df52e382f141225', 'decimal': '0x12'}",{'blockTimestamp': '2022-08-22T07:10:00.000Z'}
398,0xead0b6,0x19daf75c43608ae25ad99d726003d9ec35c48a6bc424c259d3ecf7a1e67570df:log:302,0x19daf75c43608ae25ad99d726003d9ec35c48a6bc424c259d3ecf7a1e67570df,0x74de5d4fcbf63e00296fd95d33236b9794016631,0x5654d65578cda52791879751141f2f3d7dc27fe4,489.1697949740676,,,,ATA,erc20,"{'value': '0x1a849838cbd7f621bf', 'address': '0xa2120b9e674d3fc3875f415a7df52e382f141225', 'decimal': '0x12'}",{'blockTimestamp': '2022-08-22T07:00:31.000Z'}
399,0xead0b6,0x19daf75c43608ae25ad99d726003d9ec35c48a6bc424c259d3ecf7a1e67570df:log:300,0x19daf75c43608ae25ad99d726003d9ec35c48a6bc424c259d3ecf7a1e67570df,0xe853f94e2a12ce864bfe32fa9d57e081a9b96db8,0x74de5d4fcbf63e00296fd95d33236b9794016631,489.1697949740676,,,,ATA,erc20,"{'value': '0x1a849838cbd7f621bf', 'address': '0xa2120b9e674d3fc3875f415a7df52e382f141225', 'decimal': '0x12'}",{'blockTimestamp': '2022-08-22T07:00:31.000Z'}
400,0xead0b6,0x9ecc4e7f5de4b1079873b63f98a08afef78d6b5d754dad4a5358740f254619ab:log:271,0x9ecc4e7f5de4b1079873b63f98a08afef78d6b5d754dad4a5358740f254619ab,0xdfd5293d8e347dfe59e90efd55b2956a1343963d,0xf67633757032d9e460c423bb09979ace134ab6b7,14972.000000000002,,,,ATA,erc20,"{'value': '0x032ba23d32f1bc700000', 'address': '0xa2120b9e674d3fc3875f415a7df52e382f141225', 'decimal': '0x12'}",{'blockTimestamp': '2022-08-22T07:00:31.000Z'}
401,0xeacb13,0xe78edadd938f837821757bf33782acf13c233701c7d1f84199fe9ae2dd879eaf:log:275,0xe78edadd938f837821757bf33782acf13c233701c7d1f84199fe9ae2dd879eaf,0x4b8a339be06ff31752a806995b72e76e93dd9106,0x28c6c06298d514db089934071355e5743bf21d60,18236.26931244,,,,ATA,erc20,"{'value': '0x03dc97136fc4b73b3000', 'address': '0xa2120b9e674d3fc3875f415a7df52e382f141225', 'decimal': '0x12'}",{'blockTimestamp': '2022-08-22T01:29:56.000Z'}
402,0xeacacd,0x54543f6d60cd357fc4f256837a5610768bd56975cc24eeb219320677da1eea12:log:25,0x54543f6d60cd357fc4f256837a5610768bd56975cc24eeb219320677da1eea12,0xa9d1e08c7793af67e9d92fe308d5697fb81d3e43,0x4b8a339be06ff31752a806995b72e76e93dd9106,18236.26931244,,,,ATA,erc20,"{'value': '0x03dc97136fc4b73b3000', 'address': '0xa2120b9e674d3fc3875f415a7df52e382f141225', 'decimal': '0x12'}",{'blockTimestamp': '2022-08-22T01:11:01.000Z'}
403,0xeac4e8,0xbdb112e423336d96be42487aabba429d87f513a281149337578e1ba1470126e9:log:285,0xbdb112e423336d96be42487aabba429d87f513a281149337578e1ba1470126e9,0x7ecccabb5e4ff4537f70b0a5018e8c0cfd53fff4,0x28c6c06298d514db089934071355e5743bf21d60,291779.78692387,,,,ATA,erc20,"{'value': '0x3dc969f833b195cc2c00', 'address': '0xa2120b9e674d3fc3875f415a7df52e382f141225', 'decimal': '0x12'}",{'blockTimestamp': '2022-08-21T19:30:02.000Z'}
404,0xeabf2f,0x03341c56576542ae76965d60f93f0b45891ed675e5a536e752a74bac29c59b31:log:399,0x03341c56576542ae76965d60f93f0b45891ed675e5a536e752a74bac29c59b31,0x4b8a339be06ff31752a806995b72e76e93dd9106,0x28c6c06298d514db089934071355e5743bf21d60,41311.257026240004,,,,ATA,erc20,"{'value': '0x08bf7cdbecf1e7438000', 'address': '0xa2120b9e674d3fc3875f415a7df52e382f141225', 'decimal': '0x12'}",{'blockTimestamp': '2022-08-21T14:01:02.000Z'}
405,0xeabebe,0x01be16e5d6635872fc05f29d2a83e9d7ad744722133046b86e9720e43b803b5a:log:354,0x01be16e5d6635872fc05f29d2a83e9d7ad744722133046b86e9720e43b803b5a,0xa9d1e08c7793af67e9d92fe308d5697fb81d3e43,0x4b8a339be06ff31752a806995b72e76e93dd9106,41311.257026240004,,,,ATA,erc20,"{'value': '0x08bf7cdbecf1e7438000', 'address': '0xa2120b9e674d3fc3875f415a7df52e382f141225', 'decimal': '0x12'}",{'blockTimestamp': '2022-08-21T13:34:18.000Z'}
406,0xeabeb9,0xef10ec88b319759b86be895540fba0b69e20cc39ccc909e9de532d71d0ade09d:log:91,0xef10ec88b319759b86be895540fba0b69e20cc39ccc909e9de532d71d0ade09d,0xa9d1e08c7793af67e9d92fe308d5697fb81d3e43,0x7ecccabb5e4ff4537f70b0a5018e8c0cfd53fff4,57074.79598624,,,,ATA,erc20,"{'value': '0x0c1607e86a418dd48000', 'address': '0xa2120b9e674d3fc3875f415a7df52e382f141225', 'decimal': '0x12'}",{'blockTimestamp': '2022-08-21T13:32:55.000Z'}
407,0xeabea4,0xc38a52eec8a020b2197a6fd26a7b839dce7ca7d642367ba1722bfd46e6a53434:log:241,0xc38a52eec8a020b2197a6fd26a7b839dce7ca7d642367ba1722bfd46e6a53434,0x21a31ee1afc51d94c2efccaa2092ad1028285549,0xf9ed402f2e59482b0bebf4c14c121c3965c4b6a2,472.5,,,,ATA,erc20,"{'value': '0x199d41369674120000', 'address': '0xa2120b9e674d3fc3875f415a7df52e382f141225', 'decimal': '0x12'}",{'blockTimestamp': '2022-08-21T13:28:13.000Z'}
408,0xeabea3,0xa1410dd64b7fad2e7bd3501b9fb0bd5f6f4aba6797d5c91d39d4df1467ae7e17:log:224,0xa1410dd64b7fad2e7bd3501b9fb0bd5f6f4aba6797d5c91d39d4df1467ae7e17,0xa9d1e08c7793af67e9d92fe308d5697fb81d3e43,0x7ecccabb5e4ff4537f70b0a5018e8c0cfd53fff4,58157.39345295,,,,ATA,erc20,"{'value': '0x0c50b7f73e61b1285c00', 'address': '0xa2120b9e674d3fc3875f415a7df52e382f141225', 'decimal': '0x12'}",{'blockTimestamp': '2022-08-21T13:28:12.000Z'}
409,0xeabe50,0x6fd9928ba0db2e040e6f591f599f7d7d8d15550b508096f69e897813cc546a7d:log:84,0x6fd9928ba0db2e040e6f591f599f7d7d8d15550b508096f69e897813cc546a7d,0xa9d1e08c7793af67e9d92fe308d5697fb81d3e43,0x7ecccabb5e4ff4537f70b0a5018e8c0cfd53fff4,176547.59748467998,,,,ATA,erc20,"{'value': '0x2562aa188b0e56cf5000', 'address': '0xa2120b9e674d3fc3875f415a7df52e382f141225', 'decimal': '0x12'}",{'blockTimestamp': '2022-08-21T13:07:54.000Z'}
410,0xeabd73,0x39842ca81f42cb3fc85dc84260325585f993e3f150bb139b4a1871e8b06aaedf:log:218,0x39842ca81f42cb3fc85dc84260325585f993e3f150bb139b4a1871e8b06aaedf,0x28c6c06298d514db089934071355e5743bf21d60,0xe07cc845fe401f5c7fa8bfb71e940b774ca77632,28229.0,,,,ATA,erc20,"{'value': '0x05fa4c12705915f40000', 'address': '0xa2120b9e674d3fc3875f415a7df52e382f141225', 'decimal': '0x12'}",{'blockTimestamp': '2022-08-21T12:11:19.000Z'}
411,0xeabb2e,0xb430f38454b5be135f06015631528fb12b9ce9df4e95ae09e2bc4b464b5b28c7:log:224,0xb430f38454b5be135f06015631528fb12b9ce9df4e95ae09e2bc4b464b5b28c7,0xb638c9ed38621892c52611fac202aca483482c0d,0xa9d1e08c7793af67e9d92fe308d5697fb81d3e43,51026.0,,,,ATA,erc20,"{'value': '0x0ace20002caa5a080000', 'address': '0xa2120b9e674d3fc3875f415a7df52e382f141225', 'decimal': '0x12'}",{'blockTimestamp': '2022-08-21T09:59:39.000Z'}
412,0xeabaee,0xdfc968d01b0717e0fc0288aa8ee9502f1aa5b0e4c74a519ed9b3dbbf36945663:log:196,0xdfc968d01b0717e0fc0288aa8ee9502f1aa5b0e4c74a519ed9b3dbbf36945663,0xdfd5293d8e347dfe59e90efd55b2956a1343963d,0xb638c9ed38621892c52611fac202aca483482c0d,51026.0,,,,ATA,erc20,"{'value': '0x0ace20002caa5a080000', 'address': '0xa2120b9e674d3fc3875f415a7df52e382f141225', 'decimal': '0x12'}",{'blockTimestamp': '2022-08-21T09:48:30.000Z'}
413,0xeab5da,0x2a666face5929593824bee13ff5815127f31b8e4f240182c3756ce7b7e08719a:log:181,0x2a666face5929593824bee13ff5815127f31b8e4f240182c3756ce7b7e08719a,0x28c6c06298d514db089934071355e5743bf21d60,0x21a31ee1afc51d94c2efccaa2092ad1028285549,872859.3720000001,,,,ATA,erc20,"{'value': '0xb8d5cd2692d86dfe0000', 'address': '0xa2120b9e674d3fc3875f415a7df52e382f141225', 'decimal': '0x12'}",{'blockTimestamp': '2022-08-21T05:00:28.000Z'}
414,0xeab5d9,0xbc69f9e7f9124c4d6af65663cd80c0d598e8e9042f2084701a79fcfe1d127568:log:262,0xbc69f9e7f9124c4d6af65663cd80c0d598e8e9042f2084701a79fcfe1d127568,0xb638c9ed38621892c52611fac202aca483482c0d,0xa9d1e08c7793af67e9d92fe308d5697fb81d3e43,165883.00000000003,,,,ATA,erc20,"{'value': '0x232089132e32db0c0000', 'address': '0xa2120b9e674d3fc3875f415a7df52e382f141225', 'decimal': '0x12'}",{'blockTimestamp': '2022-08-21T04:59:50.000Z'}
415,0xeab5b2,0xda9bf3debb187765e28a92c07d50e0ba6446ceface7d0c38e0c43aa97b08c175:log:74,0xda9bf3debb187765e28a92c07d50e0ba6446ceface7d0c38e0c43aa97b08c175,0x21a31ee1afc51d94c2efccaa2092ad1028285549,0xb638c9ed38621892c52611fac202aca483482c0d,165883.00000000003,,,,ATA,erc20,"{'value': '0x232089132e32db0c0000', 'address': '0xa2120b9e674d3fc3875f415a7df52e382f141225', 'decimal': '0x12'}",{'blockTimestamp': '2022-08-21T04:51:21.000Z'}
416,0xeab362,0xdc211e369eecd13ec4b12609b8d59970b661e8d4629fa18346486a48ab82a3f2:log:358,0xdc211e369eecd13ec4b12609b8d59970b661e8d4629fa18346486a48ab82a3f2,0xaad60b6615b9eb13a9b0212af7b298f26dd74e7f,0x28c6c06298d514db089934071355e5743bf21d60,25166.0,,,,ATA,erc20,"{'value': '0x0554406870d148780000', 'address': '0xa2120b9e674d3fc3875f415a7df52e382f141225', 'decimal': '0x12'}",{'blockTimestamp': '2022-08-21T02:30:11.000Z'}
417,0xeab303,0x0ac4b33b3f117f3058d7d09e3e8a0697e881c85f8be5921f668003c56b7275ab:log:43,0x0ac4b33b3f117f3058d7d09e3e8a0697e881c85f8be5921f668003c56b7275ab,0x3c02290922a3618a4646e3bbca65853ea45fe7c6,0xaad60b6615b9eb13a9b0212af7b298f26dd74e7f,25166.0,,,,ATA,erc20,"{'value': '0x0554406870d148780000', 'address': '0xa2120b9e674d3fc3875f415a7df52e382f141225', 'decimal': '0x12'}",{'blockTimestamp': '2022-08-21T02:10:13.000Z'}
418,0xeab2a3,0xc85a5408921f31c1b9a8f2588082eeb967d95b2979cc129d82c97ecb97579977:log:25,0xc85a5408921f31c1b9a8f2588082eeb967d95b2979cc129d82c97ecb97579977,0x3c02290922a3618a4646e3bbca65853ea45fe7c6,0xcb9ecf7e53e84bd70d4eb110674d5981b6b9adf0,3940.0,,,,ATA,erc20,"{'value': '0xd5967be4fc3f100000', 'address': '0xa2120b9e674d3fc3875f415a7df52e382f141225', 'decimal': '0x12'}",{'blockTimestamp': '2022-08-21T01:46:08.000Z'}
419,0xeab1cf,0xae87555bafcd0a19e6ab983321be8c002928af9cc265a07dcd88c4c3e46bfe8e:log:580,0xae87555bafcd0a19e6ab983321be8c002928af9cc265a07dcd88c4c3e46bfe8e,0x7ecccabb5e4ff4537f70b0a5018e8c0cfd53fff4,0x28c6c06298d514db089934071355e5743bf21d60,192837.67347479,,,,ATA,erc20,"{'value': '0x28d5c050578a19157c00', 'address': '0xa2120b9e674d3fc3875f415a7df52e382f141225', 'decimal': '0x12'}",{'blockTimestamp': '2022-08-21T00:59:56.000Z'}
420,0xeab0f4,0x497a9079a6bf108130f9481c6fd77381121e98c1fc65bcbcb3c5992460478095:log:18,0x497a9079a6bf108130f9481c6fd77381121e98c1fc65bcbcb3c5992460478095,0xa9d1e08c7793af67e9d92fe308d5697fb81d3e43,0x7ecccabb5e4ff4537f70b0a5018e8c0cfd53fff4,192837.67347479,,,,ATA,erc20,"{'value': '0x28d5c050578a19157c00', 'address': '0xa2120b9e674d3fc3875f415a7df52e382f141225', 'decimal': '0x12'}",{'blockTimestamp': '2022-08-21T00:11:52.000Z'}
421,0xeab0ed,0x92637a0a0f8636a67f2511e98caea4d7150320c3e4007555e26a069e405618e5:log:154,0x92637a0a0f8636a67f2511e98caea4d7150320c3e4007555e26a069e405618e5,0xb638c9ed38621892c52611fac202aca483482c0d,0xa9d1e08c7793af67e9d92fe308d5697fb81d3e43,199411.0,,,,ATA,erc20,"{'value': '0x2a3a178b673dcbec0000', 'address': '0xa2120b9e674d3fc3875f415a7df52e382f141225', 'decimal': '0x12'}",{'blockTimestamp': '2022-08-21T00:10:34.000Z'}
422,0xeab0ae,0xd12499e5acc45dc2aa5cd943114bc8cf15b827bd9179eebf247d3b693cbe6114:log:305,0xd12499e5acc45dc2aa5cd943114bc8cf15b827bd9179eebf247d3b693cbe6114,0x28c6c06298d514db089934071355e5743bf21d60,0xb638c9ed38621892c52611fac202aca483482c0d,199411.0,,,,ATA,erc20,"{'value': '0x2a3a178b673dcbec0000', 'address': '0xa2120b9e674d3fc3875f415a7df52e382f141225', 'decimal': '0x12'}",{'blockTimestamp': '2022-08-20T23:56:51.000Z'}
423,0xeaaea0,0xe2dc91fbf783a67a84b9faf55b72b29d5c320476109231fdbbb5f18f8630c1b0:log:147,0xe2dc91fbf783a67a84b9faf55b72b29d5c320476109231fdbbb5f18f8630c1b0,0xa9d1e08c7793af67e9d92fe308d5697fb81d3e43,0x20238f4c7779672e53687fecbe85689d32fe0f5c,106.67564261999999,,,,ATA,erc20,"{'value': '0x05c86c03c5679ed800', 'address': '0xa2120b9e674d3fc3875f415a7df52e382f141225', 'decimal': '0x12'}",{'blockTimestamp': '2022-08-20T21:59:57.000Z'}
424,0xeaad19,0x82fee2f811aea3ffd6b72c66c65aa9467099a2dc70d506e1c5f4c95ce9909db1:log:234,0x82fee2f811aea3ffd6b72c66c65aa9467099a2dc70d506e1c5f4c95ce9909db1,0xa9d1e08c7793af67e9d92fe308d5697fb81d3e43,0x594f2a9448d91128ed420875abc22f795a25257a,13.2,,,,ATA,erc20,"{'value': '0xb72fd2103b280000', 'address': '0xa2120b9e674d3fc3875f415a7df52e382f141225', 'decimal': '0x12'}",{'blockTimestamp': '2022-08-20T20:33:35.000Z'}
425,0xeaac8e,0xc8880e175afe638fa69f842fc129a2e210ca0a67303d1d7960ef75bd5c3a93c9:log:134,0xc8880e175afe638fa69f842fc129a2e210ca0a67303d1d7960ef75bd5c3a93c9,0x7ecccabb5e4ff4537f70b0a5018e8c0cfd53fff4,0x28c6c06298d514db089934071355e5743bf21d60,479621.28920252,,,,ATA,erc20,"{'value': '0x6590527acb317bb37000', 'address': '0xa2120b9e674d3fc3875f415a7df52e382f141225', 'decimal': '0x12'}",{'blockTimestamp': '2022-08-20T20:00:47.000Z'}
426,0xeaabf0,0x4fa3bc121885e993b0487391b5ff942f162ca7bf3ff4f6b49772d9aeadfedd3c:log:147,0x4fa3bc121885e993b0487391b5ff942f162ca7bf3ff4f6b49772d9aeadfedd3c,0xa9d1e08c7793af67e9d92fe308d5697fb81d3e43,0x7ecccabb5e4ff4537f70b0a5018e8c0cfd53fff4,479621.28920252,,,,ATA,erc20,"{'value': '0x6590527acb317bb37000', 'address': '0xa2120b9e674d3fc3875f415a7df52e382f141225', 'decimal': '0x12'}",{'blockTimestamp': '2022-08-20T19:28:55.000Z'}
427,0xeaa955,0x77b868faef627f62f17feeea876fe411a4405f9956ec574951ed05a530d72e00:log:23,0x77b868faef627f62f17feeea876fe411a4405f9956ec574951ed05a530d72e00,0xb638c9ed38621892c52611fac202aca483482c0d,0xa9d1e08c7793af67e9d92fe308d5697fb81d3e43,99664.0,,,,ATA,erc20,"{'value': '0x151acbd8157f43400000', 'address': '0xa2120b9e674d3fc3875f415a7df52e382f141225', 'decimal': '0x12'}",{'blockTimestamp': '2022-08-20T16:55:05.000Z'}
428,0xeaa927,0xd1aefafab065b6e55f381990aa48f56775768d54ffcaefae131a40652df39a24:log:270,0xd1aefafab065b6e55f381990aa48f56775768d54ffcaefae131a40652df39a24,0xdfd5293d8e347dfe59e90efd55b2956a1343963d,0xb638c9ed38621892c52611fac202aca483482c0d,99664.0,,,,ATA,erc20,"{'value': '0x151acbd8157f43400000', 'address': '0xa2120b9e674d3fc3875f415a7df52e382f141225', 'decimal': '0x12'}",{'blockTimestamp': '2022-08-20T16:45:24.000Z'}
429,0xeaa81b,0x1d6564c4cf5838bdf3c7e5e641a682e1f160468ebc373766b25abea833ad87f5:log:193,0x1d6564c4cf5838bdf3c7e5e641a682e1f160468ebc373766b25abea833ad87f5,0xb638c9ed38621892c52611fac202aca483482c0d,0xa9d1e08c7793af67e9d92fe308d5697fb81d3e43,159121.0,,,,ATA,erc20,"{'value': '0x21b1f77948cf63a40000', 'address': '0xa2120b9e674d3fc3875f415a7df52e382f141225', 'decimal': '0x12'}",{'blockTimestamp': '2022-08-20T15:44:41.000Z'}
430,0xeaa7f1,0xbf4af07447100956ae272e7405511e522d54ec771c076d9ad22b11a2586b8c1a:log:222,0xbf4af07447100956ae272e7405511e522d54ec771c076d9ad22b11a2586b8c1a,0x21a31ee1afc51d94c2efccaa2092ad1028285549,0xb638c9ed38621892c52611fac202aca483482c0d,159121.0,,,,ATA,erc20,"{'value': '0x21b1f77948cf63a40000', 'address': '0xa2120b9e674d3fc3875f415a7df52e382f141225', 'decimal': '0x12'}",{'blockTimestamp': '2022-08-20T15:34:38.000Z'}
431,0xeaa671,0xf1e1081c47a58217e9aab5cbd77be1ac21e763a1f061dd5181041769f2b7f499:log:102,0xf1e1081c47a58217e9aab5cbd77be1ac21e763a1f061dd5181041769f2b7f499,0xb638c9ed38621892c52611fac202aca483482c0d,0xa9d1e08c7793af67e9d92fe308d5697fb81d3e43,70157.0,,,,ATA,erc20,"{'value': '0x0edb37f5904888140000', 'address': '0xa2120b9e674d3fc3875f415a7df52e382f141225', 'decimal': '0x12'}",{'blockTimestamp': '2022-08-20T14:04:54.000Z'}
432,0xeaa642,0x0d6b306454b3e6bb97a2c98de7b0d803208ba487ff32c303fb26a7e5b8af6fa1:log:261,0x0d6b306454b3e6bb97a2c98de7b0d803208ba487ff32c303fb26a7e5b8af6fa1,0x28c6c06298d514db089934071355e5743bf21d60,0xb638c9ed38621892c52611fac202aca483482c0d,70157.0,,,,ATA,erc20,"{'value': '0x0edb37f5904888140000', 'address': '0xa2120b9e674d3fc3875f415a7df52e382f141225', 'decimal': '0x12'}",{'blockTimestamp': '2022-08-20T13:54:14.000Z'}
433,0xeaa635,0xa19be33957a2372b34d2f14e8e543b439d6c354a3caee13fb2ac33e0a4ebdac5:log:18,0xa19be33957a2372b34d2f14e8e543b439d6c354a3caee13fb2ac33e0a4ebdac5,0x3d20031848995e6c4078be6716526b37764b5145,0x3c02290922a3618a4646e3bbca65853ea45fe7c6,3946.0,,,,ATA,erc20,"{'value': '0xd5e9c02d322b680000', 'address': '0xa2120b9e674d3fc3875f415a7df52e382f141225', 'decimal': '0x12'}",{'blockTimestamp': '2022-08-20T13:51:29.000Z'}
434,0xeaa634,0xec3b41bc4369e53eb4437b0b031c1d2b250a3236920465e340749ce3eb2f2ab4:log:95,0xec3b41bc4369e53eb4437b0b031c1d2b250a3236920465e340749ce3eb2f2ab4,0x20e74b82e9c2b24063c516397cd1fc2eeeb17cc0,0x3c02290922a3618a4646e3bbca65853ea45fe7c6,13590.839999999998,,,,ATA,erc20,"{'value': '0x02e0c2cb2ca4c1ec0000', 'address': '0xa2120b9e674d3fc3875f415a7df52e382f141225', 'decimal': '0x12'}",{'blockTimestamp': '2022-08-20T13:51:21.000Z'}
435,0xeaa634,0xd5b061e62831209e51128842fc8ff10f9f46d7fe9881d84f962a3d5be475fd43:log:91,0xd5b061e62831209e51128842fc8ff10f9f46d7fe9881d84f962a3d5be475fd43,0xf431666bdc13d00bc0d2661ef756755f0c7086dd,0x3c02290922a3618a4646e3bbca65853ea45fe7c6,15552.0,,,,ATA,erc20,"{'value': '0x034b135b21f8fb000000', 'address': '0xa2120b9e674d3fc3875f415a7df52e382f141225', 'decimal': '0x12'}",{'blockTimestamp': '2022-08-20T13:51:21.000Z'}
436,0xeaa634,0xd60855c2887b22933a74b657b71024b47dc0ecd7df9fe6f8ce49594a95a9ea1b:log:89,0xd60855c2887b22933a74b657b71024b47dc0ecd7df9fe6f8ce49594a95a9ea1b,0xd8f7c8c89efe493740fbe2d5cbc0671112c884fd,0x3c02290922a3618a4646e3bbca65853ea45fe7c6,37850.0,,,,ATA,erc20,"{'value': '0x0803da44be1af7280000', 'address': '0xa2120b9e674d3fc3875f415a7df52e382f141225', 'decimal': '0x12'}",{'blockTimestamp': '2022-08-20T13:51:21.000Z'}
437,0xeaa573,0x557a511e37319ec9d5af39a6f266c0c543786c708c5855b74b57a9b585c8b1e6:log:358,0x557a511e37319ec9d5af39a6f266c0c543786c708c5855b74b57a9b585c8b1e6,0x0d0707963952f2fba59dd06f2b425ace40b492fe,0x3d20031848995e6c4078be6716526b37764b5145,3946.0,,,,ATA,erc20,"{'value': '0xd5e9c02d322b680000', 'address': '0xa2120b9e674d3fc3875f415a7df52e382f141225', 'decimal': '0x12'}",{'blockTimestamp': '2022-08-20T13:08:27.000Z'}
438,0xeaa557,0x2e4b823dd43c45d83e8be265955798953c67e112d65730c58dfba48a44d19c9e:log:37,0x2e4b823dd43c45d83e8be265955798953c67e112d65730c58dfba48a44d19c9e,0xdfd5293d8e347dfe59e90efd55b2956a1343963d,0xf431666bdc13d00bc0d2661ef756755f0c7086dd,15552.0,,,,ATA,erc20,"{'value': '0x034b135b21f8fb000000', 'address': '0xa2120b9e674d3fc3875f415a7df52e382f141225', 'decimal': '0x12'}",{'blockTimestamp': '2022-08-20T13:02:55.000Z'}
439,0xeaa551,0x0e158506ab0ee34578b030f0c92daa3a05b69b375d3069ad9067977d3efd6c4a:log:348,0x0e158506ab0ee34578b030f0c92daa3a05b69b375d3069ad9067977d3efd6c4a,0x28c6c06298d514db089934071355e5743bf21d60,0x20e74b82e9c2b24063c516397cd1fc2eeeb17cc0,13590.839999999998,,,,ATA,erc20,"{'value': '0x02e0c2cb2ca4c1ec0000', 'address': '0xa2120b9e674d3fc3875f415a7df52e382f141225', 'decimal': '0x12'}",{'blockTimestamp': '2022-08-20T13:01:07.000Z'}
440,0xeaa551,0x0e692061b8f78c028b7b4b7b80c0b4cbf532f8eaa5f3867ab3c0fff14febcb9c:log:347,0x0e692061b8f78c028b7b4b7b80c0b4cbf532f8eaa5f3867ab3c0fff14febcb9c,0xdfd5293d8e347dfe59e90efd55b2956a1343963d,0xd8f7c8c89efe493740fbe2d5cbc0671112c884fd,37850.0,,,,ATA,erc20,"{'value': '0x0803da44be1af7280000', 'address': '0xa2120b9e674d3fc3875f415a7df52e382f141225', 'decimal': '0x12'}",{'blockTimestamp': '2022-08-20T13:01:07.000Z'}
441,0xeaa549,0xddd8d49427d9c6a9c74764149f3bcfb322129542a964a87bdbc5ed1658b0c2b7:log:131,0xddd8d49427d9c6a9c74764149f3bcfb322129542a964a87bdbc5ed1658b0c2b7,0x7ecccabb5e4ff4537f70b0a5018e8c0cfd53fff4,0x28c6c06298d514db089934071355e5743bf21d60,138206.0367255,,,,ATA,erc20,"{'value': '0x1d442a0d2ae0826ad800', 'address': '0xa2120b9e674d3fc3875f415a7df52e382f141225', 'decimal': '0x12'}",{'blockTimestamp': '2022-08-20T13:00:08.000Z'}
442,0xeaa4e2,0x618728c2c5033264ebd73abafdb3db03a32c157564583e3e635d27d123e462bc:log:400,0x618728c2c5033264ebd73abafdb3db03a32c157564583e3e635d27d123e462bc,0xa9d1e08c7793af67e9d92fe308d5697fb81d3e43,0x7ecccabb5e4ff4537f70b0a5018e8c0cfd53fff4,138206.0367255,,,,ATA,erc20,"{'value': '0x1d442a0d2ae0826ad800', 'address': '0xa2120b9e674d3fc3875f415a7df52e382f141225', 'decimal': '0x12'}",{'blockTimestamp': '2022-08-20T12:31:19.000Z'}
443,0xeaa450,0x049c56eaf8dcf8e10e090180d5d04058fb4a64cf0068fb7e8b44331aafbdd100:log:73,0x049c56eaf8dcf8e10e090180d5d04058fb4a64cf0068fb7e8b44331aafbdd100,0xb638c9ed38621892c52611fac202aca483482c0d,0xa9d1e08c7793af67e9d92fe308d5697fb81d3e43,215281.0,,,,ATA,erc20,"{'value': '0x2d9668097c60b5240000', 'address': '0xa2120b9e674d3fc3875f415a7df52e382f141225', 'decimal': '0x12'}",{'blockTimestamp': '2022-08-20T11:55:05.000Z'}
444,0xeaa43f,0xa02952f9d65cace5e3fa25a8a09fb5cdeb572d1ae13ad314533d572428eac2fe:log:432,0xa02952f9d65cace5e3fa25a8a09fb5cdeb572d1ae13ad314533d572428eac2fe,0x6a24361c5984a7619aa8f8dd1a034872c253438a,0xefdc4b577a3a21ef5aaf16b897aa67aba05fd881,65.55689410336787,,,,ATA,erc20,"{'value': '0x038dc8dfda09245ee2', 'address': '0xa2120b9e674d3fc3875f415a7df52e382f141225', 'decimal': '0x12'}",{'blockTimestamp': '2022-08-20T11:52:38.000Z'}
445,0xeaa430,0xbb956d7fd5c5c6b77e99b08f2bd08c22f1dd3d743cb98b217246599afa5ee4df:log:402,0xbb956d7fd5c5c6b77e99b08f2bd08c22f1dd3d743cb98b217246599afa5ee4df,0xe66b31678d6c16e9ebf358268a790b763c133750,0x6a24361c5984a7619aa8f8dd1a034872c253438a,32.76704535039268,,,,ATA,erc20,"{'value': '0x01c6bbee2391455702', 'address': '0xa2120b9e674d3fc3875f415a7df52e382f141225', 'decimal': '0x12'}",{'blockTimestamp': '2022-08-20T11:48:47.000Z'}
446,0xeaa430,0xbb956d7fd5c5c6b77e99b08f2bd08c22f1dd3d743cb98b217246599afa5ee4df:log:399,0xbb956d7fd5c5c6b77e99b08f2bd08c22f1dd3d743cb98b217246599afa5ee4df,0x5654d65578cda52791879751141f2f3d7dc27fe4,0xe66b31678d6c16e9ebf358268a790b763c133750,32.76704535039268,,,,ATA,erc20,"{'value': '0x01c6bbee2391455702', 'address': '0xa2120b9e674d3fc3875f415a7df52e382f141225', 'decimal': '0x12'}",{'blockTimestamp': '2022-08-20T11:48:47.000Z'}
447,0xeaa40e,0xc58493a0846a740842db44ce4028a5ae1440cbd14d1494abebf370bc94b5ded4:log:75,0xc58493a0846a740842db44ce4028a5ae1440cbd14d1494abebf370bc94b5ded4,0xdfd5293d8e347dfe59e90efd55b2956a1343963d,0xb638c9ed38621892c52611fac202aca483482c0d,215281.0,,,,ATA,erc20,"{'value': '0x2d9668097c60b5240000', 'address': '0xa2120b9e674d3fc3875f415a7df52e382f141225', 'decimal': '0x12'}",{'blockTimestamp': '2022-08-20T11:42:18.000Z'}
448,0xeaa3d8,0xc8cd4fb8c5425c44b79b69d7be8dc68569bae2f6747a46ce83f2b6d10cf0c147:log:314,0xc8cd4fb8c5425c44b79b69d7be8dc68569bae2f6747a46ce83f2b6d10cf0c147,0x7ecccabb5e4ff4537f70b0a5018e8c0cfd53fff4,0x28c6c06298d514db089934071355e5743bf21d60,169177.34572242998,,,,ATA,erc20,"{'value': '0x23d31f4e4a8e9accec00', 'address': '0xa2120b9e674d3fc3875f415a7df52e382f141225', 'decimal': '0x12'}",{'blockTimestamp': '2022-08-20T11:30:16.000Z'}
449,0xeaa39a,0xddf4901515475ade24663207cbc097179ff2a3186748b304b645aa67cd5ec573:log:299,0xddf4901515475ade24663207cbc097179ff2a3186748b304b645aa67cd5ec573,0xe66b31678d6c16e9ebf358268a790b763c133750,0x6a24361c5984a7619aa8f8dd1a034872c253438a,32.78984875297518,,,,ATA,erc20,"{'value': '0x01c70cf1b677df07e0', 'address': '0xa2120b9e674d3fc3875f415a7df52e382f141225', 'decimal': '0x12'}",{'blockTimestamp': '2022-08-20T11:17:23.000Z'}
450,0xeaa39a,0xddf4901515475ade24663207cbc097179ff2a3186748b304b645aa67cd5ec573:log:296,0xddf4901515475ade24663207cbc097179ff2a3186748b304b645aa67cd5ec573,0x5654d65578cda52791879751141f2f3d7dc27fe4,0xe66b31678d6c16e9ebf358268a790b763c133750,32.78984875297518,,,,ATA,erc20,"{'value': '0x01c70cf1b677df07e0', 'address': '0xa2120b9e674d3fc3875f415a7df52e382f141225', 'decimal': '0x12'}",{'blockTimestamp': '2022-08-20T11:17:23.000Z'}
451,0xeaa360,0x751e09ce4889d85673dcaa94c0e15e6f1867ae93f5a791087ea3951278fb164c:log:102,0x751e09ce4889d85673dcaa94c0e15e6f1867ae93f5a791087ea3951278fb164c,0xa9d1e08c7793af67e9d92fe308d5697fb81d3e43,0x7ecccabb5e4ff4537f70b0a5018e8c0cfd53fff4,169177.34572242998,,,,ATA,erc20,"{'value': '0x23d31f4e4a8e9accec00', 'address': '0xa2120b9e674d3fc3875f415a7df52e382f141225', 'decimal': '0x12'}",{'blockTimestamp': '2022-08-20T11:03:56.000Z'}
452,0xeaa34b,0xf9c878d777565259c6fdfbd28d064586d55258ecbd60d609288f9c617e3d2699:log:317,0xf9c878d777565259c6fdfbd28d064586d55258ecbd60d609288f9c617e3d2699,0x4b8a339be06ff31752a806995b72e76e93dd9106,0x28c6c06298d514db089934071355e5743bf21d60,16728.448901069998,,,,ATA,erc20,"{'value': '0x038ad9dd3c66ff048c00', 'address': '0xa2120b9e674d3fc3875f415a7df52e382f141225', 'decimal': '0x12'}",{'blockTimestamp': '2022-08-20T10:59:58.000Z'}
453,0xeaa34b,0xf1eabc2aea9affba79e745861624e0ab0eb8dd913d3a30f4f486a67c00dbfcd5:log:316,0xf1eabc2aea9affba79e745861624e0ab0eb8dd913d3a30f4f486a67c00dbfcd5,0x7ecccabb5e4ff4537f70b0a5018e8c0cfd53fff4,0x28c6c06298d514db089934071355e5743bf21d60,59849.70613955,,,,ATA,erc20,"{'value': '0x0cac7585ac96611eac00', 'address': '0xa2120b9e674d3fc3875f415a7df52e382f141225', 'decimal': '0x12'}",{'blockTimestamp': '2022-08-20T10:59:58.000Z'}
454,0xeaa321,0xd6895449a1e794c58edd62fd536f7d14da3ccc4bfdad4af1473886fba52d6d2e:log:241,0xd6895449a1e794c58edd62fd536f7d14da3ccc4bfdad4af1473886fba52d6d2e,0x20e74b82e9c2b24063c516397cd1fc2eeeb17cc0,0x3c02290922a3618a4646e3bbca65853ea45fe7c6,35000.28,,,,ATA,erc20,"{'value': '0x07695e758491a8fc0000', 'address': '0xa2120b9e674d3fc3875f415a7df52e382f141225', 'decimal': '0x12'}",{'blockTimestamp': '2022-08-20T10:50:43.000Z'}
455,0xeaa30c,0x06410d468194907e5b829215b1169cbd6b2c2424226ccc3170537e83a9e3f7c8:log:108,0x06410d468194907e5b829215b1169cbd6b2c2424226ccc3170537e83a9e3f7c8,0xb638c9ed38621892c52611fac202aca483482c0d,0xa9d1e08c7793af67e9d92fe308d5697fb81d3e43,133561.0,,,,ATA,erc20,"{'value': '0x1c485b37a77e7b440000', 'address': '0xa2120b9e674d3fc3875f415a7df52e382f141225', 'decimal': '0x12'}",{'blockTimestamp': '2022-08-20T10:44:57.000Z'}
456,0xeaa304,0x83266c6525bb53a35bcdcd61a155c9ea115fbc61627c3443abdf9882b221631d:log:3,0x83266c6525bb53a35bcdcd61a155c9ea115fbc61627c3443abdf9882b221631d,0x882d04c3d8410ddf2061b3cba2c3522854316feb,0x5654d65578cda52791879751141f2f3d7dc27fe4,750.7773483235931,,,,ATA,erc20,"{'value': '0x28b320f482ed79a5a2', 'address': '0xa2120b9e674d3fc3875f415a7df52e382f141225', 'decimal': '0x12'}",{'blockTimestamp': '2022-08-20T10:41:59.000Z'}
457,0xeaa304,0x83266c6525bb53a35bcdcd61a155c9ea115fbc61627c3443abdf9882b221631d:log:2,0x83266c6525bb53a35bcdcd61a155c9ea115fbc61627c3443abdf9882b221631d,0x40ec5b33f54e0e8a33a975908c5ba1c14e5bbbdf,0x882d04c3d8410ddf2061b3cba2c3522854316feb,750.7773483235931,,,,ATA,erc20,"{'value': '0x28b320f482ed79a5a2', 'address': '0xa2120b9e674d3fc3875f415a7df52e382f141225', 'decimal': '0x12'}",{'blockTimestamp': '2022-08-20T10:41:59.000Z'}
458,0xeaa2f0,0x9e2545d9700c1d6248233b62ba629022cb08ca201971f2c7e53c64900e58042e:log:86,0x9e2545d9700c1d6248233b62ba629022cb08ca201971f2c7e53c64900e58042e,0x21a31ee1afc51d94c2efccaa2092ad1028285549,0xb638c9ed38621892c52611fac202aca483482c0d,133561.0,,,,ATA,erc20,"{'value': '0x1c485b37a77e7b440000', 'address': '0xa2120b9e674d3fc3875f415a7df52e382f141225', 'decimal': '0x12'}",{'blockTimestamp': '2022-08-20T10:37:59.000Z'}
459,0xeaa2e3,0x09a21c37bd9b99034fe0fc2acc2ea8b06e0b3cf97a688bc066ac68987568e7a7:log:59,0x09a21c37bd9b99034fe0fc2acc2ea8b06e0b3cf97a688bc066ac68987568e7a7,0xa9d1e08c7793af67e9d92fe308d5697fb81d3e43,0x7ecccabb5e4ff4537f70b0a5018e8c0cfd53fff4,59849.70613955,,,,ATA,erc20,"{'value': '0x0cac7585ac96611eac00', 'address': '0xa2120b9e674d3fc3875f415a7df52e382f141225', 'decimal': '0x12'}",{'blockTimestamp': '2022-08-20T10:36:01.000Z'}
460,0xeaa2e2,0x501f4baa9529568d9b9d03cbd17640f33cc64876f59f27e7e1e0d7abe0bb5024:log:635,0x501f4baa9529568d9b9d03cbd17640f33cc64876f59f27e7e1e0d7abe0bb5024,0x92c25b3125a7ad093329f22ee0845570d4f86f23,0xf16e9b0d03470827a95cdfd0cb8a8a3b46969b91,37332.0,,,,ATA,erc20,"{'value': '0x07e7c5930e9642d00000', 'address': '0xa2120b9e674d3fc3875f415a7df52e382f141225', 'decimal': '0x12'}",{'blockTimestamp': '2022-08-20T10:35:32.000Z'}
461,0xeaa2e2,0xde2990b759ec1b4a6b83e8303f560428baf4af9a432727faa6d0ac670463865c:log:634,0xde2990b759ec1b4a6b83e8303f560428baf4af9a432727faa6d0ac670463865c,0x9bf507741c9f0c21a3cbab8c98cf4408d12cf3b7,0xf16e9b0d03470827a95cdfd0cb8a8a3b46969b91,37649.0,,,,ATA,erc20,"{'value': '0x07f8f4d54b0c89a40000', 'address': '0xa2120b9e674d3fc3875f415a7df52e382f141225', 'decimal': '0x12'}",{'blockTimestamp': '2022-08-20T10:35:32.000Z'}
462,0xeaa2cb,0x41eeb3d55ba470bfe9eb55aa0d8957aedad4591ff64aa92e8bd260d5567272c4:log:196,0x41eeb3d55ba470bfe9eb55aa0d8957aedad4591ff64aa92e8bd260d5567272c4,0x73f9b272abda7a97cb1b237d85f9a7236edb6f16,0x28c6c06298d514db089934071355e5743bf21d60,525301.6214588201,,,,ATA,erc20,"{'value': '0x6f3ca8700d866f562800', 'address': '0xa2120b9e674d3fc3875f415a7df52e382f141225', 'decimal': '0x12'}",{'blockTimestamp': '2022-08-20T10:30:06.000Z'}
463,0xeaa2ca,0x2f5611be17968d803b9b7dd3abdcb0067555a36eee577a16e7537908be97e5d3:log:559,0x2f5611be17968d803b9b7dd3abdcb0067555a36eee577a16e7537908be97e5d3,0xaad60b6615b9eb13a9b0212af7b298f26dd74e7f,0x28c6c06298d514db089934071355e5743bf21d60,24777.0,,,,ATA,erc20,"{'value': '0x053f29f2d1d3ed840000', 'address': '0xa2120b9e674d3fc3875f415a7df52e382f141225', 'decimal': '0x12'}",{'blockTimestamp': '2022-08-20T10:29:36.000Z'}
464,0xeaa2ca,0x162c4bda7a1e1e2032152e783477ede0eee77869945f8d812488b26a4d70494c:log:558,0x162c4bda7a1e1e2032152e783477ede0eee77869945f8d812488b26a4d70494c,0x36235a9dcd9662f2ad628ad9e028649889216837,0x28c6c06298d514db089934071355e5743bf21d60,26093.1140718,,,,ATA,erc20,"{'value': '0x058682b3490f0977b000', 'address': '0xa2120b9e674d3fc3875f415a7df52e382f141225', 'decimal': '0x12'}",{'blockTimestamp': '2022-08-20T10:29:36.000Z'}
465,0xeaa2ca,0x78cf5897e01d0b91eda96c1ee1dbd068bf27245f5d0a62d4a91c6093d03b8f82:log:556,0x78cf5897e01d0b91eda96c1ee1dbd068bf27245f5d0a62d4a91c6093d03b8f82,0x7ecccabb5e4ff4537f70b0a5018e8c0cfd53fff4,0x28c6c06298d514db089934071355e5743bf21d60,220606.31282526,,,,ATA,erc20,"{'value': '0x2eb71799343c3349b800', 'address': '0xa2120b9e674d3fc3875f415a7df52e382f141225', 'decimal': '0x12'}",{'blockTimestamp': '2022-08-20T10:29:36.000Z'}
466,0xeaa2b9,0x68d41fcd8a7867b81f67ace7ec3581b1189b5417fb67551f5b0fde0e1dd4de1c:log:193,0x68d41fcd8a7867b81f67ace7ec3581b1189b5417fb67551f5b0fde0e1dd4de1c,0xa9d1e08c7793af67e9d92fe308d5697fb81d3e43,0x7ecccabb5e4ff4537f70b0a5018e8c0cfd53fff4,59808.59190107,,,,ATA,erc20,"{'value': '0x0caa3af28e85be060c00', 'address': '0xa2120b9e674d3fc3875f415a7df52e382f141225', 'decimal': '0x12'}",{'blockTimestamp': '2022-08-20T10:25:51.000Z'}
467,0xeaa2a3,0xa4cb20de3409b0baceb1153138e4457887df5cc4ecd385390b6db46e1aa7a23a:log:160,0xa4cb20de3409b0baceb1153138e4457887df5cc4ecd385390b6db46e1aa7a23a,0xa9d1e08c7793af67e9d92fe308d5697fb81d3e43,0x4b8a339be06ff31752a806995b72e76e93dd9106,16728.448901069998,,,,ATA,erc20,"{'value': '0x038ad9dd3c66ff048c00', 'address': '0xa2120b9e674d3fc3875f415a7df52e382f141225', 'decimal': '0x12'}",{'blockTimestamp': '2022-08-20T10:19:55.000Z'}
468,0xeaa29b,0x105301a0dcae41c1b4c0a8cbfbd426db0b4fefa4388f6ca7cae221b6da9a41d3:log:135,0x105301a0dcae41c1b4c0a8cbfbd426db0b4fefa4388f6ca7cae221b6da9a41d3,0xa9d1e08c7793af67e9d92fe308d5697fb81d3e43,0x7ecccabb5e4ff4537f70b0a5018e8c0cfd53fff4,160797.72092419,,,,ATA,erc20,"{'value': '0x220cdca6a5b67543ac00', 'address': '0xa2120b9e674d3fc3875f415a7df52e382f141225', 'decimal': '0x12'}",{'blockTimestamp': '2022-08-20T10:17:50.000Z'}
469,0xeaa292,0xf1bbf6e85e78ab1e0801158c56533da474fce7d6fcdd8ba455b262168fced47c:log:154,0xf1bbf6e85e78ab1e0801158c56533da474fce7d6fcdd8ba455b262168fced47c,0x448a9467f8d06b8d5d1949b118486495d5ceb228,0x457dde0290ecff2d21d71869975ed3ab6f5d0648,49857.820924190004,,,,ATA,erc20,"{'value': '0x0a8ecc42647e86ddac00', 'address': '0xa2120b9e674d3fc3875f415a7df52e382f141225', 'decimal': '0x12'}",{'blockTimestamp': '2022-08-20T10:16:02.000Z'}
470,0xeaa27d,0x8f3cfb503bcb9e69e00aa30549e0da8cc50e6bbc46c1efdf1370f015f89fa780:log:236,0x8f3cfb503bcb9e69e00aa30549e0da8cc50e6bbc46c1efdf1370f015f89fa780,0xa9d1e08c7793af67e9d92fe308d5697fb81d3e43,0x448a9467f8d06b8d5d1949b118486495d5ceb228,49857.820924190004,,,,ATA,erc20,"{'value': '0x0a8ecc42647e86ddac00', 'address': '0xa2120b9e674d3fc3875f415a7df52e382f141225', 'decimal': '0x12'}",{'blockTimestamp': '2022-08-20T10:11:15.000Z'}
471,0xeaa253,0x756e3f93f8ed6bc2bc90ff772c0e3d77ab68e7f3993ef6b6c7c49c1a5298064f:log:66,0x756e3f93f8ed6bc2bc90ff772c0e3d77ab68e7f3993ef6b6c7c49c1a5298064f,0xa9d1e08c7793af67e9d92fe308d5697fb81d3e43,0x36235a9dcd9662f2ad628ad9e028649889216837,26093.1140718,,,,ATA,erc20,"{'value': '0x058682b3490f0977b000', 'address': '0xa2120b9e674d3fc3875f415a7df52e382f141225', 'decimal': '0x12'}",{'blockTimestamp': '2022-08-20T10:02:54.000Z'}
472,0xeaa251,0xd6fb74c4fceb97b6937bd0987181fa890f8bf144099e2592efea2b3bdaa992d3:log:146,0xd6fb74c4fceb97b6937bd0987181fa890f8bf144099e2592efea2b3bdaa992d3,0x2ae21a00fe65cfd6192926b71f44c6f5c37b06b9,0x5654d65578cda52791879751141f2f3d7dc27fe4,570.0,,,,ATA,erc20,"{'value': '0x1ee656cc02b4a80000', 'address': '0xa2120b9e674d3fc3875f415a7df52e382f141225', 'decimal': '0x12'}",{'blockTimestamp': '2022-08-20T10:02:25.000Z'}
473,0xeaa246,0x52dc1296897b6724cd56b60f47b42fae060b47a8b51eb2f7b623698d0164a71c:log:511,0x52dc1296897b6724cd56b60f47b42fae060b47a8b51eb2f7b623698d0164a71c,0x7ecccabb5e4ff4537f70b0a5018e8c0cfd53fff4,0x28c6c06298d514db089934071355e5743bf21d60,301548.01985429,,,,ATA,erc20,"{'value': '0x3fdaf36ef39832e7b400', 'address': '0xa2120b9e674d3fc3875f415a7df52e382f141225', 'decimal': '0x12'}",{'blockTimestamp': '2022-08-20T10:00:09.000Z'}
474,0xeaa246,0x5a34226d927738ed99a406c813266e1395de8568428f14e2a7814b30b26b5a01:log:510,0x5a34226d927738ed99a406c813266e1395de8568428f14e2a7814b30b26b5a01,0xd8259173fb6ae1fb2462213bc1fe951c41a35a59,0x28c6c06298d514db089934071355e5743bf21d60,2896.0,,,,ATA,erc20,"{'value': '0x9cfe12d0559b400000', 'address': '0xa2120b9e674d3fc3875f415a7df52e382f141225', 'decimal': '0x12'}",{'blockTimestamp': '2022-08-20T10:00:09.000Z'}
475,0xeaa246,0xd4ff7a51d5255fe98c969e8cbf2bf0e9a7b249e8cafc6c6de0cb38aeeb6854b8:log:153,0xd4ff7a51d5255fe98c969e8cbf2bf0e9a7b249e8cafc6c6de0cb38aeeb6854b8,0x28c6c06298d514db089934071355e5743bf21d60,0x2ae21a00fe65cfd6192926b71f44c6f5c37b06b9,570.4,,,,ATA,erc20,"{'value': '0x1eebe3e1e42ad00000', 'address': '0xa2120b9e674d3fc3875f415a7df52e382f141225', 'decimal': '0x12'}",{'blockTimestamp': '2022-08-20T10:00:09.000Z'}
476,0xeaa227,0xaa5753002e3e551dd7fc96345d1c0c5bbafb3a40bafcf5c2973b188b915a8c6f:log:168,0xaa5753002e3e551dd7fc96345d1c0c5bbafb3a40bafcf5c2973b188b915a8c6f,0x1089347e1b19057c4dae44e9f6aad05ac16d280d,0xa9d1e08c7793af67e9d92fe308d5697fb81d3e43,26094.999999999996,,,,ATA,erc20,"{'value': '0x05869cdf72c3ba5c0000', 'address': '0xa2120b9e674d3fc3875f415a7df52e382f141225', 'decimal': '0x12'}",{'blockTimestamp': '2022-08-20T09:55:00.000Z'}
477,0xeaa227,0x3a5cff610a4c7312bb971434523a68e222120e8fd7bf02e95c0df7cd085f448c:log:158,0x3a5cff610a4c7312bb971434523a68e222120e8fd7bf02e95c0df7cd085f448c,0xdfd5293d8e347dfe59e90efd55b2956a1343963d,0x20e74b82e9c2b24063c516397cd1fc2eeeb17cc0,35000.28,,,,ATA,erc20,"{'value': '0x07695e758491a8fc0000', 'address': '0xa2120b9e674d3fc3875f415a7df52e382f141225', 'decimal': '0x12'}",{'blockTimestamp': '2022-08-20T09:55:00.000Z'}
478,0xeaa215,0x175e7c603bc0cef7acc9f383586c4c685abd919da37adb0ee0ce5a9b428810d5:log:169,0x175e7c603bc0cef7acc9f383586c4c685abd919da37adb0ee0ce5a9b428810d5,0xf431666bdc13d00bc0d2661ef756755f0c7086dd,0x3c02290922a3618a4646e3bbca65853ea45fe7c6,9971.0,,,,ATA,erc20,"{'value': '0x021c876c1760bbec0000', 'address': '0xa2120b9e674d3fc3875f415a7df52e382f141225', 'decimal': '0x12'}",{'blockTimestamp': '2022-08-20T09:51:07.000Z'}
479,0xeaa215,0xe16ed661d62d609f8216f3fb0ba3b8c816e73c6e6cb9ca1fe68ba8aed89786ff:log:151,0xe16ed661d62d609f8216f3fb0ba3b8c816e73c6e6cb9ca1fe68ba8aed89786ff,0xd8f7c8c89efe493740fbe2d5cbc0671112c884fd,0x3c02290922a3618a4646e3bbca65853ea45fe7c6,40177.0,,,,ATA,erc20,"{'value': '0x0881ffe1792185240000', 'address': '0xa2120b9e674d3fc3875f415a7df52e382f141225', 'decimal': '0x12'}",{'blockTimestamp': '2022-08-20T09:51:07.000Z'}
480,0xeaa215,0x69cb69c10f917a8cef7ead21321a4be5cc667a85596fe2c1d836749b0f7226e6:log:143,0x69cb69c10f917a8cef7ead21321a4be5cc667a85596fe2c1d836749b0f7226e6,0xb638c9ed38621892c52611fac202aca483482c0d,0xa9d1e08c7793af67e9d92fe308d5697fb81d3e43,143131.0,,,,ATA,erc20,"{'value': '0x1e4f25a58f76038c0000', 'address': '0xa2120b9e674d3fc3875f415a7df52e382f141225', 'decimal': '0x12'}",{'blockTimestamp': '2022-08-20T09:51:07.000Z'}
481,0xeaa211,0xfd4ed2cf36d6eebf51ed6984e31f8925e1411bdfdb56ebe443b2233b87e6acb3:log:106,0xfd4ed2cf36d6eebf51ed6984e31f8925e1411bdfdb56ebe443b2233b87e6acb3,0xb638c9ed38621892c52611fac202aca483482c0d,0xa9d1e08c7793af67e9d92fe308d5697fb81d3e43,163747.0,,,,ATA,erc20,"{'value': '0x22acbe1ec33630ac0000', 'address': '0xa2120b9e674d3fc3875f415a7df52e382f141225', 'decimal': '0x12'}",{'blockTimestamp': '2022-08-20T09:50:02.000Z'}
482,0xeaa211,0xd26853dd6c9e6d985b1537c6578d3a0ed88666d98b36d167c0aa05599f41c6a2:log:102,0xd26853dd6c9e6d985b1537c6578d3a0ed88666d98b36d167c0aa05599f41c6a2,0x425d6005150b660d74b5e64d1f66d99968ac187c,0xa9d1e08c7793af67e9d92fe308d5697fb81d3e43,149831.0,,,,ATA,erc20,"{'value': '0x1fba5ad33556f0bc0000', 'address': '0xa2120b9e674d3fc3875f415a7df52e382f141225', 'decimal': '0x12'}",{'blockTimestamp': '2022-08-20T09:50:02.000Z'}
483,0xeaa209,0xa576244e9173eb2a79f8aafc67b1051c091c7a0ace87c9946ad4c9d5f8e3395b:log:49,0xa576244e9173eb2a79f8aafc67b1051c091c7a0ace87c9946ad4c9d5f8e3395b,0x3c02290922a3618a4646e3bbca65853ea45fe7c6,0xaad60b6615b9eb13a9b0212af7b298f26dd74e7f,24777.0,,,,ATA,erc20,"{'value': '0x053f29f2d1d3ed840000', 'address': '0xa2120b9e674d3fc3875f415a7df52e382f141225', 'decimal': '0x12'}",{'blockTimestamp': '2022-08-20T09:49:08.000Z'}
484,0xeaa201,0xd6c4a572ad1ad1aad66b850c7215f0bffd5222a43340350dde81621257332b1c:log:14,0xd6c4a572ad1ad1aad66b850c7215f0bffd5222a43340350dde81621257332b1c,0x21a31ee1afc51d94c2efccaa2092ad1028285549,0xf431666bdc13d00bc0d2661ef756755f0c7086dd,9971.0,,,,ATA,erc20,"{'value': '0x021c876c1760bbec0000', 'address': '0xa2120b9e674d3fc3875f415a7df52e382f141225', 'decimal': '0x12'}",{'blockTimestamp': '2022-08-20T09:46:53.000Z'}
485,0xeaa1fe,0xb61f6a97ffa392ac541c5aa07aea2aa733a2f3587436ad1c383402f480a9553d:log:156,0xb61f6a97ffa392ac541c5aa07aea2aa733a2f3587436ad1c383402f480a9553d,0x28c6c06298d514db089934071355e5743bf21d60,0xb638c9ed38621892c52611fac202aca483482c0d,52805.0,,,,ATA,erc20,"{'value': '0x0b2e9095cf1e95f40000', 'address': '0xa2120b9e674d3fc3875f415a7df52e382f141225', 'decimal': '0x12'}",{'blockTimestamp': '2022-08-20T09:45:49.000Z'}
486,0xeaa1fc,0x23098b18a88b6541665a050df319d1649dae2d35b2491eb262d05eeb8888cd36:log:13,0x23098b18a88b6541665a050df319d1649dae2d35b2491eb262d05eeb8888cd36,0xe6869f9704966902cec4e111b79a4097b68e8da6,0xa9d1e08c7793af67e9d92fe308d5697fb81d3e43,9929.032000000001,,,,ATA,erc20,"{'value': '0x021a40ffcdbbde540000', 'address': '0xa2120b9e674d3fc3875f415a7df52e382f141225', 'decimal': '0x12'}",{'blockTimestamp': '2022-08-20T09:45:12.000Z'}
487,0xeaa1fc,0x3a58189c287138f0a30bd626df7e80c799bffefb55bb6f8e7dc8c014c121c69e:log:10,0x3a58189c287138f0a30bd626df7e80c799bffefb55bb6f8e7dc8c014c121c69e,0xf67633757032d9e460c423bb09979ace134ab6b7,0xa9d1e08c7793af67e9d92fe308d5697fb81d3e43,41184.37,,,,ATA,erc20,"{'value': '0x08b89bf2a6db1e650000', 'address': '0xa2120b9e674d3fc3875f415a7df52e382f141225', 'decimal': '0x12'}",{'blockTimestamp': '2022-08-20T09:45:12.000Z'}
488,0xeaa1fb,0xa64c7c6ed1fb054244a3f962b85022d2535bfb067947bd796bf78b2869f3b076:log:615,0xa64c7c6ed1fb054244a3f962b85022d2535bfb067947bd796bf78b2869f3b076,0xdfd5293d8e347dfe59e90efd55b2956a1343963d,0xb638c9ed38621892c52611fac202aca483482c0d,90326.0,,,,ATA,erc20,"{'value': '0x1320950fc0576d980000', 'address': '0xa2120b9e674d3fc3875f415a7df52e382f141225', 'decimal': '0x12'}",{'blockTimestamp': '2022-08-20T09:43:04.000Z'}
489,0xeaa1f7,0xff73676e353140228f3fe9fdbfc053c1cb56799ae24503b65d5321598be0ef06:log:44,0xff73676e353140228f3fe9fdbfc053c1cb56799ae24503b65d5321598be0ef06,0x21a31ee1afc51d94c2efccaa2092ad1028285549,0x1089347e1b19057c4dae44e9f6aad05ac16d280d,26094.999999999996,,,,ATA,erc20,"{'value': '0x05869cdf72c3ba5c0000', 'address': '0xa2120b9e674d3fc3875f415a7df52e382f141225', 'decimal': '0x12'}",{'blockTimestamp': '2022-08-20T09:42:31.000Z'}
490,0xeaa1f3,0xcd827f32e3680f9bacd822f5ef99dbb1b5696206c1cbfc417683e5c42c3556b0:log:85,0xcd827f32e3680f9bacd822f5ef99dbb1b5696206c1cbfc417683e5c42c3556b0,0x448a9467f8d06b8d5d1949b118486495d5ceb228,0x425d6005150b660d74b5e64d1f66d99968ac187c,99971.0,,,,ATA,erc20,"{'value': '0x152b70532ef1002c0000', 'address': '0xa2120b9e674d3fc3875f415a7df52e382f141225', 'decimal': '0x12'}",{'blockTimestamp': '2022-08-20T09:41:06.000Z'}
491,0xeaa1f2,0x60e8525476e6cd8515c87ae5db5f3c0281c560cea74030d0c9c30fc4c9bd7e16:log:680,0x60e8525476e6cd8515c87ae5db5f3c0281c560cea74030d0c9c30fc4c9bd7e16,0x0d0707963952f2fba59dd06f2b425ace40b492fe,0x425d6005150b660d74b5e64d1f66d99968ac187c,49860.0,,,,ATA,erc20,"{'value': '0x0a8eea800665f0900000', 'address': '0xa2120b9e674d3fc3875f415a7df52e382f141225', 'decimal': '0x12'}",{'blockTimestamp': '2022-08-20T09:40:18.000Z'}
492,0xeaa1f0,0x12b3f36d5802ee677f54ba0f39f4e352d8dc3abd2eaa34d295a13f6e5b4d1514:log:19,0x12b3f36d5802ee677f54ba0f39f4e352d8dc3abd2eaa34d295a13f6e5b4d1514,0xb638c9ed38621892c52611fac202aca483482c0d,0xa9d1e08c7793af67e9d92fe308d5697fb81d3e43,80645.0,,,,ATA,erc20,"{'value': '0x1113c632a07a50f40000', 'address': '0xa2120b9e674d3fc3875f415a7df52e382f141225', 'decimal': '0x12'}",{'blockTimestamp': '2022-08-20T09:40:04.000Z'}
493,0xeaa1ef,0x4a2dc71bb0bb5dcd50c6a9cf6d73d5fbd8446ed687806634f99033cf6545d8c1:log:44,0x4a2dc71bb0bb5dcd50c6a9cf6d73d5fbd8446ed687806634f99033cf6545d8c1,0x28c6c06298d514db089934071355e5743bf21d60,0x448a9467f8d06b8d5d1949b118486495d5ceb228,99971.0,,,,ATA,erc20,"{'value': '0x152b70532ef1002c0000', 'address': '0xa2120b9e674d3fc3875f415a7df52e382f141225', 'decimal': '0x12'}",{'blockTimestamp': '2022-08-20T09:39:53.000Z'}
494,0xeaa1ed,0xfcacb3a83d75ca79fa6d8d7b956291e399eac591ca27aae14dc94f46a3f23e83:log:294,0xfcacb3a83d75ca79fa6d8d7b956291e399eac591ca27aae14dc94f46a3f23e83,0xdfd5293d8e347dfe59e90efd55b2956a1343963d,0xb638c9ed38621892c52611fac202aca483482c0d,62166.0,,,,ATA,erc20,"{'value': '0x0d2a068e8e6a75980000', 'address': '0xa2120b9e674d3fc3875f415a7df52e382f141225', 'decimal': '0x12'}",{'blockTimestamp': '2022-08-20T09:38:25.000Z'}
495,0xeaa1ea,0xcb8755b7f6047e489dbb0bc6e27a247099d4497b1d96159ba1a910e259258cbe:log:46,0xcb8755b7f6047e489dbb0bc6e27a247099d4497b1d96159ba1a910e259258cbe,0x28c6c06298d514db089934071355e5743bf21d60,0xe6869f9704966902cec4e111b79a4097b68e8da6,9929.032000000001,,,,ATA,erc20,"{'value': '0x021a40ffcdbbde540000', 'address': '0xa2120b9e674d3fc3875f415a7df52e382f141225', 'decimal': '0x12'}",{'blockTimestamp': '2022-08-20T09:37:58.000Z'}
496,0xeaa1ea,0xb8e8a55bf185a3bc79f052ab23a48ebe26972c1b35395a5e5c76d8a03c880208:log:44,0xb8e8a55bf185a3bc79f052ab23a48ebe26972c1b35395a5e5c76d8a03c880208,0xdfd5293d8e347dfe59e90efd55b2956a1343963d,0xd8f7c8c89efe493740fbe2d5cbc0671112c884fd,40177.0,,,,ATA,erc20,"{'value': '0x0881ffe1792185240000', 'address': '0xa2120b9e674d3fc3875f415a7df52e382f141225', 'decimal': '0x12'}",{'blockTimestamp': '2022-08-20T09:37:58.000Z'}
497,0xeaa1e4,0x4755fb26d36eebae6931bf76d26a7e0356cfae6ad2651b3e101f3aab2fb7556d:log:84,0x4755fb26d36eebae6931bf76d26a7e0356cfae6ad2651b3e101f3aab2fb7556d,0xdfd5293d8e347dfe59e90efd55b2956a1343963d,0xf67633757032d9e460c423bb09979ace134ab6b7,41184.37,,,,ATA,erc20,"{'value': '0x08b89bf2a6db1e650000', 'address': '0xa2120b9e674d3fc3875f415a7df52e382f141225', 'decimal': '0x12'}",{'blockTimestamp': '2022-08-20T09:36:34.000Z'}
498,0xeaa1dd,0x967b84100c58d5b2f4f2b1c49f22d367faa0f4b388ea1a7777a0d4790bba6afb:log:343,0x967b84100c58d5b2f4f2b1c49f22d367faa0f4b388ea1a7777a0d4790bba6afb,0x0d0707963952f2fba59dd06f2b425ace40b492fe,0x92c25b3125a7ad093329f22ee0845570d4f86f23,37332.0,,,,ATA,erc20,"{'value': '0x07e7c5930e9642d00000', 'address': '0xa2120b9e674d3fc3875f415a7df52e382f141225', 'decimal': '0x12'}",{'blockTimestamp': '2022-08-20T09:35:12.000Z'}
499,0xeaa1dd,0xa960af725cd0d796fa14b5e73eaa3b304471dae1b47d1e70c6a4d5616bb74a62:log:342,0xa960af725cd0d796fa14b5e73eaa3b304471dae1b47d1e70c6a4d5616bb74a62,0x0d0707963952f2fba59dd06f2b425ace40b492fe,0xc1921072db5266d950acc8e721507f7542445ba5,31438.0,,,,ATA,erc20,"{'value': '0x06a841e4a2565a780000', 'address': '0xa2120b9e674d3fc3875f415a7df52e382f141225', 'decimal': '0x12'}",{'blockTimestamp': '2022-08-20T09:35:12.000Z'}
500,0xeaa1dd,0x2abfbb11d42eed734f6797c176596850c4772805554663b385579a357878db90:log:312,0x2abfbb11d42eed734f6797c176596850c4772805554663b385579a357878db90,0x0d0707963952f2fba59dd06f2b425ace40b492fe,0x9bf507741c9f0c21a3cbab8c98cf4408d12cf3b7,37649.0,,,,ATA,erc20,"{'value': '0x07f8f4d54b0c89a40000', 'address': '0xa2120b9e674d3fc3875f415a7df52e382f141225', 'decimal': '0x12'}",{'blockTimestamp': '2022-08-20T09:35:12.000Z'}
501,0xeaa1d8,0xe13c520d9daac69f6889bc399f4e593f244370cacdc62bd690be327e22db5597:log:184,0xe13c520d9daac69f6889bc399f4e593f244370cacdc62bd690be327e22db5597,0x21a31ee1afc51d94c2efccaa2092ad1028285549,0xb638c9ed38621892c52611fac202aca483482c0d,101581.0,,,,ATA,erc20,"{'value': '0x1582b79034cbbb140000', 'address': '0xa2120b9e674d3fc3875f415a7df52e382f141225', 'decimal': '0x12'}",{'blockTimestamp': '2022-08-20T09:34:08.000Z'}
502,0xeaa1cf,0xff818baceeb09e71433e287e2354a7f59e600921aeab1f5009dc1e62985536eb:log:284,0xff818baceeb09e71433e287e2354a7f59e600921aeab1f5009dc1e62985536eb,0x5654d65578cda52791879751141f2f3d7dc27fe4,0x46aee03057910f82f54eb8be112dd705ea48e6b9,316.39559696971116,,,,ATA,erc20,"{'value': '0x1126def71bb54b7a17', 'address': '0xa2120b9e674d3fc3875f415a7df52e382f141225', 'decimal': '0x12'}",{'blockTimestamp': '2022-08-20T09:32:37.000Z'}
503,0xeaa1cf,0x8c6d122f5122fc78565bcc55518165afbf94246735638a5d037dc9fa6f9e86d1:log:9,0x8c6d122f5122fc78565bcc55518165afbf94246735638a5d037dc9fa6f9e86d1,0x007933790a4f00000099e9001629d9fe7775b800,0x5654d65578cda52791879751141f2f3d7dc27fe4,1090.9669000000001,,,,ATA,erc20,"{'value': '0x3b2435075c111b4000', 'address': '0xa2120b9e674d3fc3875f415a7df52e382f141225', 'decimal': '0x12'}",{'blockTimestamp': '2022-08-20T09:32:37.000Z'}
504,0xeaa1cf,0x6c31039a618920d8cd90c528d6cfbe4146e6d57aac587a49ccd061010091462c:log:6,0x6c31039a618920d8cd90c528d6cfbe4146e6d57aac587a49ccd061010091462c,0x5654d65578cda52791879751141f2f3d7dc27fe4,0x46aee03057910f82f54eb8be112dd705ea48e6b9,235.291380070849,,,,ATA,erc20,"{'value': '0x0cc152e78c1a61335f', 'address': '0xa2120b9e674d3fc3875f415a7df52e382f141225', 'decimal': '0x12'}",{'blockTimestamp': '2022-08-20T09:32:37.000Z'}
505,0xeaa1cf,0xeacc628f9d554f092bea76386849dbfd8a77bd6adecd678a77ca4870f07e2fca:log:1,0xeacc628f9d554f092bea76386849dbfd8a77bd6adecd678a77ca4870f07e2fca,0x5654d65578cda52791879751141f2f3d7dc27fe4,0x007933790a4f00000099e9001629d9fe7775b800,1090.96691,,,,ATA,erc20,"{'value': '0x3b243510745f8de000', 'address': '0xa2120b9e674d3fc3875f415a7df52e382f141225', 'decimal': '0x12'}",{'blockTimestamp': '2022-08-20T09:32:37.000Z'}
506,0xeaa1cd,0x20f81fc0d4f6d5495eacea4cf353ce236d335de9d47226a915e58ee15929bff2:log:89,0x20f81fc0d4f6d5495eacea4cf353ce236d335de9d47226a915e58ee15929bff2,0x28c6c06298d514db089934071355e5743bf21d60,0xb638c9ed38621892c52611fac202aca483482c0d,80645.0,,,,ATA,erc20,"{'value': '0x1113c632a07a50f40000', 'address': '0xa2120b9e674d3fc3875f415a7df52e382f141225', 'decimal': '0x12'}",{'blockTimestamp': '2022-08-20T09:32:18.000Z'}
507,0xeaa1ca,0x4c62e82f63c928297f0e2bf5e5c7b0682bc6857923b527d62801f25fa315d806:log:246,0x4c62e82f63c928297f0e2bf5e5c7b0682bc6857923b527d62801f25fa315d806,0xa9d1e08c7793af67e9d92fe308d5697fb81d3e43,0x73f9b272abda7a97cb1b237d85f9a7236edb6f16,525301.6214588201,,,,ATA,erc20,"{'value': '0x6f3ca8700d866f562800', 'address': '0xa2120b9e674d3fc3875f415a7df52e382f141225', 'decimal': '0x12'}",{'blockTimestamp': '2022-08-20T09:31:57.000Z'}
508,0xeaa1c2,0x60676a9ed34678e8a72802a9123d0d5e145dd1a68bc12c13f579adeca4cb2cdb:log:290,0x60676a9ed34678e8a72802a9123d0d5e145dd1a68bc12c13f579adeca4cb2cdb,0x3c02290922a3618a4646e3bbca65853ea45fe7c6,0xd8259173fb6ae1fb2462213bc1fe951c41a35a59,2492.9999999999995,,,,ATA,erc20,"{'value': '0x872553338518d40000', 'address': '0xa2120b9e674d3fc3875f415a7df52e382f141225', 'decimal': '0x12'}",{'blockTimestamp': '2022-08-20T09:30:04.000Z'}
509,0xeaa1ba,0xeb4ecbba6402839a67ba74b3df5e372eb3043cd1479e965a6b17b94fb23c59df:log:38,0xeb4ecbba6402839a67ba74b3df5e372eb3043cd1479e965a6b17b94fb23c59df,0xa9d1e08c7793af67e9d92fe308d5697fb81d3e43,0xee845948e6806d12e966137caa07d49bbe632fe3,47998.0480707,,,,ATA,erc20,"{'value': '0x0a29fab9efbe74d2b800', 'address': '0xa2120b9e674d3fc3875f415a7df52e382f141225', 'decimal': '0x12'}",{'blockTimestamp': '2022-08-20T09:28:57.000Z'}
510,0xeaa1b2,0x3799661f26ab3af33325f20bf38ecb239bc163469166b3977673e57bbf1f093c:log:92,0x3799661f26ab3af33325f20bf38ecb239bc163469166b3977673e57bbf1f093c,0xa9d1e08c7793af67e9d92fe308d5697fb81d3e43,0x7ecccabb5e4ff4537f70b0a5018e8c0cfd53fff4,301548.01985429,,,,ATA,erc20,"{'value': '0x3fdaf36ef39832e7b400', 'address': '0xa2120b9e674d3fc3875f415a7df52e382f141225', 'decimal': '0x12'}",{'blockTimestamp': '2022-08-20T09:26:50.000Z'}
511,0xeaa1ae,0x805b516954f1794139c5279c86cc8f0f30a1735e96979fe71d95a8fd86897487:log:2,0x805b516954f1794139c5279c86cc8f0f30a1735e96979fe71d95a8fd86897487,0x5654d65578cda52791879751141f2f3d7dc27fe4,0x4bba5f077a8fcfaf8d6d07c6cfbce553e2d94c9c,1027.3875000187036,,,,ATA,erc20,"{'value': '0x37b1dd9fef4b731afd', 'address': '0xa2120b9e674d3fc3875f415a7df52e382f141225', 'decimal': '0x12'}",{'blockTimestamp': '2022-08-20T09:25:30.000Z'}
512,0xeaa161,0x3ca18aedca6959ad1c9742f99854c12392670e2328321bf92c3e2305dc6e0987:log:145,0x3ca18aedca6959ad1c9742f99854c12392670e2328321bf92c3e2305dc6e0987,0xb638c9ed38621892c52611fac202aca483482c0d,0xa9d1e08c7793af67e9d92fe308d5697fb81d3e43,745990.9999999999,,,,ATA,erc20,"{'value': '0x9df840cdf649dbbc0000', 'address': '0xa2120b9e674d3fc3875f415a7df52e382f141225', 'decimal': '0x12'}",{'blockTimestamp': '2022-08-20T09:10:02.000Z'}
513,0xeaa136,0xe6247a00eb21331ae31ac722708214336e52fbd6f5e052b2518ff005c33075b6:log:63,0xe6247a00eb21331ae31ac722708214336e52fbd6f5e052b2518ff005c33075b6,0x28c6c06298d514db089934071355e5743bf21d60,0xdfd5293d8e347dfe59e90efd55b2956a1343963d,965089.86341215,,,,ATA,erc20,"{'value': '0xcc5da057041c02659c00', 'address': '0xa2120b9e674d3fc3875f415a7df52e382f141225', 'decimal': '0x12'}",{'blockTimestamp': '2022-08-20T09:00:24.000Z'}
514,0xeaa12e,0x5d9177354b111a30ad727ecd43c68027fb0246e0787d6e6698f5597e75844a3c:log:123,0x5d9177354b111a30ad727ecd43c68027fb0246e0787d6e6698f5597e75844a3c,0xdfd5293d8e347dfe59e90efd55b2956a1343963d,0xb638c9ed38621892c52611fac202aca483482c0d,745990.9999999999,,,,ATA,erc20,"{'value': '0x9df840cdf649dbbc0000', 'address': '0xa2120b9e674d3fc3875f415a7df52e382f141225', 'decimal': '0x12'}",{'blockTimestamp': '2022-08-20T08:58:51.000Z'}
515,0xea9741,0x6a9a871680a4049184cadbfe706d58b6d6d01357be5a99db989ac16fec6ea587:log:204,0x6a9a871680a4049184cadbfe706d58b6d6d01357be5a99db989ac16fec6ea587,0xaa6388083175a40a418f5acf038c68748439ecf7,0xa9d1e08c7793af67e9d92fe308d5697fb81d3e43,776733.4601052774,,,,ATA,erc20,"{'value': '0xa47ace247f8101949499', 'address': '0xa2120b9e674d3fc3875f415a7df52e382f141225', 'decimal': '0x12'}",{'blockTimestamp': '2022-08-19T23:19:46.000Z'}
516,0xea9724,0xa1bb2d57f07e23b1d4242f36649c78ad56ed5ff6cd982b7b98cc9c9b7cb25799:log:309,0xa1bb2d57f07e23b1d4242f36649c78ad56ed5ff6cd982b7b98cc9c9b7cb25799,0xcf1fd82ef919291625fb13a9cff99ee08121acfd,0xaa6388083175a40a418f5acf038c68748439ecf7,776733.4601052774,,,,ATA,erc20,"{'value': '0xa47ace247f8101949499', 'address': '0xa2120b9e674d3fc3875f415a7df52e382f141225', 'decimal': '0x12'}",{'blockTimestamp': '2022-08-19T23:11:24.000Z'}
517,0xea944d,0x8004f46c2786932a2d5e96b36320ab7abc8aae553d0400733dddfa42fbfb1509:log:266,0x8004f46c2786932a2d5e96b36320ab7abc8aae553d0400733dddfa42fbfb1509,0x2c41a5ca635449be8d2cd997bc1a4a83ad9dfbe0,0x6e6dac8b84711030253de957d266fde8ed9935ed,126510.088,,,,ATA,erc20,"{'value': '0x1aca202824d3b0340000', 'address': '0xa2120b9e674d3fc3875f415a7df52e382f141225', 'decimal': '0x12'}",{'blockTimestamp': '2022-08-19T20:24:11.000Z'}
518,0xea91fd,0xc2438291ad7760e45f39bb74b7e69c14d1b0b10b334d84b1601ee8d8ffe6dd59:log:292,0xc2438291ad7760e45f39bb74b7e69c14d1b0b10b334d84b1601ee8d8ffe6dd59,0x74de5d4fcbf63e00296fd95d33236b9794016631,0x5654d65578cda52791879751141f2f3d7dc27fe4,163.17539607,,,,ATA,erc20,"{'value': '0x08d883762f74057c00', 'address': '0xa2120b9e674d3fc3875f415a7df52e382f141225', 'decimal': '0x12'}",{'blockTimestamp': '2022-08-19T18:05:35.000Z'}
519,0xea91fd,0xc2438291ad7760e45f39bb74b7e69c14d1b0b10b334d84b1601ee8d8ffe6dd59:log:289,0xc2438291ad7760e45f39bb74b7e69c14d1b0b10b334d84b1601ee8d8ffe6dd59,0x8530c60168452dbf1d1ffbb466f70122b77f15f6,0x74de5d4fcbf63e00296fd95d33236b9794016631,163.17539607,,,,ATA,erc20,"{'value': '0x08d883762f74057c00', 'address': '0xa2120b9e674d3fc3875f415a7df52e382f141225', 'decimal': '0x12'}",{'blockTimestamp': '2022-08-19T18:05:35.000Z'}
520,0xea916a,0x50cf29c137b0f4009fd02badda8c049e1897a40cb9531a76baec17ec9909b920:log:245,0x50cf29c137b0f4009fd02badda8c049e1897a40cb9531a76baec17ec9909b920,0x7335b16a6e30077f8157e4a80abcc7afc797650c,0x8530c60168452dbf1d1ffbb466f70122b77f15f6,163.17539607,,,,ATA,erc20,"{'value': '0x08d883762f74057c00', 'address': '0xa2120b9e674d3fc3875f415a7df52e382f141225', 'decimal': '0x12'}",{'blockTimestamp': '2022-08-19T17:29:17.000Z'}
521,0xea868c,0x97de0de3fe188a3c18cab7567ba02560e5caa48ea455404da67e2ba9ec1b9781:log:315,0x97de0de3fe188a3c18cab7567ba02560e5caa48ea455404da67e2ba9ec1b9781,0x20e74b82e9c2b24063c516397cd1fc2eeeb17cc0,0x3c02290922a3618a4646e3bbca65853ea45fe7c6,36270.0,,,,ATA,erc20,"{'value': '0x07ae335d214dd9f80000', 'address': '0xa2120b9e674d3fc3875f415a7df52e382f141225', 'decimal': '0x12'}",{'blockTimestamp': '2022-08-19T06:51:13.000Z'}
522,0xea865d,0x6b63dd05e0f2c1061ebe2db3e326b11261f49defc91a847496dc18e8ba2c6ad3:log:510,0x6b63dd05e0f2c1061ebe2db3e326b11261f49defc91a847496dc18e8ba2c6ad3,0x21a31ee1afc51d94c2efccaa2092ad1028285549,0x20e74b82e9c2b24063c516397cd1fc2eeeb17cc0,36270.0,,,,ATA,erc20,"{'value': '0x07ae335d214dd9f80000', 'address': '0xa2120b9e674d3fc3875f415a7df52e382f141225', 'decimal': '0x12'}",{'blockTimestamp': '2022-08-19T06:37:20.000Z'}
523,0xea8561,0x58dda2bf8e05f47e8a7901d6b7e92f77c483feee0cae5f3109943813f94ba17b:log:37,0x58dda2bf8e05f47e8a7901d6b7e92f77c483feee0cae5f3109943813f94ba17b,0x28c6c06298d514db089934071355e5743bf21d60,0x1fa5720cba63365b4f50fbd4f1a0d06caed17a7c,5256.772000000001,,,,ATA,erc20,"{'value': '0x011cf85dca6da3ba0000', 'address': '0xa2120b9e674d3fc3875f415a7df52e382f141225', 'decimal': '0x12'}",{'blockTimestamp': '2022-08-19T05:36:39.000Z'}
524,0xea7b39,0xc2363fc1e3d3be71d4dd97976afb33c061c3324375390dcf619a42576af66293:log:445,0xc2363fc1e3d3be71d4dd97976afb33c061c3324375390dcf619a42576af66293,0xdfd5293d8e347dfe59e90efd55b2956a1343963d,0x65ef2564522976da02dabf9e12a4bf1ec96d68f5,922.636,,,,ATA,erc20,"{'value': '0x32042589aa3b4e0000', 'address': '0xa2120b9e674d3fc3875f415a7df52e382f141225', 'decimal': '0x12'}",{'blockTimestamp': '2022-08-18T20:00:09.000Z'}
525,0xea7520,0x0d1d411df2f728ca716e4ddfc1de1acab4012435f9195b0b8d767a51cb50fa71:log:51,0x0d1d411df2f728ca716e4ddfc1de1acab4012435f9195b0b8d767a51cb50fa71,0xa9d1e08c7793af67e9d92fe308d5697fb81d3e43,0x7335b16a6e30077f8157e4a80abcc7afc797650c,163.17539607,,,,ATA,erc20,"{'value': '0x08d883762f74057c00', 'address': '0xa2120b9e674d3fc3875f415a7df52e382f141225', 'decimal': '0x12'}",{'blockTimestamp': '2022-08-18T14:02:03.000Z'}
526,0xea728e,0x16d9370b0e27b4ec85fbe8c04cea460d1f39095a1c44946f0f750f5229f4f3eb:log:66,0x16d9370b0e27b4ec85fbe8c04cea460d1f39095a1c44946f0f750f5229f4f3eb,0x6767526a362ec6c6b1df185478e4f01506b73ff3,0x28c6c06298d514db089934071355e5743bf21d60,29523.0,,,,ATA,erc20,"{'value': '0x064071edf071316c0000', 'address': '0xa2120b9e674d3fc3875f415a7df52e382f141225', 'decimal': '0x12'}",{'blockTimestamp': '2022-08-18T11:30:59.000Z'}
527,0xea6f6c,0x1de0be2cfaf1d1c281a3313f761f93f71516d4629d001616ea8c1fbe626bfadd:log:284,0x1de0be2cfaf1d1c281a3313f761f93f71516d4629d001616ea8c1fbe626bfadd,0xa946b05b78810bdf15b285f99efccc3e30a42865,0x28c6c06298d514db089934071355e5743bf21d60,14880.0,,,,ATA,erc20,"{'value': '0x0326a57b8a6194800000', 'address': '0xa2120b9e674d3fc3875f415a7df52e382f141225', 'decimal': '0x12'}",{'blockTimestamp': '2022-08-18T08:29:58.000Z'}
528,0xea6f2d,0x344e2d16140e5091370c7bf15cc90ad951574c4e269e3c8d716f7d5555101def:log:233,0x344e2d16140e5091370c7bf15cc90ad951574c4e269e3c8d716f7d5555101def,0x62d26d2bd6a26916efc2de91a557783150e7c645,0xa946b05b78810bdf15b285f99efccc3e30a42865,14880.0,,,,ATA,erc20,"{'value': '0x0326a57b8a6194800000', 'address': '0xa2120b9e674d3fc3875f415a7df52e382f141225', 'decimal': '0x12'}",{'blockTimestamp': '2022-08-18T08:14:26.000Z'}
529,0xea62c0,0xecc3918ea8445249d3c7e49578f58c16cfa2b017ee1d27d5092dc9ae43c1f1fb:log:35,0xecc3918ea8445249d3c7e49578f58c16cfa2b017ee1d27d5092dc9ae43c1f1fb,0x3c02290922a3618a4646e3bbca65853ea45fe7c6,0x6767526a362ec6c6b1df185478e4f01506b73ff3,29523.0,,,,ATA,erc20,"{'value': '0x064071edf071316c0000', 'address': '0xa2120b9e674d3fc3875f415a7df52e382f141225', 'decimal': '0x12'}",{'blockTimestamp': '2022-08-17T20:00:11.000Z'}
530,0xea42a5,0x9f6eb68b8e96044cae05a022a5a36d368718b8c41059bf6a05f5ad183d14c37e:log:231,0x9f6eb68b8e96044cae05a022a5a36d368718b8c41059bf6a05f5ad183d14c37e,0x7acd995d79abbaa6d94f7631f232cdd862cfb150,0x28c6c06298d514db089934071355e5743bf21d60,8706.159,,,,ATA,erc20,"{'value': '0x01d7f63a2b4aee118000', 'address': '0xa2120b9e674d3fc3875f415a7df52e382f141225', 'decimal': '0x12'}",{'blockTimestamp': '2022-08-16T13:00:20.000Z'}
531,0xea4273,0x29ff468b1df808d94f9e89f95a38b1fd3cc1f75a8b672e845489be55d68731ba:log:347,0x29ff468b1df808d94f9e89f95a38b1fd3cc1f75a8b672e845489be55d68731ba,0x4a1e2510178f1389d16222ca39384b97665cc287,0x7acd995d79abbaa6d94f7631f232cdd862cfb150,8706.159,,,,ATA,erc20,"{'value': '0x01d7f63a2b4aee118000', 'address': '0xa2120b9e674d3fc3875f415a7df52e382f141225', 'decimal': '0x12'}",{'blockTimestamp': '2022-08-16T12:46:24.000Z'}
532,0xea10b6,0x597986154e3129068e386bf0eb704177d951904c176172e74616fb3450f70293:log:163,0x597986154e3129068e386bf0eb704177d951904c176172e74616fb3450f70293,0x3c02290922a3618a4646e3bbca65853ea45fe7c6,0xd627d518494c44b8839b0f3784ecac390bd926f2,377.14176244,,,,ATA,erc20,"{'value': '0x1471e4b2c1a8f55000', 'address': '0xa2120b9e674d3fc3875f415a7df52e382f141225', 'decimal': '0x12'}",{'blockTimestamp': '2022-08-14T12:16:07.000Z'}
533,0xea0ad0,0xadc61df56a408306ed7bb33de4e7e88f4b6c004ff9f33fbb111fc596eb305e91:log:30,0xadc61df56a408306ed7bb33de4e7e88f4b6c004ff9f33fbb111fc596eb305e91,0x8594d8e9483473626908648a5539d9d65ca2fe8d,0x5654d65578cda52791879751141f2f3d7dc27fe4,484.6074661264026,,,,ATA,erc20,"{'value': '0x1a454792e1ae5e88de', 'address': '0xa2120b9e674d3fc3875f415a7df52e382f141225', 'decimal': '0x12'}",{'blockTimestamp': '2022-08-14T06:39:21.000Z'}
534,0xea0ab7,0xe2c6468283ee15c3e3fe213ae1c68a7fc05c49c1bb3d1c17acccd0d5de0971a2:log:301,0xe2c6468283ee15c3e3fe213ae1c68a7fc05c49c1bb3d1c17acccd0d5de0971a2,0x40ec5b33f54e0e8a33a975908c5ba1c14e5bbbdf,0x8594d8e9483473626908648a5539d9d65ca2fe8d,484.6074661264026,,,,ATA,erc20,"{'value': '0x1a454792e1ae5e88de', 'address': '0xa2120b9e674d3fc3875f415a7df52e382f141225', 'decimal': '0x12'}",{'blockTimestamp': '2022-08-14T06:32:42.000Z'}
535,0xe9fa66,0xe47ebb1b03122e2a4376a19589d946a852a9712d7afbeaa81b40ec702eb00211:log:92,0xe47ebb1b03122e2a4376a19589d946a852a9712d7afbeaa81b40ec702eb00211,0x21a31ee1afc51d94c2efccaa2092ad1028285549,0x73fc19a431a6b10f1bf2f3b290ae50b0dd15fc6f,61.372,,,,ATA,erc20,"{'value': '0x0353b524d653460000', 'address': '0xa2120b9e674d3fc3875f415a7df52e382f141225', 'decimal': '0x12'}",{'blockTimestamp': '2022-08-13T14:38:51.000Z'}
536,0xe9ee40,0xee1bc96304235efacd3dce02a15d0a7062301c41c9462a458958e21e11e7df08:log:539,0xee1bc96304235efacd3dce02a15d0a7062301c41c9462a458958e21e11e7df08,0x7ecccabb5e4ff4537f70b0a5018e8c0cfd53fff4,0x28c6c06298d514db089934071355e5743bf21d60,1515298.70575049,,,,ATA,erc20,"{'value': '0x0140e081e763722fca0400', 'address': '0xa2120b9e674d3fc3875f415a7df52e382f141225', 'decimal': '0x12'}",{'blockTimestamp': '2022-08-13T02:59:58.000Z'}
537,0xe9ede8,0x9efe02fc87e15fd86dc7cf909a48e9f9ba2f64c618f810c1cd8d8fee1fde605f:log:25,0x9efe02fc87e15fd86dc7cf909a48e9f9ba2f64c618f810c1cd8d8fee1fde605f,0xb5d85cbf7cb3ee0d56b3bb207d5fc4b82f43f511,0x7ecccabb5e4ff4537f70b0a5018e8c0cfd53fff4,1515294.59110174,,,,ATA,erc20,"{'value': '0x0140e048cd38355088b800', 'address': '0xa2120b9e674d3fc3875f415a7df52e382f141225', 'decimal': '0x12'}",{'blockTimestamp': '2022-08-13T02:37:02.000Z'}
538,0xe9ede3,0xafd2ab46388d60eeb1f7c692b0101b2d5966e9dc5cd33535f3d15f7be22f970e:log:227,0xafd2ab46388d60eeb1f7c692b0101b2d5966e9dc5cd33535f3d15f7be22f970e,0x0097e387353eb7f68a92e374a49719dd38004620,0x0d0707963952f2fba59dd06f2b425ace40b492fe,29760.0,,,,ATA,erc20,"{'value': '0x064d4af714c329000000', 'address': '0xa2120b9e674d3fc3875f415a7df52e382f141225', 'decimal': '0x12'}",{'blockTimestamp': '2022-08-13T02:35:34.000Z'}
539,0xe9eadc,0x964a5d4e2174830885967dce75a823fa0445f89d29a1717384f0c2b26da29a98:log:138,0x964a5d4e2174830885967dce75a823fa0445f89d29a1717384f0c2b26da29a98,0x74de5d4fcbf63e00296fd95d33236b9794016631,0xc5399cfc64433b67edf0145fc82823e5798168ef,81.41417704663148,,,,ATA,erc20,"{'value': '0x0469d942ac513b1156', 'address': '0xa2120b9e674d3fc3875f415a7df52e382f141225', 'decimal': '0x12'}",{'blockTimestamp': '2022-08-12T23:45:29.000Z'}
540,0xe9eadc,0x964a5d4e2174830885967dce75a823fa0445f89d29a1717384f0c2b26da29a98:log:135,0x964a5d4e2174830885967dce75a823fa0445f89d29a1717384f0c2b26da29a98,0x5654d65578cda52791879751141f2f3d7dc27fe4,0x74de5d4fcbf63e00296fd95d33236b9794016631,81.41417704663148,,,,ATA,erc20,"{'value': '0x0469d942ac513b1156', 'address': '0xa2120b9e674d3fc3875f415a7df52e382f141225', 'decimal': '0x12'}",{'blockTimestamp': '2022-08-12T23:45:29.000Z'}
541,0xe9db42,0x584ca8fbf80bfd1fa6a261b356a9144c75b7fcfda83c13c31cbd031203b2c68d:log:436,0x584ca8fbf80bfd1fa6a261b356a9144c75b7fcfda83c13c31cbd031203b2c68d,0xdedea2917faa29bdd6245987d4c0647d246afabd,0x0097e387353eb7f68a92e374a49719dd38004620,29760.0,,,,ATA,erc20,"{'value': '0x064d4af714c329000000', 'address': '0xa2120b9e674d3fc3875f415a7df52e382f141225', 'decimal': '0x12'}",{'blockTimestamp': '2022-08-12T08:45:30.000Z'}
542,0xe9db06,0x073745694f7e86e840d65f3003fd494da660f4ca2840124566e57b923fe41a8f:log:349,0x073745694f7e86e840d65f3003fd494da660f4ca2840124566e57b923fe41a8f,0xb5d85cbf7cb3ee0d56b3bb207d5fc4b82f43f511,0xcf1fd82ef919291625fb13a9cff99ee08121acfd,411455.4599810769,,,,ATA,erc20,"{'value': '0x57210b90e45520cb01c4', 'address': '0xa2120b9e674d3fc3875f415a7df52e382f141225', 'decimal': '0x12'}",{'blockTimestamp': '2022-08-12T08:29:05.000Z'}
543,0xe9dadc,0x6e5b086a8e99822c367ffb80c0f4d6a42cb08f6f55e65770396ef2bbf054782e:log:405,0x6e5b086a8e99822c367ffb80c0f4d6a42cb08f6f55e65770396ef2bbf054782e,0xb638c9ed38621892c52611fac202aca483482c0d,0xb5d85cbf7cb3ee0d56b3bb207d5fc4b82f43f511,43478.0,,,,ATA,erc20,"{'value': '0x0934f27553aef1980000', 'address': '0xa2120b9e674d3fc3875f415a7df52e382f141225', 'decimal': '0x12'}",{'blockTimestamp': '2022-08-12T08:19:42.000Z'}
544,0xe9dab4,0x0bf880b35f7595238f4446849b7e6ba87b013bacf959ffbf628aca1c148cc94f:log:237,0x0bf880b35f7595238f4446849b7e6ba87b013bacf959ffbf628aca1c148cc94f,0x28c6c06298d514db089934071355e5743bf21d60,0xb638c9ed38621892c52611fac202aca483482c0d,43478.0,,,,ATA,erc20,"{'value': '0x0934f27553aef1980000', 'address': '0xa2120b9e674d3fc3875f415a7df52e382f141225', 'decimal': '0x12'}",{'blockTimestamp': '2022-08-12T08:11:10.000Z'}
545,0xe9d927,0xd7eb19e2249ac71068182fd9ce55389531fae1238fecaadea66d491b06bf40a9:log:622,0xd7eb19e2249ac71068182fd9ce55389531fae1238fecaadea66d491b06bf40a9,0xb638c9ed38621892c52611fac202aca483482c0d,0xa9d1e08c7793af67e9d92fe308d5697fb81d3e43,85276.0,,,,ATA,erc20,"{'value': '0x120ed23bac6362f00000', 'address': '0xa2120b9e674d3fc3875f415a7df52e382f141225', 'decimal': '0x12'}",{'blockTimestamp': '2022-08-12T06:39:23.000Z'}
546,0xe9d902,0x1a265d23983bf2f1cc9b9e2123c2675c1a7ca54e958b999f4c278c11b0c3bfbd:log:328,0x1a265d23983bf2f1cc9b9e2123c2675c1a7ca54e958b999f4c278c11b0c3bfbd,0x053a00953095876496e89c06898f0e441b49266e,0xbe8ff5c9d74afd3f08886256f0b1e9ba18bf83b9,893.5714999999999,,,,ATA,erc20,"{'value': '0x3070cbb0e7c0f6c000', 'address': '0xa2120b9e674d3fc3875f415a7df52e382f141225', 'decimal': '0x12'}",{'blockTimestamp': '2022-08-12T06:30:46.000Z'}
547,0xe9d8fa,0x353fe1662b5f9d0a5e34da4b919d44eae1f26d1c752ce9b27f231535c19aa614:log:178,0x353fe1662b5f9d0a5e34da4b919d44eae1f26d1c752ce9b27f231535c19aa614,0xdfd5293d8e347dfe59e90efd55b2956a1343963d,0xb638c9ed38621892c52611fac202aca483482c0d,85276.0,,,,ATA,erc20,"{'value': '0x120ed23bac6362f00000', 'address': '0xa2120b9e674d3fc3875f415a7df52e382f141225', 'decimal': '0x12'}",{'blockTimestamp': '2022-08-12T06:27:18.000Z'}
548,0xe9d8d7,0xcae822cd0459b16b776a160b0db3ec188f43ac5a249c4c2a17831c5654642b94:log:149,0xcae822cd0459b16b776a160b0db3ec188f43ac5a249c4c2a17831c5654642b94,0xb638c9ed38621892c52611fac202aca483482c0d,0xb5d85cbf7cb3ee0d56b3bb207d5fc4b82f43f511,422751.00000000006,,,,ATA,erc20,"{'value': '0x598560ac6d350a1c0000', 'address': '0xa2120b9e674d3fc3875f415a7df52e382f141225', 'decimal': '0x12'}",{'blockTimestamp': '2022-08-12T06:19:58.000Z'}
549,0xe9d8a9,0xa5fbe1ba7f7ef810aaa272ed656cf5d4001bb2a5c4880e4ab16e062407929016:log:172,0xa5fbe1ba7f7ef810aaa272ed656cf5d4001bb2a5c4880e4ab16e062407929016,0x21a31ee1afc51d94c2efccaa2092ad1028285549,0xb638c9ed38621892c52611fac202aca483482c0d,86616.0,,,,ATA,erc20,"{'value': '0x1257767800c392600000', 'address': '0xa2120b9e674d3fc3875f415a7df52e382f141225', 'decimal': '0x12'}",{'blockTimestamp': '2022-08-12T06:11:19.000Z'}
550,0xe9d8a0,0xfa6836c890c98ba0d5e986510d29d5f32fe4d822ad7850be52138985127ac90e:log:341,0xfa6836c890c98ba0d5e986510d29d5f32fe4d822ad7850be52138985127ac90e,0x28c6c06298d514db089934071355e5743bf21d60,0xb638c9ed38621892c52611fac202aca483482c0d,336135.0,,,,ATA,erc20,"{'value': '0x472dea346c7177bc0000', 'address': '0xa2120b9e674d3fc3875f415a7df52e382f141225', 'decimal': '0x12'}",{'blockTimestamp': '2022-08-12T06:08:47.000Z'}
551,0xe9c5bc,0x0ab5c17d8fa9f34e3967dcbf3b4754a488aa2141efc5e8640dc192d56ffb4c12:log:203,0x0ab5c17d8fa9f34e3967dcbf3b4754a488aa2141efc5e8640dc192d56ffb4c12,0x63458e18604e3c7d95422fb049d1cf458e600c6c,0xf16e9b0d03470827a95cdfd0cb8a8a3b46969b91,211.715,,,,ATA,erc20,"{'value': '0x0b7a22c6c92dd38000', 'address': '0xa2120b9e674d3fc3875f415a7df52e382f141225', 'decimal': '0x12'}",{'blockTimestamp': '2022-08-11T11:43:50.000Z'}
552,0xe9bfec,0x28aeaf7bc0dc8c2296f46681675246fdfa65e94fbcbe2725ac93fcee88d16f08:log:231,0x28aeaf7bc0dc8c2296f46681675246fdfa65e94fbcbe2725ac93fcee88d16f08,0x053a00953095876496e89c06898f0e441b49266e,0xbe8ff5c9d74afd3f08886256f0b1e9ba18bf83b9,111606.4285,,,,ATA,erc20,"{'value': '0x17a232552c8c94594000', 'address': '0xa2120b9e674d3fc3875f415a7df52e382f141225', 'decimal': '0x12'}",{'blockTimestamp': '2022-08-11T06:00:47.000Z'}
553,0xe9bfb2,0x133fc330079f23d46004a156ac0f9422c920a7d9878c174ea200667461ddab96:log:253,0x133fc330079f23d46004a156ac0f9422c920a7d9878c174ea200667461ddab96,0xa2120b9e674d3fc3875f415a7df52e382f141225,0x053a00953095876496e89c06898f0e441b49266e,223212.85714285713,,,,ATA,erc20,"{'value': '0x2f4464aadb06adf36db7', 'address': '0xa2120b9e674d3fc3875f415a7df52e382f141225', 'decimal': '0x12'}",{'blockTimestamp': '2022-08-11T05:47:55.000Z'}
554,0xe9bfab,0xc1b4a91b8d3be3df73e7d692e8b9ba3b6ab74ca0c2e3ee45e8efb85ca868a608:log:194,0xc1b4a91b8d3be3df73e7d692e8b9ba3b6ab74ca0c2e3ee45e8efb85ca868a608,0xa2120b9e674d3fc3875f415a7df52e382f141225,0xbe8ff5c9d74afd3f08886256f0b1e9ba18bf83b9,53569.28571428571,,,,ATA,erc20,"{'value': '0x0b57ff2e1ee72fa52492', 'address': '0xa2120b9e674d3fc3875f415a7df52e382f141225', 'decimal': '0x12'}",{'blockTimestamp': '2022-08-11T05:45:48.000Z'}
555,0xe99b75,0x54218a483accabca18bc2d495cb9c600cddd6bf476fc489a6d0fd2a794e20b26:log:277,0x54218a483accabca18bc2d495cb9c600cddd6bf476fc489a6d0fd2a794e20b26,0x9ca4e098ef3ed4678989f4745fea75c1eeb746d3,0x28c6c06298d514db089934071355e5743bf21d60,14880.357142857143,,,,ATA,erc20,"{'value': '0x0326aa705deae2916db7', 'address': '0xa2120b9e674d3fc3875f415a7df52e382f141225', 'decimal': '0x12'}",{'blockTimestamp': '2022-08-09T19:00:00.000Z'}
556,0xe99af0,0x802db6b01bc57099ba0f6dc1f19b6b06fe3ac2a972049904ffaf5b4a1110bf24:log:242,0x802db6b01bc57099ba0f6dc1f19b6b06fe3ac2a972049904ffaf5b4a1110bf24,0x778c029675d3e2435cf4c207e981d37c2174bec8,0x9ca4e098ef3ed4678989f4745fea75c1eeb746d3,14880.357142857143,,,,ATA,erc20,"{'value': '0x0326aa705deae2916db7', 'address': '0xa2120b9e674d3fc3875f415a7df52e382f141225', 'decimal': '0x12'}",{'blockTimestamp': '2022-08-09T18:28:50.000Z'}
557,0xe99ae4,0xc96f68af507f3871d34f5e64d9d74105048c2d0ef57ad5a4f0ca9f9f412504f0:log:285,0xc96f68af507f3871d34f5e64d9d74105048c2d0ef57ad5a4f0ca9f9f412504f0,0xa2120b9e674d3fc3875f415a7df52e382f141225,0x778c029675d3e2435cf4c207e981d37c2174bec8,14880.357142857143,,,,ATA,erc20,"{'value': '0x0326aa705deae2916db7', 'address': '0xa2120b9e674d3fc3875f415a7df52e382f141225', 'decimal': '0x12'}",{'blockTimestamp': '2022-08-09T18:26:10.000Z'}
558,0xe98336,0xb15e33ae293a85bfcc6d863ee3655d548f01fccaf63ec307212cb711d9d38698:log:392,0xb15e33ae293a85bfcc6d863ee3655d548f01fccaf63ec307212cb711d9d38698,0x04dc703bc7ac82f5995318c50caf929f08c52296,0xf16e9b0d03470827a95cdfd0cb8a8a3b46969b91,74401.78571428571,,,,ATA,erc20,"{'value': '0x0fc15431d5966cd72492', 'address': '0xa2120b9e674d3fc3875f415a7df52e382f141225', 'decimal': '0x12'}",{'blockTimestamp': '2022-08-08T19:35:47.000Z'}
559,0xe9821a,0x155d84c973599fe84453434bb04ed98d9b1984a04b310c138f418aa77e39db03:log:394,0x155d84c973599fe84453434bb04ed98d9b1984a04b310c138f418aa77e39db03,0x41e3fe77de1eca115902eb058b1fb57395358d62,0x04dc703bc7ac82f5995318c50caf929f08c52296,74401.78571428571,,,,ATA,erc20,"{'value': '0x0fc15431d5966cd72492', 'address': '0xa2120b9e674d3fc3875f415a7df52e382f141225', 'decimal': '0x12'}",{'blockTimestamp': '2022-08-08T18:37:15.000Z'}
560,0xe98215,0x8f34570c48f727a5e68661ba1a9d3beb55b4e57aed0c7285ad11e6d0081cccf3:log:240,0x8f34570c48f727a5e68661ba1a9d3beb55b4e57aed0c7285ad11e6d0081cccf3,0xa2120b9e674d3fc3875f415a7df52e382f141225,0x41e3fe77de1eca115902eb058b1fb57395358d62,74401.78571428571,,,,ATA,erc20,"{'value': '0x0fc15431d5966cd72492', 'address': '0xa2120b9e674d3fc3875f415a7df52e382f141225', 'decimal': '0x12'}",{'blockTimestamp': '2022-08-08T18:35:51.000Z'}
561,0xe96684,0xbc27fd97ef9df7e0c604609a180e22b606c2dd0e851e6f79e1b00b07cb64e524:log:102,0xbc27fd97ef9df7e0c604609a180e22b606c2dd0e851e6f79e1b00b07cb64e524,0xb5d85cbf7cb3ee0d56b3bb207d5fc4b82f43f511,0x67321ca57b8c284d7e3782e8c8f0ef3b13688380,30.984423539999998,,,,ATA,erc20,"{'value': '0x01adfec90c0ff38800', 'address': '0xa2120b9e674d3fc3875f415a7df52e382f141225', 'decimal': '0x12'}",{'blockTimestamp': '2022-08-07T15:56:58.000Z'}
562,0xe95c5f,0x1d06e0073428f34829846d499accd3197a3bbdac7b9a3bf32692c62d078555d5:log:514,0x1d06e0073428f34829846d499accd3197a3bbdac7b9a3bf32692c62d078555d5,0x8594d8e9483473626908648a5539d9d65ca2fe8d,0x5654d65578cda52791879751141f2f3d7dc27fe4,426.7356533360509,,,,ATA,erc20,"{'value': '0x17222597c4498d432f', 'address': '0xa2120b9e674d3fc3875f415a7df52e382f141225', 'decimal': '0x12'}",{'blockTimestamp': '2022-08-07T06:30:03.000Z'}
563,0xe95c5d,0xb5c1fc07a25c3ef9567d1abd58fba2ad211ae171066bc98914aa75b0de2f95c7:log:281,0xb5c1fc07a25c3ef9567d1abd58fba2ad211ae171066bc98914aa75b0de2f95c7,0x40ec5b33f54e0e8a33a975908c5ba1c14e5bbbdf,0x8594d8e9483473626908648a5539d9d65ca2fe8d,426.7356533360509,,,,ATA,erc20,"{'value': '0x17222597c4498d432f', 'address': '0xa2120b9e674d3fc3875f415a7df52e382f141225', 'decimal': '0x12'}",{'blockTimestamp': '2022-08-07T06:28:31.000Z'}
564,0xe9489b,0x760ddcde3f550bad55c5e35515511538078e1f677ebb09db08c06428d572b8dd:log:46,0x760ddcde3f550bad55c5e35515511538078e1f677ebb09db08c06428d572b8dd,0xb5d85cbf7cb3ee0d56b3bb207d5fc4b82f43f511,0x0fd2466476910a1c7a5a62bf3c149e8a4a26943b,86.76374266,,,,ATA,erc20,"{'value': '0x04b416bc4158b4a800', 'address': '0xa2120b9e674d3fc3875f415a7df52e382f141225', 'decimal': '0x12'}",{'blockTimestamp': '2022-08-06T11:32:58.000Z'}
565,0xe947dc,0x60860b0da86e75b06113d14c3b3d94e5deabc7da46f0649dfdadff355f88799d:log:458,0x60860b0da86e75b06113d14c3b3d94e5deabc7da46f0649dfdadff355f88799d,0x1d682ed9f8d15026200085cb6341c3895b60c007,0x1d682ed9f8d15026200085cb6341c3895b60c007,1000.0,,,,ATA,erc20,"{'value': '0x3635c9adc5dea00000', 'address': '0xa2120b9e674d3fc3875f415a7df52e382f141225', 'decimal': '0x12'}",{'blockTimestamp': '2022-08-06T10:54:58.000Z'}
566,0xe9430d,0xd6516151bd58c806e580bd2f1a3245b66e698a0f9468a70c328233b19baf9ca6:log:98,0xd6516151bd58c806e580bd2f1a3245b66e698a0f9468a70c328233b19baf9ca6,0xdfd5293d8e347dfe59e90efd55b2956a1343963d,0xc03d68f02befc1f2201c81ef58f3d0e9422cfb99,1139.344135,,,,ATA,erc20,"{'value': '0x3dc3937e474fb37000', 'address': '0xa2120b9e674d3fc3875f415a7df52e382f141225', 'decimal': '0x12'}",{'blockTimestamp': '2022-08-06T06:08:46.000Z'}
567,0xe9231f,0x47e1b3632971882ca9e414ba58bd00232de5463d41f58fb55fa669d23ebd4dda:log:721,0x47e1b3632971882ca9e414ba58bd00232de5463d41f58fb55fa669d23ebd4dda,0xd0fa636b61f82e9cdd6932d352f34b809383bb33,0x11a255fccaa7ec0a790441a6f512c6bc113f85c4,61.495,,,,ATA,erc20,"{'value': '0x03556a20af7ea58000', 'address': '0xa2120b9e674d3fc3875f415a7df52e382f141225', 'decimal': '0x12'}",{'blockTimestamp': '2022-08-04T23:47:51.000Z'}
568,0xe916ef,0x9561b54367e364a16ddd0706d959bd13467d6d9d8956e774f5a3e476c4fe0914:log:160,0x9561b54367e364a16ddd0706d959bd13467d6d9d8956e774f5a3e476c4fe0914,0x6593fdd43ed9e5cd9f627b5d82bc6b708bbcf09d,0x2cab1bcac4ee7229ec3d2255f419da91464ce27a,536.0,,,,ATA,erc20,"{'value': '0x1d0e7e882679600000', 'address': '0xa2120b9e674d3fc3875f415a7df52e382f141225', 'decimal': '0x12'}",{'blockTimestamp': '2022-08-04T12:01:19.000Z'}
569,0xe91553,0x8f5656f17bbb3100619486a1047cf7025072fc4e66aaf2dcf913b7e3ab69e7f9:log:142,0x8f5656f17bbb3100619486a1047cf7025072fc4e66aaf2dcf913b7e3ab69e7f9,0xaad60b6615b9eb13a9b0212af7b298f26dd74e7f,0x28c6c06298d514db089934071355e5743bf21d60,24267.0,,,,ATA,erc20,"{'value': '0x05238446d7ec744c0000', 'address': '0xa2120b9e674d3fc3875f415a7df52e382f141225', 'decimal': '0x12'}",{'blockTimestamp': '2022-08-04T10:30:42.000Z'}
570,0xe9151f,0xa56878a4d146a2469015171ed521e4c655fc00fe5605acdf4f920a380be4ea81:log:141,0xa56878a4d146a2469015171ed521e4c655fc00fe5605acdf4f920a380be4ea81,0x3c02290922a3618a4646e3bbca65853ea45fe7c6,0xaad60b6615b9eb13a9b0212af7b298f26dd74e7f,24267.0,,,,ATA,erc20,"{'value': '0x05238446d7ec744c0000', 'address': '0xa2120b9e674d3fc3875f415a7df52e382f141225', 'decimal': '0x12'}",{'blockTimestamp': '2022-08-04T10:15:57.000Z'}
571,0xe90a47,0x15816c8dc4bb93e5e55a82165ac065b37e002dd65f874494c7419392150e3c13:log:234,0x15816c8dc4bb93e5e55a82165ac065b37e002dd65f874494c7419392150e3c13,0xd8f7c8c89efe493740fbe2d5cbc0671112c884fd,0x3c02290922a3618a4646e3bbca65853ea45fe7c6,22960.0,,,,ATA,erc20,"{'value': '0x04dcaa0210b4d8c00000', 'address': '0xa2120b9e674d3fc3875f415a7df52e382f141225', 'decimal': '0x12'}",{'blockTimestamp': '2022-08-03T23:51:15.000Z'}
572,0xe9093f,0x7454afd570e364728a99523306f2df52728d8f4142ae076fc696c3e2b036507d:log:302,0x7454afd570e364728a99523306f2df52728d8f4142ae076fc696c3e2b036507d,0x21a31ee1afc51d94c2efccaa2092ad1028285549,0xd8f7c8c89efe493740fbe2d5cbc0671112c884fd,22960.0,,,,ATA,erc20,"{'value': '0x04dcaa0210b4d8c00000', 'address': '0xa2120b9e674d3fc3875f415a7df52e382f141225', 'decimal': '0x12'}",{'blockTimestamp': '2022-08-03T22:53:47.000Z'}
573,0xe906ae,0xde752441bfd9ca41bf1ee189baa0cbc6ef82f42d70b5246b738aa0bad5bc1b48:log:503,0xde752441bfd9ca41bf1ee189baa0cbc6ef82f42d70b5246b738aa0bad5bc1b48,0xf05e2a70346560d3228c7002194bb7c5dc8fe100,0x28c6c06298d514db089934071355e5743bf21d60,31332.0,,,,ATA,erc20,"{'value': '0x06a282d8fbf30b100000', 'address': '0xa2120b9e674d3fc3875f415a7df52e382f141225', 'decimal': '0x12'}",{'blockTimestamp': '2022-08-03T20:30:07.000Z'}
574,0xe90628,0xd9f775f763745759bbb7e854db3027bae986bc35295f17591c9cc83bb98969d0:log:19,0xd9f775f763745759bbb7e854db3027bae986bc35295f17591c9cc83bb98969d0,0xf16e9b0d03470827a95cdfd0cb8a8a3b46969b91,0xf05e2a70346560d3228c7002194bb7c5dc8fe100,31332.0,,,,ATA,erc20,"{'value': '0x06a282d8fbf30b100000', 'address': '0xa2120b9e674d3fc3875f415a7df52e382f141225', 'decimal': '0x12'}",{'blockTimestamp': '2022-08-03T20:03:21.000Z'}
575,0xe8ffcc,0xa11de8fb98a973368da1d09abf758c8ff73340abc776f5c5d151251b40b40ec2:log:187,0xa11de8fb98a973368da1d09abf758c8ff73340abc776f5c5d151251b40b40ec2,0x28c6c06298d514db089934071355e5743bf21d60,0x1865bcfd06507f6b86fb841548e800c29fcc02a4,841.7506428199999,,,,ATA,erc20,"{'value': '0x2da1a305dbd6d02800', 'address': '0xa2120b9e674d3fc3875f415a7df52e382f141225', 'decimal': '0x12'}",{'blockTimestamp': '2022-08-03T13:51:22.000Z'}
576,0xe8ff72,0x5dc217662909ee978a4080fa540fe104a3a633f00a9a2734c85e2ddc377a1320:log:568,0x5dc217662909ee978a4080fa540fe104a3a633f00a9a2734c85e2ddc377a1320,0x3c02290922a3618a4646e3bbca65853ea45fe7c6,0x19cf0169c9f7b19a3345dd264137e766bf6b08ee,41.54009397,,,,ATA,erc20,"{'value': '0x02407c0f607a323400', 'address': '0xa2120b9e674d3fc3875f415a7df52e382f141225', 'decimal': '0x12'}",{'blockTimestamp': '2022-08-03T13:30:05.000Z'}
577,0xe8ff1e,0x59b6b1b10352d66dc36af79185ca5d3c7bb4c9dd68733ceab8fc45d5a632057f:log:62,0x59b6b1b10352d66dc36af79185ca5d3c7bb4c9dd68733ceab8fc45d5a632057f,0x3c02290922a3618a4646e3bbca65853ea45fe7c6,0x6c4a0d3036e46fe3f31a89d194f24df2ec6928da,19.4,,,,ATA,erc20,"{'value': '0x010d3aa536e2940000', 'address': '0xa2120b9e674d3fc3875f415a7df52e382f141225', 'decimal': '0x12'}",{'blockTimestamp': '2022-08-03T13:12:08.000Z'}
578,0xe8f5a1,0xda6198495e6fe084f15d73091c668d77624d266b95eaf9d0dd34b7663829ec80:log:365,0xda6198495e6fe084f15d73091c668d77624d266b95eaf9d0dd34b7663829ec80,0xf907d35c8213479bf8747bd6b22af5e4c0c89f78,0xf16e9b0d03470827a95cdfd0cb8a8a3b46969b91,33761.84083,,,,ATA,erc20,"{'value': '0x07263ba9bcfc6561e000', 'address': '0xa2120b9e674d3fc3875f415a7df52e382f141225', 'decimal': '0x12'}",{'blockTimestamp': '2022-08-03T04:07:41.000Z'}
579,0xe8f584,0x56de8ac9e3c7072ace7d6df27ee7f7b322455e059e3061a8dc19822ebc9ad15a:log:264,0x56de8ac9e3c7072ace7d6df27ee7f7b322455e059e3061a8dc19822ebc9ad15a,0xf05e2a70346560d3228c7002194bb7c5dc8fe100,0x28c6c06298d514db089934071355e5743bf21d60,26765.0,,,,ATA,erc20,"{'value': '0x05aaeefd9cf3d2140000', 'address': '0xa2120b9e674d3fc3875f415a7df52e382f141225', 'decimal': '0x12'}",{'blockTimestamp': '2022-08-03T03:59:54.000Z'}
580,0xe8f558,0x1d682a51c6cca374137e38f5142ee46c5f53ea8bea58195ea2af884d9c53a073:log:382,0x1d682a51c6cca374137e38f5142ee46c5f53ea8bea58195ea2af884d9c53a073,0xf1ccf19f71d820db4cd1263516a958d3e6272021,0xf907d35c8213479bf8747bd6b22af5e4c0c89f78,33761.84083,,,,ATA,erc20,"{'value': '0x07263ba9bcfc6561e000', 'address': '0xa2120b9e674d3fc3875f415a7df52e382f141225', 'decimal': '0x12'}",{'blockTimestamp': '2022-08-03T03:49:32.000Z'}
581,0xe8f422,0x969deea528f2c6c096e2cb8295ca213e8820e11825ef6ff3013a1201578ed488:log:111,0x969deea528f2c6c096e2cb8295ca213e8820e11825ef6ff3013a1201578ed488,0xf16e9b0d03470827a95cdfd0cb8a8a3b46969b91,0xf05e2a70346560d3228c7002194bb7c5dc8fe100,26765.0,,,,ATA,erc20,"{'value': '0x05aaeefd9cf3d2140000', 'address': '0xa2120b9e674d3fc3875f415a7df52e382f141225', 'decimal': '0x12'}",{'blockTimestamp': '2022-08-03T02:30:57.000Z'}
582,0xe8e567,0x92dfb199977d59ae063d54d4cc52fbaaa6a7c3c0f2b02c2de030e43fa4463c6e:log:177,0x92dfb199977d59ae063d54d4cc52fbaaa6a7c3c0f2b02c2de030e43fa4463c6e,0xa2120b9e674d3fc3875f415a7df52e382f141225,0x9b1a57da441d6d1e9a1dc48323709338b2b4b345,89282.14285714286,,,,ATA,erc20,"{'value': '0x12e7fea233814f689249', 'address': '0xa2120b9e674d3fc3875f415a7df52e382f141225', 'decimal': '0x12'}",{'blockTimestamp': '2022-08-02T12:20:40.000Z'}
583,0xe8e035,0x810fe5842471b4ffa317fa71bd65942019fc77fe11721bea6caececd7e491c41:log:194,0x810fe5842471b4ffa317fa71bd65942019fc77fe11721bea6caececd7e491c41,0xe66b31678d6c16e9ebf358268a790b763c133750,0x5654d65578cda52791879751141f2f3d7dc27fe4,85.04930453400462,,,,ATA,erc20,"{'value': '0x049c4bd3dcf75d2419', 'address': '0xa2120b9e674d3fc3875f415a7df52e382f141225', 'decimal': '0x12'}",{'blockTimestamp': '2022-08-02T07:32:19.000Z'}
584,0xe8e035,0x810fe5842471b4ffa317fa71bd65942019fc77fe11721bea6caececd7e491c41:log:191,0x810fe5842471b4ffa317fa71bd65942019fc77fe11721bea6caececd7e491c41,0x458998a5f9a584f8acd9c80ceaa7071fe6a1e536,0xe66b31678d6c16e9ebf358268a790b763c133750,85.04930453400462,,,,ATA,erc20,"{'value': '0x049c4bd3dcf75d2419', 'address': '0xa2120b9e674d3fc3875f415a7df52e382f141225', 'decimal': '0x12'}",{'blockTimestamp': '2022-08-02T07:32:19.000Z'}
585,0xe8e035,0x810fe5842471b4ffa317fa71bd65942019fc77fe11721bea6caececd7e491c41:log:189,0x810fe5842471b4ffa317fa71bd65942019fc77fe11721bea6caececd7e491c41,0x458998a5f9a584f8acd9c80ceaa7071fe6a1e536,0x382ffce2287252f930e1c8dc9328dac5bf282ba1,0.8590838841818647,,,,ATA,erc20,"{'value': '0x0bec143db4ec4102', 'address': '0xa2120b9e674d3fc3875f415a7df52e382f141225', 'decimal': '0x12'}",{'blockTimestamp': '2022-08-02T07:32:19.000Z'}
586,0xe8d524,0x891d407c56fe2c60b8178800f6ec766523b58645ae43a52815929e5002cf3ff4:log:213,0x891d407c56fe2c60b8178800f6ec766523b58645ae43a52815929e5002cf3ff4,0xb5d85cbf7cb3ee0d56b3bb207d5fc4b82f43f511,0x87b81c8d899febf0b3e4216b2b89777808127895,306.8840993,,,,ATA,erc20,"{'value': '0x10a2df565f2833e800', 'address': '0xa2120b9e674d3fc3875f415a7df52e382f141225', 'decimal': '0x12'}",{'blockTimestamp': '2022-08-01T20:49:04.000Z'}
587,0xe8cf8c,0x6f912b7baf89f775b5875254795beb95355a37e1980b9d93cf33970a9e5410d5:log:217,0x6f912b7baf89f775b5875254795beb95355a37e1980b9d93cf33970a9e5410d5,0xf05e2a70346560d3228c7002194bb7c5dc8fe100,0x28c6c06298d514db089934071355e5743bf21d60,25658.0,,,,ATA,erc20,"{'value': '0x056eec479216fca80000', 'address': '0xa2120b9e674d3fc3875f415a7df52e382f141225', 'decimal': '0x12'}",{'blockTimestamp': '2022-08-01T15:30:03.000Z'}
588,0xe8cf20,0xf3f9ff2fbbcd2667e8d3405ba78e8d3150d88a50ebbec7a7d6869d3cbc0a0b7b:log:187,0xf3f9ff2fbbcd2667e8d3405ba78e8d3150d88a50ebbec7a7d6869d3cbc0a0b7b,0xf16e9b0d03470827a95cdfd0cb8a8a3b46969b91,0xf05e2a70346560d3228c7002194bb7c5dc8fe100,25658.0,,,,ATA,erc20,"{'value': '0x056eec479216fca80000', 'address': '0xa2120b9e674d3fc3875f415a7df52e382f141225', 'decimal': '0x12'}",{'blockTimestamp': '2022-08-01T15:02:26.000Z'}
589,0xe8c913,0x2f32391dc8e11cbf260dfc0cd657857aa364ea9e34ba48660a8a13ae381e53da:log:375,0x2f32391dc8e11cbf260dfc0cd657857aa364ea9e34ba48660a8a13ae381e53da,0xf05e2a70346560d3228c7002194bb7c5dc8fe100,0x28c6c06298d514db089934071355e5743bf21d60,29402.0,,,,ATA,erc20,"{'value': '0x0639e2b7958713280000', 'address': '0xa2120b9e674d3fc3875f415a7df52e382f141225', 'decimal': '0x12'}",{'blockTimestamp': '2022-08-01T09:30:07.000Z'}
590,0xe8c8aa,0x0602c3a3d526a482dceeebd52ae60780ede132302f06283f8eb60bcb1d236458:log:10,0x0602c3a3d526a482dceeebd52ae60780ede132302f06283f8eb60bcb1d236458,0xf16e9b0d03470827a95cdfd0cb8a8a3b46969b91,0xf05e2a70346560d3228c7002194bb7c5dc8fe100,29402.0,,,,ATA,erc20,"{'value': '0x0639e2b7958713280000', 'address': '0xa2120b9e674d3fc3875f415a7df52e382f141225', 'decimal': '0x12'}",{'blockTimestamp': '2022-08-01T09:04:21.000Z'}
591,0xe8c6f9,0xbcf93bd73b8aeb7a58f02b0c3ce0e63007575a0626140d29fddf12c60eca946b:log:70,0xbcf93bd73b8aeb7a58f02b0c3ce0e63007575a0626140d29fddf12c60eca946b,0x28c6c06298d514db089934071355e5743bf21d60,0x2cc0943eac798fb76af30343821cbe64abb0b0bc,2890.0,,,,ATA,erc20,"{'value': '0x9caace881faee80000', 'address': '0xa2120b9e674d3fc3875f415a7df52e382f141225', 'decimal': '0x12'}",{'blockTimestamp': '2022-08-01T07:32:16.000Z'}
592,0xe8c4d0,0x30f252591f0a0f9225b1fcf446c56b7e79951183b51d88e9fe42b70e5e32b93c:log:93,0x30f252591f0a0f9225b1fcf446c56b7e79951183b51d88e9fe42b70e5e32b93c,0x4f294d22874b941c5d0b7709ad3623e3c9ce6957,0x28c6c06298d514db089934071355e5743bf21d60,5366.518990438925,,,,ATA,erc20,"{'value': '0x0122eb696cc49c177184', 'address': '0xa2120b9e674d3fc3875f415a7df52e382f141225', 'decimal': '0x12'}",{'blockTimestamp': '2022-08-01T05:30:54.000Z'}
593,0xe8c425,0xb0b478303740fb043fb9911f57afcec6c3d9af93be442b1b136bcee75e7e5c97:log:118,0xb0b478303740fb043fb9911f57afcec6c3d9af93be442b1b136bcee75e7e5c97,0xf0c6941818b8e03c56f8cb315591b332b53ae2ee,0x4f294d22874b941c5d0b7709ad3623e3c9ce6957,5366.518990438925,,,,ATA,erc20,"{'value': '0x0122eb696cc49c177184', 'address': '0xa2120b9e674d3fc3875f415a7df52e382f141225', 'decimal': '0x12'}",{'blockTimestamp': '2022-08-01T04:53:21.000Z'}
594,0xe8c417,0xfc9da056783d089cfef471b92578c4ae2c3fcda592abb5a9cdee0af9fc98f8ac:log:129,0xfc9da056783d089cfef471b92578c4ae2c3fcda592abb5a9cdee0af9fc98f8ac,0xd8f7c8c89efe493740fbe2d5cbc0671112c884fd,0x3c02290922a3618a4646e3bbca65853ea45fe7c6,14746.0,,,,ATA,erc20,"{'value': '0x031f61dbe857f6280000', 'address': '0xa2120b9e674d3fc3875f415a7df52e382f141225', 'decimal': '0x12'}",{'blockTimestamp': '2022-08-01T04:51:10.000Z'}
595,0xe8c40f,0xd3ce5f3f1da37cce11fefc8f75547fbfcce9948c0822c1bf0d6fd61830ab4f93:log:366,0xd3ce5f3f1da37cce11fefc8f75547fbfcce9948c0822c1bf0d6fd61830ab4f93,0x44d77f6f6f64e402aa795e8131bd60aace187dd7,0xf0c6941818b8e03c56f8cb315591b332b53ae2ee,5366.518990438925,,,,ATA,erc20,"{'value': '0x0122eb696cc49c177184', 'address': '0xa2120b9e674d3fc3875f415a7df52e382f141225', 'decimal': '0x12'}",{'blockTimestamp': '2022-08-01T04:48:26.000Z'}
596,0xe8c40f,0xd3ce5f3f1da37cce11fefc8f75547fbfcce9948c0822c1bf0d6fd61830ab4f93:log:364,0xd3ce5f3f1da37cce11fefc8f75547fbfcce9948c0822c1bf0d6fd61830ab4f93,0x1fe970be3e34ba07e29575b0dd61edb537ff849a,0x44d77f6f6f64e402aa795e8131bd60aace187dd7,5366.518990438925,,,,ATA,erc20,"{'value': '0x0122eb696cc49c177184', 'address': '0xa2120b9e674d3fc3875f415a7df52e382f141225', 'decimal': '0x12'}",{'blockTimestamp': '2022-08-01T04:48:26.000Z'}
597,0xe8c331,0xd87127ca0f8e324722db9d9471c21f6e0c403822cb303d4811c3d6c72e8a634d:log:543,0xd87127ca0f8e324722db9d9471c21f6e0c403822cb303d4811c3d6c72e8a634d,0xf05e2a70346560d3228c7002194bb7c5dc8fe100,0x28c6c06298d514db089934071355e5743bf21d60,93916.0,,,,ATA,erc20,"{'value': '0x13e33251dbb4d1f00000', 'address': '0xa2120b9e674d3fc3875f415a7df52e382f141225', 'decimal': '0x12'}",{'blockTimestamp': '2022-08-01T04:00:14.000Z'}
598,0xe8c1ad,0xc988260c879dee7cc0b8c81a794dc77c7ba7b20da83feb1255c9c6337b9006de:log:12,0xc988260c879dee7cc0b8c81a794dc77c7ba7b20da83feb1255c9c6337b9006de,0xf16e9b0d03470827a95cdfd0cb8a8a3b46969b91,0xf05e2a70346560d3228c7002194bb7c5dc8fe100,93916.0,,,,ATA,erc20,"{'value': '0x13e33251dbb4d1f00000', 'address': '0xa2120b9e674d3fc3875f415a7df52e382f141225', 'decimal': '0x12'}",{'blockTimestamp': '2022-08-01T02:29:37.000Z'}
599,0xe8b398,0x42b05601d071fe5f38040a381820c668e045f0bb17b7cc3874bad9a10cd1e540:log:30,0x42b05601d071fe5f38040a381820c668e045f0bb17b7cc3874bad9a10cd1e540,0xa2120b9e674d3fc3875f415a7df52e382f141225,0x5028a681e18fe63c6557724e5c602fad8b8c4584,281250.0,,,,ATA,erc20,"{'value': '0x3b8e97d229a2d5480000', 'address': '0xa2120b9e674d3fc3875f415a7df52e382f141225', 'decimal': '0x12'}",{'blockTimestamp': '2022-07-31T12:51:41.000Z'}
600,0xe8b236,0x860b1643e7d994c95a01ffb21537b6fae23f00df2ef444ded2f775adf98d7b65:log:78,0x860b1643e7d994c95a01ffb21537b6fae23f00df2ef444ded2f775adf98d7b65,0x10d8126525d54de0e8ecd5dbc3d9fb14217c3d2a,0x28c6c06298d514db089934071355e5743bf21d60,1467.5000000000002,,,,ATA,erc20,"{'value': '0x4f8da752da0dbe0000', 'address': '0xa2120b9e674d3fc3875f415a7df52e382f141225', 'decimal': '0x12'}",{'blockTimestamp': '2022-07-31T11:30:13.000Z'}
601,0xe8b122,0xac54aa65c80be4687cf6476062ae1df7e3412787c1b2a4f16d3481f5f191e43b:log:6,0xac54aa65c80be4687cf6476062ae1df7e3412787c1b2a4f16d3481f5f191e43b,0xa57aa0ca3f72708a18ea15cec6fde40538edc03f,0x10d8126525d54de0e8ecd5dbc3d9fb14217c3d2a,1467.5000000000002,,,,ATA,erc20,"{'value': '0x4f8da752da0dbe0000', 'address': '0xa2120b9e674d3fc3875f415a7df52e382f141225', 'decimal': '0x12'}",{'blockTimestamp': '2022-07-31T10:29:25.000Z'}
602,0xe8acec,0xccc4de3e4e54e978d6ab85b7f3c6b2a34f05e68e9ac9fdf794d79b43b4069948:log:27,0xccc4de3e4e54e978d6ab85b7f3c6b2a34f05e68e9ac9fdf794d79b43b4069948,0xb5d85cbf7cb3ee0d56b3bb207d5fc4b82f43f511,0x7ecccabb5e4ff4537f70b0a5018e8c0cfd53fff4,1.37794221,,,,ATA,erc20,"{'value': '0x131f6f23ac111400', 'address': '0xa2120b9e674d3fc3875f415a7df52e382f141225', 'decimal': '0x12'}",{'blockTimestamp': '2022-07-31T06:29:51.000Z'}
603,0xe8acc4,0xe177596dc602d957635ea83b48dbb5108233cc11048d0374dd570eab25e62647:log:120,0xe177596dc602d957635ea83b48dbb5108233cc11048d0374dd570eab25e62647,0xb5d85cbf7cb3ee0d56b3bb207d5fc4b82f43f511,0x7ecccabb5e4ff4537f70b0a5018e8c0cfd53fff4,1.36335327,,,,ATA,erc20,"{'value': '0x12eb9a9361b79c00', 'address': '0xa2120b9e674d3fc3875f415a7df52e382f141225', 'decimal': '0x12'}",{'blockTimestamp': '2022-07-31T06:20:40.000Z'}
604,0xe8acb6,0x7d2ca93521faf3a599959aa5d6525a5a5f8ceff75f342014baac34014ab5d642:log:219,0x7d2ca93521faf3a599959aa5d6525a5a5f8ceff75f342014baac34014ab5d642,0xb5d85cbf7cb3ee0d56b3bb207d5fc4b82f43f511,0x7ecccabb5e4ff4537f70b0a5018e8c0cfd53fff4,1.37335327,,,,ATA,erc20,"{'value': '0x130f2185d1789c00', 'address': '0xa2120b9e674d3fc3875f415a7df52e382f141225', 'decimal': '0x12'}",{'blockTimestamp': '2022-07-31T06:17:59.000Z'}
605,0xe8ac45,0xed4764412fb2239964ed23766e1e119a1ac0d1ed0293a9e8c1460db1131031d8:log:196,0xed4764412fb2239964ed23766e1e119a1ac0d1ed0293a9e8c1460db1131031d8,0xb5d85cbf7cb3ee0d56b3bb207d5fc4b82f43f511,0xcf1fd82ef919291625fb13a9cff99ee08121acfd,365278.00012420054,,,,ATA,erc20,"{'value': '0x4d59c2939b2be0c992d5', 'address': '0xa2120b9e674d3fc3875f415a7df52e382f141225', 'decimal': '0x12'}",{'blockTimestamp': '2022-07-31T05:48:03.000Z'}
606,0xe8a87a,0x800c29559e3575c5f87d00cbbc349dd9c74bb7907e3357523b078797a062cc00:log:40,0x800c29559e3575c5f87d00cbbc349dd9c74bb7907e3357523b078797a062cc00,0xe66b31678d6c16e9ebf358268a790b763c133750,0x458998a5f9a584f8acd9c80ceaa7071fe6a1e536,85.90838841818648,,,,ATA,erc20,"{'value': '0x04a837e81aac49651b', 'address': '0xa2120b9e674d3fc3875f415a7df52e382f141225', 'decimal': '0x12'}",{'blockTimestamp': '2022-07-31T02:05:59.000Z'}
607,0xe8a87a,0x800c29559e3575c5f87d00cbbc349dd9c74bb7907e3357523b078797a062cc00:log:37,0x800c29559e3575c5f87d00cbbc349dd9c74bb7907e3357523b078797a062cc00,0x5654d65578cda52791879751141f2f3d7dc27fe4,0xe66b31678d6c16e9ebf358268a790b763c133750,85.90838841818648,,,,ATA,erc20,"{'value': '0x04a837e81aac49651b', 'address': '0xa2120b9e674d3fc3875f415a7df52e382f141225', 'decimal': '0x12'}",{'blockTimestamp': '2022-07-31T02:05:59.000Z'}
608,0xe8a7e8,0xe18fd4ede4dd5c82bc5c7da44fce69229890b1006b2d7047421ac193a62422d4:log:202,0xe18fd4ede4dd5c82bc5c7da44fce69229890b1006b2d7047421ac193a62422d4,0x0635cf48342199b3ae93630ce651f31e37320c6a,0xf16e9b0d03470827a95cdfd0cb8a8a3b46969b91,459.33116933835197,,,,ATA,erc20,"{'value': '0x18e68020df55442792', 'address': '0xa2120b9e674d3fc3875f415a7df52e382f141225', 'decimal': '0x12'}",{'blockTimestamp': '2022-07-31T01:36:02.000Z'}
609,0xe8a786,0x0a4fd60f992ee921da76c8e2e6c5ad59ba085c4963eeddc0fe3d29d39413de9a:log:9,0x0a4fd60f992ee921da76c8e2e6c5ad59ba085c4963eeddc0fe3d29d39413de9a,0x5654d65578cda52791879751141f2f3d7dc27fe4,0x0635cf48342199b3ae93630ce651f31e37320c6a,459.33116933835197,,,,ATA,erc20,"{'value': '0x18e68020df55442792', 'address': '0xa2120b9e674d3fc3875f415a7df52e382f141225', 'decimal': '0x12'}",{'blockTimestamp': '2022-07-31T01:14:51.000Z'}
610,0xe8a692,0x7b278fb91400202be10fa85dd6d4615d95843b93c35a327af85694556ab1eb46:log:39,0x7b278fb91400202be10fa85dd6d4615d95843b93c35a327af85694556ab1eb46,0xdfd5293d8e347dfe59e90efd55b2956a1343963d,0xdf35d799785ea35059801fc744abcb42dd11736e,1155.0,,,,ATA,erc20,"{'value': '0x3e9cd84c8c382c0000', 'address': '0xa2120b9e674d3fc3875f415a7df52e382f141225', 'decimal': '0x12'}",{'blockTimestamp': '2022-07-31T00:24:00.000Z'}
611,0xe898bc,0xb5817ab687fef736d1f1eb1ac6ecedfedd3f0e56fc7c96c7607fe666f56e3169:log:55,0xb5817ab687fef736d1f1eb1ac6ecedfedd3f0e56fc7c96c7607fe666f56e3169,0x21a31ee1afc51d94c2efccaa2092ad1028285549,0xd8f7c8c89efe493740fbe2d5cbc0671112c884fd,14746.0,,,,ATA,erc20,"{'value': '0x031f61dbe857f6280000', 'address': '0xa2120b9e674d3fc3875f415a7df52e382f141225', 'decimal': '0x12'}",{'blockTimestamp': '2022-07-30T11:14:18.000Z'}
612,0xe897f3,0xde1a15ff3505e595d0f422a0a71188474fcf865288ad8202b94dbee029f733f1:log:34,0xde1a15ff3505e595d0f422a0a71188474fcf865288ad8202b94dbee029f733f1,0xaad60b6615b9eb13a9b0212af7b298f26dd74e7f,0x28c6c06298d514db089934071355e5743bf21d60,15237.0,,,,ATA,erc20,"{'value': '0x0339ffda52ea02f40000', 'address': '0xa2120b9e674d3fc3875f415a7df52e382f141225', 'decimal': '0x12'}",{'blockTimestamp': '2022-07-30T10:30:12.000Z'}
613,0xe8978b,0xd20dd5b94a8757cfd26d4eb8c0cb476b8b00bf0e20bd6614af5f0d6c036f9bc5:log:83,0xd20dd5b94a8757cfd26d4eb8c0cb476b8b00bf0e20bd6614af5f0d6c036f9bc5,0x3c02290922a3618a4646e3bbca65853ea45fe7c6,0xaad60b6615b9eb13a9b0212af7b298f26dd74e7f,15237.0,,,,ATA,erc20,"{'value': '0x0339ffda52ea02f40000', 'address': '0xa2120b9e674d3fc3875f415a7df52e382f141225', 'decimal': '0x12'}",{'blockTimestamp': '2022-07-30T10:06:15.000Z'}
614,0xe895df,0xb214468506306c2298485af2725be07a503d6b125f701b028a250140448237b0:log:568,0xb214468506306c2298485af2725be07a503d6b125f701b028a250140448237b0,0xf05e2a70346560d3228c7002194bb7c5dc8fe100,0x28c6c06298d514db089934071355e5743bf21d60,41751.0,,,,ATA,erc20,"{'value': '0x08d75384cdb8b5fc0000', 'address': '0xa2120b9e674d3fc3875f415a7df52e382f141225', 'decimal': '0x12'}",{'blockTimestamp': '2022-07-30T08:30:38.000Z'}
615,0xe895c3,0x60a1ca0d8c8d57a022726a1e6aecddb65073e8da6dd4eb02dd2a8f92b66aa806:log:290,0x60a1ca0d8c8d57a022726a1e6aecddb65073e8da6dd4eb02dd2a8f92b66aa806,0xf16e9b0d03470827a95cdfd0cb8a8a3b46969b91,0xf05e2a70346560d3228c7002194bb7c5dc8fe100,41751.0,,,,ATA,erc20,"{'value': '0x08d75384cdb8b5fc0000', 'address': '0xa2120b9e674d3fc3875f415a7df52e382f141225', 'decimal': '0x12'}",{'blockTimestamp': '2022-07-30T08:25:12.000Z'}
616,0xe8950a,0xb92d74ac47d9a64a2e4605fc125b7f1620f9a6ed880aca6e1dbeafaabbfe09e3:log:270,0xb92d74ac47d9a64a2e4605fc125b7f1620f9a6ed880aca6e1dbeafaabbfe09e3,0x1928c91922fe876249cd16aa33044a198cf693b8,0xf16e9b0d03470827a95cdfd0cb8a8a3b46969b91,4505.166,,,,ATA,erc20,"{'value': '0xf439bcdf9b877b0000', 'address': '0xa2120b9e674d3fc3875f415a7df52e382f141225', 'decimal': '0x12'}",{'blockTimestamp': '2022-07-30T07:42:07.000Z'}
617,0xe894c6,0xfc97cee68ec85c0319b01ff231ec7f497ab005bc0ae46636a3254feedd5425ea:log:348,0xfc97cee68ec85c0319b01ff231ec7f497ab005bc0ae46636a3254feedd5425ea,0x7399cca019f3700459f6b0ba19ea7402f8c54c6c,0x95b564f3b3bae3f206aa418667ba000afafacc8a,326.0,,,,ATA,erc20,"{'value': '0x11ac28a8c729580000', 'address': '0xa2120b9e674d3fc3875f415a7df52e382f141225', 'decimal': '0x12'}",{'blockTimestamp': '2022-07-30T07:27:15.000Z'}
618,0xe8947a,0x56ece9c22a94f438b944178503b61365827939aef69c510ab82f7d1b84bb19a1:log:206,0x56ece9c22a94f438b944178503b61365827939aef69c510ab82f7d1b84bb19a1,0x28c6c06298d514db089934071355e5743bf21d60,0x1928c91922fe876249cd16aa33044a198cf693b8,4505.166,,,,ATA,erc20,"{'value': '0xf439bcdf9b877b0000', 'address': '0xa2120b9e674d3fc3875f415a7df52e382f141225', 'decimal': '0x12'}",{'blockTimestamp': '2022-07-30T07:11:20.000Z'}
619,0xe88e2e,0x245ac75d2e89dc32724f77c0495b7d1bcdf98fb8ed2aa197c78e33d32436157e:log:410,0x245ac75d2e89dc32724f77c0495b7d1bcdf98fb8ed2aa197c78e33d32436157e,0xf05e2a70346560d3228c7002194bb7c5dc8fe100,0x28c6c06298d514db089934071355e5743bf21d60,48981.0,,,,ATA,erc20,"{'value': '0x0a5f43ecb38a30340000', 'address': '0xa2120b9e674d3fc3875f415a7df52e382f141225', 'decimal': '0x12'}",{'blockTimestamp': '2022-07-30T01:00:30.000Z'}
620,0xe88d93,0x0ab4e5f646938d0aa84364706bfd6e9b041a6c8abfee4ecd3cee91e5931e8a63:log:182,0x0ab4e5f646938d0aa84364706bfd6e9b041a6c8abfee4ecd3cee91e5931e8a63,0xf16e9b0d03470827a95cdfd0cb8a8a3b46969b91,0xf05e2a70346560d3228c7002194bb7c5dc8fe100,48981.0,,,,ATA,erc20,"{'value': '0x0a5f43ecb38a30340000', 'address': '0xa2120b9e674d3fc3875f415a7df52e382f141225', 'decimal': '0x12'}",{'blockTimestamp': '2022-07-30T00:24:45.000Z'}
621,0xe88c94,0x51b2b2e394aae0238c3901010fd1652264cdf448ca8bba8920e3733ba08d1d70:log:494,0x51b2b2e394aae0238c3901010fd1652264cdf448ca8bba8920e3733ba08d1d70,0xf05e2a70346560d3228c7002194bb7c5dc8fe100,0x28c6c06298d514db089934071355e5743bf21d60,36677.0,,,,ATA,erc20,"{'value': '0x07c4439f98ecf9f40000', 'address': '0xa2120b9e674d3fc3875f415a7df52e382f141225', 'decimal': '0x12'}",{'blockTimestamp': '2022-07-29T23:30:02.000Z'}
622,0xe88c48,0x1cc87a3aee4917c4d76434bd54c3fd3250a903f9cf7c6329600ffa17b04977d1:log:64,0x1cc87a3aee4917c4d76434bd54c3fd3250a903f9cf7c6329600ffa17b04977d1,0xf16e9b0d03470827a95cdfd0cb8a8a3b46969b91,0xf05e2a70346560d3228c7002194bb7c5dc8fe100,36677.0,,,,ATA,erc20,"{'value': '0x07c4439f98ecf9f40000', 'address': '0xa2120b9e674d3fc3875f415a7df52e382f141225', 'decimal': '0x12'}",{'blockTimestamp': '2022-07-29T23:15:39.000Z'}
623,0xe88b42,0xd27f4d49db583b0fee8072f509ef44acb9cf3bed290397735cffdf489da9c5e1:log:311,0xd27f4d49db583b0fee8072f509ef44acb9cf3bed290397735cffdf489da9c5e1,0xb5d85cbf7cb3ee0d56b3bb207d5fc4b82f43f511,0x8286f706f194fba0413ad13a7c3962a1fe0df191,120.88963138,,,,ATA,erc20,"{'value': '0x068dae3f3d48d0c800', 'address': '0xa2120b9e674d3fc3875f415a7df52e382f141225', 'decimal': '0x12'}",{'blockTimestamp': '2022-07-29T22:11:32.000Z'}
624,0xe88392,0xbdf709a7bde34ea5bf54e433effd06e2c9a2fca655c3ffa3442fda90b6bdb8b8:log:420,0xbdf709a7bde34ea5bf54e433effd06e2c9a2fca655c3ffa3442fda90b6bdb8b8,0xf05e2a70346560d3228c7002194bb7c5dc8fe100,0x28c6c06298d514db089934071355e5743bf21d60,37334.0,,,,ATA,erc20,"{'value': '0x07e7e1547bfd91980000', 'address': '0xa2120b9e674d3fc3875f415a7df52e382f141225', 'decimal': '0x12'}",{'blockTimestamp': '2022-07-29T15:00:28.000Z'}
625,0xe8836c,0x7bdb195bc23d98bc4c01c837cad9b657340a09e9be37edc09ca85c6621043be1:log:282,0x7bdb195bc23d98bc4c01c837cad9b657340a09e9be37edc09ca85c6621043be1,0xf16e9b0d03470827a95cdfd0cb8a8a3b46969b91,0xf05e2a70346560d3228c7002194bb7c5dc8fe100,37334.0,,,,ATA,erc20,"{'value': '0x07e7e1547bfd91980000', 'address': '0xa2120b9e674d3fc3875f415a7df52e382f141225', 'decimal': '0x12'}",{'blockTimestamp': '2022-07-29T14:51:39.000Z'}
626,0xe87731,0x7322f5d75fae809dfbb0008d327731a7580d3c68c5bb61c831ea7bdd82761ac3:log:354,0x7322f5d75fae809dfbb0008d327731a7580d3c68c5bb61c831ea7bdd82761ac3,0xec521bbf000aba430f932e1728cb75f04761a0cf,0xb5d85cbf7cb3ee0d56b3bb207d5fc4b82f43f511,49.88327715,,,,ATA,erc20,"{'value': '0x02b4450046661c2c00', 'address': '0xa2120b9e674d3fc3875f415a7df52e382f141225', 'decimal': '0x12'}",{'blockTimestamp': '2022-07-29T02:59:46.000Z'}
627,0xe876f5,0x6388746a412a124f69f13bb3b745be82a7b512528ac6dfc43573e16036480268:log:157,0x6388746a412a124f69f13bb3b745be82a7b512528ac6dfc43573e16036480268,0xdfd5293d8e347dfe59e90efd55b2956a1343963d,0xec521bbf000aba430f932e1728cb75f04761a0cf,49.88327715,,,,ATA,erc20,"{'value': '0x02b4450046661c2c00', 'address': '0xa2120b9e674d3fc3875f415a7df52e382f141225', 'decimal': '0x12'}",{'blockTimestamp': '2022-07-29T02:48:30.000Z'}
628,0xe87340,0x43e891e3da6958aaff0685185c8d3e99395d471230d9e6feedf114459d825738:log:276,0x43e891e3da6958aaff0685185c8d3e99395d471230d9e6feedf114459d825738,0x4a5baae1e97f5d04588dbdc19d5f33cb2368ebdf,0xb5d85cbf7cb3ee0d56b3bb207d5fc4b82f43f511,105.0,,,,ATA,erc20,"{'value': '0x05b12aefafa8040000', 'address': '0xa2120b9e674d3fc3875f415a7df52e382f141225', 'decimal': '0x12'}",{'blockTimestamp': '2022-07-28T23:14:56.000Z'}
629,0xe87318,0xf7a35fe9b7688a815f9516bd4c909cb9940c1df2347d5be12446f8687282dfd0:log:233,0xf7a35fe9b7688a815f9516bd4c909cb9940c1df2347d5be12446f8687282dfd0,0xa0204dc8b4e33bd976df5f7a2e6a0e9f019db621,0x4a5baae1e97f5d04588dbdc19d5f33cb2368ebdf,105.0,,,,ATA,erc20,"{'value': '0x05b12aefafa8040000', 'address': '0xa2120b9e674d3fc3875f415a7df52e382f141225', 'decimal': '0x12'}",{'blockTimestamp': '2022-07-28T23:06:02.000Z'}
630,0xe8730f,0xe300b5c0cd4e1300bcc9af5afd6ea1c2b0db68859dd32a57c67cd844f9e8187c:log:129,0xe300b5c0cd4e1300bcc9af5afd6ea1c2b0db68859dd32a57c67cd844f9e8187c,0xe66b31678d6c16e9ebf358268a790b763c133750,0x8f095664ce65d097a1995a96b0298a568492aaf4,28.685694032894173,,,,ATA,erc20,"{'value': '0x018e180ebd56331841', 'address': '0xa2120b9e674d3fc3875f415a7df52e382f141225', 'decimal': '0x12'}",{'blockTimestamp': '2022-07-28T23:04:20.000Z'}
631,0xe8730f,0xe300b5c0cd4e1300bcc9af5afd6ea1c2b0db68859dd32a57c67cd844f9e8187c:log:126,0xe300b5c0cd4e1300bcc9af5afd6ea1c2b0db68859dd32a57c67cd844f9e8187c,0x5654d65578cda52791879751141f2f3d7dc27fe4,0xe66b31678d6c16e9ebf358268a790b763c133750,28.685694032894173,,,,ATA,erc20,"{'value': '0x018e180ebd56331841', 'address': '0xa2120b9e674d3fc3875f415a7df52e382f141225', 'decimal': '0x12'}",{'blockTimestamp': '2022-07-28T23:04:20.000Z'}
632,0xe86d85,0xba2b93e00dd89d88e5bff930eeed174bef6be75cb2ee5a8952bb089f615ba80d:log:52,0xba2b93e00dd89d88e5bff930eeed174bef6be75cb2ee5a8952bb089f615ba80d,0x733c5570597e609c796399333f0a176e444386ee,0xf16e9b0d03470827a95cdfd0cb8a8a3b46969b91,81141.0,,,,ATA,erc20,"{'value': '0x112ea9949c8ea2b40000', 'address': '0xa2120b9e674d3fc3875f415a7df52e382f141225', 'decimal': '0x12'}",{'blockTimestamp': '2022-07-28T17:38:22.000Z'}
633,0xe86ccd,0xabeb48b6005540c239976fec4f6eaede109c5e678b3e4b8a5bcbca89ae5ee8cc:log:376,0xabeb48b6005540c239976fec4f6eaede109c5e678b3e4b8a5bcbca89ae5ee8cc,0x7ecccabb5e4ff4537f70b0a5018e8c0cfd53fff4,0x28c6c06298d514db089934071355e5743bf21d60,99485.51662608999,,,,ATA,erc20,"{'value': '0x15111ee3c292487a2400', 'address': '0xa2120b9e674d3fc3875f415a7df52e382f141225', 'decimal': '0x12'}",{'blockTimestamp': '2022-07-28T17:00:15.000Z'}
634,0xe86c54,0x70fdb9cd6eca0fb2653991a1535453171239b3c005113ca09a1fd29a00c618ad:log:294,0x70fdb9cd6eca0fb2653991a1535453171239b3c005113ca09a1fd29a00c618ad,0x21a31ee1afc51d94c2efccaa2092ad1028285549,0x733c5570597e609c796399333f0a176e444386ee,81141.0,,,,ATA,erc20,"{'value': '0x112ea9949c8ea2b40000', 'address': '0xa2120b9e674d3fc3875f415a7df52e382f141225', 'decimal': '0x12'}",{'blockTimestamp': '2022-07-28T16:32:53.000Z'}
635,0xe86bc1,0xba22b791f09791e8412c60328ed38b38a915432aaa29a74a9b454395f991390c:log:328,0xba22b791f09791e8412c60328ed38b38a915432aaa29a74a9b454395f991390c,0xf05e2a70346560d3228c7002194bb7c5dc8fe100,0x28c6c06298d514db089934071355e5743bf21d60,155220.0,,,,ATA,erc20,"{'value': '0x20de7e393931a4d00000', 'address': '0xa2120b9e674d3fc3875f415a7df52e382f141225', 'decimal': '0x12'}",{'blockTimestamp': '2022-07-28T16:00:11.000Z'}
636,0xe86b7f,0xf0b1935f207a55877b61ab724e2d7c0d02c1115ea396f00d32a91a3fe963b721:log:177,0xf0b1935f207a55877b61ab724e2d7c0d02c1115ea396f00d32a91a3fe963b721,0x0d0707963952f2fba59dd06f2b425ace40b492fe,0xf05e2a70346560d3228c7002194bb7c5dc8fe100,155220.0,,,,ATA,erc20,"{'value': '0x20de7e393931a4d00000', 'address': '0xa2120b9e674d3fc3875f415a7df52e382f141225', 'decimal': '0x12'}",{'blockTimestamp': '2022-07-28T15:46:37.000Z'}
637,0xe86b5f,0x87a6b99feb227bc693afd55c754972e55f97a94bfd6e7972206e2a791f74af75:log:469,0x87a6b99feb227bc693afd55c754972e55f97a94bfd6e7972206e2a791f74af75,0x478271c960137418c9d90082dddbf68aa72e4367,0x0d0707963952f2fba59dd06f2b425ace40b492fe,253283.0,,,,ATA,erc20,"{'value': '0x35a27fbab5270fac0000', 'address': '0xa2120b9e674d3fc3875f415a7df52e382f141225', 'decimal': '0x12'}",{'blockTimestamp': '2022-07-28T15:37:16.000Z'}
638,0xe86b57,0x748c1b902a8e6d37de3a7e38fd38fa63d855e11b01c1facd9d2c6bfa2c88f201:log:375,0x748c1b902a8e6d37de3a7e38fd38fa63d855e11b01c1facd9d2c6bfa2c88f201,0xb5d85cbf7cb3ee0d56b3bb207d5fc4b82f43f511,0x7ecccabb5e4ff4537f70b0a5018e8c0cfd53fff4,99485.51662608999,,,,ATA,erc20,"{'value': '0x15111ee3c292487a2400', 'address': '0xa2120b9e674d3fc3875f415a7df52e382f141225', 'decimal': '0x12'}",{'blockTimestamp': '2022-07-28T15:35:31.000Z'}
639,0xe86b12,0xa0efddb84c4b41db5bdbaa29731bde4e84c8d57d1545899f84dd3ef9960b8581:log:505,0xa0efddb84c4b41db5bdbaa29731bde4e84c8d57d1545899f84dd3ef9960b8581,0x28c6c06298d514db089934071355e5743bf21d60,0x478271c960137418c9d90082dddbf68aa72e4367,253283.0,,,,ATA,erc20,"{'value': '0x35a27fbab5270fac0000', 'address': '0xa2120b9e674d3fc3875f415a7df52e382f141225', 'decimal': '0x12'}",{'blockTimestamp': '2022-07-28T15:20:45.000Z'}
640,0xe86a29,0x4554d701de4dd70b42f4e839eb8b46c6b2b3fa14b75c1f37bdf78167142e651f:log:870,0x4554d701de4dd70b42f4e839eb8b46c6b2b3fa14b75c1f37bdf78167142e651f,0xf05e2a70346560d3228c7002194bb7c5dc8fe100,0x28c6c06298d514db089934071355e5743bf21d60,32081.000000000004,,,,ATA,erc20,"{'value': '0x06cb1d4f8793caa40000', 'address': '0xa2120b9e674d3fc3875f415a7df52e382f141225', 'decimal': '0x12'}",{'blockTimestamp': '2022-07-28T14:30:04.000Z'}
641,0xe86990,0x55bb86378041a0b02581b157f01f93342b992a7d13fa021e66a5dd655f066d3f:log:594,0x55bb86378041a0b02581b157f01f93342b992a7d13fa021e66a5dd655f066d3f,0xf16e9b0d03470827a95cdfd0cb8a8a3b46969b91,0xf05e2a70346560d3228c7002194bb7c5dc8fe100,32081.000000000004,,,,ATA,erc20,"{'value': '0x06cb1d4f8793caa40000', 'address': '0xa2120b9e674d3fc3875f415a7df52e382f141225', 'decimal': '0x12'}",{'blockTimestamp': '2022-07-28T13:53:12.000Z'}
642,0xe862ec,0xc815b141047e78d5ae0cd60054d45419e8c10ca8ecb25320499c9fe8ed318ae0:log:320,0xc815b141047e78d5ae0cd60054d45419e8c10ca8ecb25320499c9fe8ed318ae0,0xaad60b6615b9eb13a9b0212af7b298f26dd74e7f,0x28c6c06298d514db089934071355e5743bf21d60,19386.0,,,,ATA,erc20,"{'value': '0x041aeacb6091eaa80000', 'address': '0xa2120b9e674d3fc3875f415a7df52e382f141225', 'decimal': '0x12'}",{'blockTimestamp': '2022-07-28T07:30:40.000Z'}
643,0xe85ddf,0x8fab8cf5a8151d12068d6eaefe193dbf844bca8bd9bb71b3491f4da1fc9a75ff:log:650,0x8fab8cf5a8151d12068d6eaefe193dbf844bca8bd9bb71b3491f4da1fc9a75ff,0x3c02290922a3618a4646e3bbca65853ea45fe7c6,0xaad60b6615b9eb13a9b0212af7b298f26dd74e7f,19386.0,,,,ATA,erc20,"{'value': '0x041aeacb6091eaa80000', 'address': '0xa2120b9e674d3fc3875f415a7df52e382f141225', 'decimal': '0x12'}",{'blockTimestamp': '2022-07-28T02:49:40.000Z'}
644,0xe850ff,0x192294fbf39185a5c710973f0e832d62f9e978dd2c884d2c922d91185d31942b:log:325,0x192294fbf39185a5c710973f0e832d62f9e978dd2c884d2c922d91185d31942b,0xf05e2a70346560d3228c7002194bb7c5dc8fe100,0x28c6c06298d514db089934071355e5743bf21d60,74011.0,,,,ATA,erc20,"{'value': '0x0fac24f414ea8b8c0000', 'address': '0xa2120b9e674d3fc3875f415a7df52e382f141225', 'decimal': '0x12'}",{'blockTimestamp': '2022-07-27T14:30:31.000Z'}
645,0xe84ffc,0x83073b864b96f5821aebaa45aac88bc1adbfc383555b8059d68359b85c9451bc:log:268,0x83073b864b96f5821aebaa45aac88bc1adbfc383555b8059d68359b85c9451bc,0xf16e9b0d03470827a95cdfd0cb8a8a3b46969b91,0xf05e2a70346560d3228c7002194bb7c5dc8fe100,74011.0,,,,ATA,erc20,"{'value': '0x0fac24f414ea8b8c0000', 'address': '0xa2120b9e674d3fc3875f415a7df52e382f141225', 'decimal': '0x12'}",{'blockTimestamp': '2022-07-27T13:33:33.000Z'}
646,0xe84cde,0x4d6fc866700bab65b1917bd3979867a6dd4aa6c60dc447505f0f5b743fc8cde1:log:556,0x4d6fc866700bab65b1917bd3979867a6dd4aa6c60dc447505f0f5b743fc8cde1,0x28c6c06298d514db089934071355e5743bf21d60,0xf6fb366ac033af40e0b1b3267130aeeff77d655a,755.0,,,,ATA,erc20,"{'value': '0x28edbad3d6abec0000', 'address': '0xa2120b9e674d3fc3875f415a7df52e382f141225', 'decimal': '0x12'}",{'blockTimestamp': '2022-07-27T10:35:37.000Z'}
647,0xe846ce,0xecfca051651325c57a546ce011f19041ff08240e51fe03359b3061744ffa118f:log:196,0xecfca051651325c57a546ce011f19041ff08240e51fe03359b3061744ffa118f,0xb5d85cbf7cb3ee0d56b3bb207d5fc4b82f43f511,0x2fd93906dc0e917b33385e477e1b70ad5ca502bc,2233.44462198,,,,ATA,erc20,"{'value': '0x7913454264e07f1800', 'address': '0xa2120b9e674d3fc3875f415a7df52e382f141225', 'decimal': '0x12'}",{'blockTimestamp': '2022-07-27T04:55:10.000Z'}
648,0xe84465,0x1bf795ba8951115e99190a5b21ae7930654ac995cd664206dd8f61f286415c72:log:65,0x1bf795ba8951115e99190a5b21ae7930654ac995cd664206dd8f61f286415c72,0xb638c9ed38621892c52611fac202aca483482c0d,0xb5d85cbf7cb3ee0d56b3bb207d5fc4b82f43f511,99369.0,,,,ATA,erc20,"{'value': '0x150acde58c795f040000', 'address': '0xa2120b9e674d3fc3875f415a7df52e382f141225', 'decimal': '0x12'}",{'blockTimestamp': '2022-07-27T02:30:06.000Z'}
649,0xe84446,0x72459cbd71d6c631b2e2867d13ec587ebbfa15e01dc52970437116f78378284a:log:416,0x72459cbd71d6c631b2e2867d13ec587ebbfa15e01dc52970437116f78378284a,0xdfd5293d8e347dfe59e90efd55b2956a1343963d,0xb638c9ed38621892c52611fac202aca483482c0d,99369.0,,,,ATA,erc20,"{'value': '0x150acde58c795f040000', 'address': '0xa2120b9e674d3fc3875f415a7df52e382f141225', 'decimal': '0x12'}",{'blockTimestamp': '2022-07-27T02:21:40.000Z'}
650,0xe83c96,0x7c750c429818897b48005edb252ebaedb971087fe7698cfb3a5db21defd04996:log:235,0x7c750c429818897b48005edb252ebaedb971087fe7698cfb3a5db21defd04996,0x733c5570597e609c796399333f0a176e444386ee,0x738cf6903e6c4e699d1c2dd9ab8b67fcdb3121ea,33817.0,,,,ATA,erc20,"{'value': '0x0729392679dae8c40000', 'address': '0xa2120b9e674d3fc3875f415a7df52e382f141225', 'decimal': '0x12'}",{'blockTimestamp': '2022-07-26T19:06:27.000Z'}
651,0xe83b9d,0x0e01cca8454d8ec1de8431d5cacc5fd55ba54e2ae82dfdacdfa4438f51d57df4:log:192,0x0e01cca8454d8ec1de8431d5cacc5fd55ba54e2ae82dfdacdfa4438f51d57df4,0x21a31ee1afc51d94c2efccaa2092ad1028285549,0x733c5570597e609c796399333f0a176e444386ee,33817.0,,,,ATA,erc20,"{'value': '0x0729392679dae8c40000', 'address': '0xa2120b9e674d3fc3875f415a7df52e382f141225', 'decimal': '0x12'}",{'blockTimestamp': '2022-07-26T18:06:52.000Z'}
652,0xe8365d,0x8a0427593098e8794c3df76541aec61d26a3eb5b52600cff28568075f72a95f1:log:144,0x8a0427593098e8794c3df76541aec61d26a3eb5b52600cff28568075f72a95f1,0x733c5570597e609c796399333f0a176e444386ee,0xf16e9b0d03470827a95cdfd0cb8a8a3b46969b91,65314.00000000001,,,,ATA,erc20,"{'value': '0x0dd4add53798d7480000', 'address': '0xa2120b9e674d3fc3875f415a7df52e382f141225', 'decimal': '0x12'}",{'blockTimestamp': '2022-07-26T13:06:23.000Z'}
653,0xe83586,0x61177a10c50e7d0e96ca8fe658be443890d2380abb5b13ea1d7716efb1d033e7:log:337,0x61177a10c50e7d0e96ca8fe658be443890d2380abb5b13ea1d7716efb1d033e7,0x28c6c06298d514db089934071355e5743bf21d60,0x733c5570597e609c796399333f0a176e444386ee,65314.00000000001,,,,ATA,erc20,"{'value': '0x0dd4add53798d7480000', 'address': '0xa2120b9e674d3fc3875f415a7df52e382f141225', 'decimal': '0x12'}",{'blockTimestamp': '2022-07-26T12:19:30.000Z'}
654,0xe83235,0xae1b9d2f3ad7123b746b57a9d0b7faf4298b8e64eea84a998b4ac70aebedc43e:log:257,0xae1b9d2f3ad7123b746b57a9d0b7faf4298b8e64eea84a998b4ac70aebedc43e,0x47b7b7cd3d083def19dfa38ab178fc3568c46020,0x28c6c06298d514db089934071355e5743bf21d60,59521.42857142857,,,,ATA,erc20,"{'value': '0x0c9aa9c177ab8a45b6dc', 'address': '0xa2120b9e674d3fc3875f415a7df52e382f141225', 'decimal': '0x12'}",{'blockTimestamp': '2022-07-26T09:01:19.000Z'}
655,0xe83206,0x634b6c0280ef8b8dc10a98abd37de4bc1d8d024e45de14daf2e4f0d937649cd5:log:324,0x634b6c0280ef8b8dc10a98abd37de4bc1d8d024e45de14daf2e4f0d937649cd5,0x7f25b76932ca2ad171f4addb5eb190c47c11fc43,0x47b7b7cd3d083def19dfa38ab178fc3568c46020,59521.42857142857,,,,ATA,erc20,"{'value': '0x0c9aa9c177ab8a45b6dc', 'address': '0xa2120b9e674d3fc3875f415a7df52e382f141225', 'decimal': '0x12'}",{'blockTimestamp': '2022-07-26T08:48:48.000Z'}
656,0xe83200,0xd256fa65af0c4ba397cbf87ba4d86ffa1db03ae33254a318fb01a267b781e6bb:log:554,0xd256fa65af0c4ba397cbf87ba4d86ffa1db03ae33254a318fb01a267b781e6bb,0xa2120b9e674d3fc3875f415a7df52e382f141225,0x7f25b76932ca2ad171f4addb5eb190c47c11fc43,59521.42857142857,,,,ATA,erc20,"{'value': '0x0c9aa9c177ab8a45b6dc', 'address': '0xa2120b9e674d3fc3875f415a7df52e382f141225', 'decimal': '0x12'}",{'blockTimestamp': '2022-07-26T08:45:45.000Z'}
657,0xe82ff1,0xf6537cdc0c24a4a50aab0aec47526778091e022b1225f3d53de6a769d5f23d8c:log:33,0xf6537cdc0c24a4a50aab0aec47526778091e022b1225f3d53de6a769d5f23d8c,0xd8f7c8c89efe493740fbe2d5cbc0671112c884fd,0x3c02290922a3618a4646e3bbca65853ea45fe7c6,31187.0,,,,ATA,erc20,"{'value': '0x069aa69180313b6c0000', 'address': '0xa2120b9e674d3fc3875f415a7df52e382f141225', 'decimal': '0x12'}",{'blockTimestamp': '2022-07-26T06:51:20.000Z'}
658,0xe82fad,0x89ea41d7d46a7a068dfecfde964a96a4561a8da9897e999e6c83268d5a616299:log:251,0x89ea41d7d46a7a068dfecfde964a96a4561a8da9897e999e6c83268d5a616299,0xdfd5293d8e347dfe59e90efd55b2956a1343963d,0xd8f7c8c89efe493740fbe2d5cbc0671112c884fd,31187.0,,,,ATA,erc20,"{'value': '0x069aa69180313b6c0000', 'address': '0xa2120b9e674d3fc3875f415a7df52e382f141225', 'decimal': '0x12'}",{'blockTimestamp': '2022-07-26T06:34:11.000Z'}
659,0xe81c3a,0x4e28dbb5c02bd87f19bbf0aceec687af1b0022a23cf691cfdf12e89a43fbb48c:log:176,0x4e28dbb5c02bd87f19bbf0aceec687af1b0022a23cf691cfdf12e89a43fbb48c,0x41e457717052a9f80fb2a5a06caccda18469fb17,0xf16e9b0d03470827a95cdfd0cb8a8a3b46969b91,300.0,,,,ATA,erc20,"{'value': '0x1043561a8829300000', 'address': '0xa2120b9e674d3fc3875f415a7df52e382f141225', 'decimal': '0x12'}",{'blockTimestamp': '2022-07-25T12:12:41.000Z'}
660,0xe80fdf,0x6996ee7dc698c4f88a6e158cab5bcf4fc004a8a79a615babb596ea0a17436b10:log:429,0x6996ee7dc698c4f88a6e158cab5bcf4fc004a8a79a615babb596ea0a17436b10,0xf05e2a70346560d3228c7002194bb7c5dc8fe100,0x28c6c06298d514db089934071355e5743bf21d60,89109.0,,,,ATA,erc20,"{'value': '0x12de9bcb3448ab340000', 'address': '0xa2120b9e674d3fc3875f415a7df52e382f141225', 'decimal': '0x12'}",{'blockTimestamp': '2022-07-25T00:00:14.000Z'}
661,0xe80e4a,0xfda20b0e842d6a86016614c5367c88e457d97bb023fb95cee7a2801fcf23b719:log:229,0xfda20b0e842d6a86016614c5367c88e457d97bb023fb95cee7a2801fcf23b719,0xf16e9b0d03470827a95cdfd0cb8a8a3b46969b91,0xf05e2a70346560d3228c7002194bb7c5dc8fe100,89109.0,,,,ATA,erc20,"{'value': '0x12de9bcb3448ab340000', 'address': '0xa2120b9e674d3fc3875f415a7df52e382f141225', 'decimal': '0x12'}",{'blockTimestamp': '2022-07-24T22:31:01.000Z'}
662,0xe80dff,0x2bc44588083356a3bf59a7e0cd57a2787c659aae1fe2acbf6d1013cd2b3fd6e1:log:162,0x2bc44588083356a3bf59a7e0cd57a2787c659aae1fe2acbf6d1013cd2b3fd6e1,0x21a31ee1afc51d94c2efccaa2092ad1028285549,0x6593fdd43ed9e5cd9f627b5d82bc6b708bbcf09d,836.0,,,,ATA,erc20,"{'value': '0x2d51d4a2aea2900000', 'address': '0xa2120b9e674d3fc3875f415a7df52e382f141225', 'decimal': '0x12'}",{'blockTimestamp': '2022-07-24T22:12:18.000Z'}
663,0xe80bb9,0x1c1010fa73de49027f91e552741c21ea5a8925ccb72aa6e6fd57c1d9f994b60d:log:336,0x1c1010fa73de49027f91e552741c21ea5a8925ccb72aa6e6fd57c1d9f994b60d,0xd6b38bea1b891c9064b1167fb68f8478f6829326,0x0d0707963952f2fba59dd06f2b425ace40b492fe,71020.0,,,,ATA,erc20,"{'value': '0x0f0a007d77e9d2300000', 'address': '0xa2120b9e674d3fc3875f415a7df52e382f141225', 'decimal': '0x12'}",{'blockTimestamp': '2022-07-24T20:03:11.000Z'}
664,0xe7f253,0x04b1b1e5c8bbc6c7e382020974967e66ef5d5b92f090f11c0a5ec0a905349d2b:log:358,0x04b1b1e5c8bbc6c7e382020974967e66ef5d5b92f090f11c0a5ec0a905349d2b,0x28c6c06298d514db089934071355e5743bf21d60,0x6760ef545f5f85acb4d234236f4bf2178a2087fa,895.4630000000001,,,,ATA,erc20,"{'value': '0x308b0ba622399d8000', 'address': '0xa2120b9e674d3fc3875f415a7df52e382f141225', 'decimal': '0x12'}",{'blockTimestamp': '2022-07-23T19:44:06.000Z'}
665,0xe7f06f,0x5a7938813b9f5d12b5fab64ca5824688dce277d787beb1f1e0f5c87a2162d9a0:log:218,0x5a7938813b9f5d12b5fab64ca5824688dce277d787beb1f1e0f5c87a2162d9a0,0x28c6c06298d514db089934071355e5743bf21d60,0xdfd5293d8e347dfe59e90efd55b2956a1343963d,875192.81931414,,,,ATA,erc20,"{'value': '0xb9544c3cc3ec0a079800', 'address': '0xa2120b9e674d3fc3875f415a7df52e382f141225', 'decimal': '0x12'}",{'blockTimestamp': '2022-07-23T18:00:30.000Z'}
666,0xe7f015,0x373f3129768b3b8f3934e240fc244e1bd6db0b4094e36b58d408a81dbe8d24ec:log:255,0x373f3129768b3b8f3934e240fc244e1bd6db0b4094e36b58d408a81dbe8d24ec,0xdfd5293d8e347dfe59e90efd55b2956a1343963d,0xd6b38bea1b891c9064b1167fb68f8478f6829326,71020.0,,,,ATA,erc20,"{'value': '0x0f0a007d77e9d2300000', 'address': '0xa2120b9e674d3fc3875f415a7df52e382f141225', 'decimal': '0x12'}",{'blockTimestamp': '2022-07-23T17:41:08.000Z'}
667,0xe7ed73,0x943c62d14ec0801c9c1daeb817fb489d260a0d7eeed6c7bb0bd4387f4b6c0631:log:548,0x943c62d14ec0801c9c1daeb817fb489d260a0d7eeed6c7bb0bd4387f4b6c0631,0xf05e2a70346560d3228c7002194bb7c5dc8fe100,0x28c6c06298d514db089934071355e5743bf21d60,59829.0,,,,ATA,erc20,"{'value': '0x0cab562ab05f5db40000', 'address': '0xa2120b9e674d3fc3875f415a7df52e382f141225', 'decimal': '0x12'}",{'blockTimestamp': '2022-07-23T15:00:30.000Z'}
668,0xe7ed24,0xf7c0bbc5d2bd2d55611fbdf2e35356986791ab25ceb6427a78aa37853af312a7:log:44,0xf7c0bbc5d2bd2d55611fbdf2e35356986791ab25ceb6427a78aa37853af312a7,0xf16e9b0d03470827a95cdfd0cb8a8a3b46969b91,0xf05e2a70346560d3228c7002194bb7c5dc8fe100,59829.0,,,,ATA,erc20,"{'value': '0x0cab562ab05f5db40000', 'address': '0xa2120b9e674d3fc3875f415a7df52e382f141225', 'decimal': '0x12'}",{'blockTimestamp': '2022-07-23T14:44:29.000Z'}
669,0xe7ebda,0x65ba69d2d895221cbfac375fd85c87557341900747e130a45d78c6bbd2b13a40:log:124,0x65ba69d2d895221cbfac375fd85c87557341900747e130a45d78c6bbd2b13a40,0xa5af71cbdf246b1ee681d81da730c1a7c3b52d87,0x28c6c06298d514db089934071355e5743bf21d60,6970.56125859,,,,ATA,erc20,"{'value': '0x0179dff855123cbe2c00', 'address': '0xa2120b9e674d3fc3875f415a7df52e382f141225', 'decimal': '0x12'}",{'blockTimestamp': '2022-07-23T13:30:09.000Z'}
670,0xe7eb97,0xcd196715f98ce4c399a3b83ac55217b51621fdd686fbdadcf4de57bb3b07c099:log:173,0xcd196715f98ce4c399a3b83ac55217b51621fdd686fbdadcf4de57bb3b07c099,0x3c02290922a3618a4646e3bbca65853ea45fe7c6,0xa5af71cbdf246b1ee681d81da730c1a7c3b52d87,6867.0,,,,ATA,erc20,"{'value': '0x017442c4d5131f6c0000', 'address': '0xa2120b9e674d3fc3875f415a7df52e382f141225', 'decimal': '0x12'}",{'blockTimestamp': '2022-07-23T13:16:24.000Z'}
671,0xe7e5e0,0x49854d6367f132e028edf9f98f3434bc14cdbe47bdbdfe8dc609914c596df46a:log:332,0x49854d6367f132e028edf9f98f3434bc14cdbe47bdbdfe8dc609914c596df46a,0x662495d340d9acfd903e8f7083b74c6e62785711,0x0d0707963952f2fba59dd06f2b425ace40b492fe,38.998,,,,ATA,erc20,"{'value': '0x021d34ba6136af0000', 'address': '0xa2120b9e674d3fc3875f415a7df52e382f141225', 'decimal': '0x12'}",{'blockTimestamp': '2022-07-23T07:41:09.000Z'}
672,0xe7e5c9,0xde3674648a7d3ef082f6075148d04840361202335f8889ab7d158d950487aaab:log:250,0xde3674648a7d3ef082f6075148d04840361202335f8889ab7d158d950487aaab,0x21a31ee1afc51d94c2efccaa2092ad1028285549,0x6593fdd43ed9e5cd9f627b5d82bc6b708bbcf09d,200.0,,,,ATA,erc20,"{'value': '0x0ad78ebc5ac6200000', 'address': '0xa2120b9e674d3fc3875f415a7df52e382f141225', 'decimal': '0x12'}",{'blockTimestamp': '2022-07-23T07:36:50.000Z'}
673,0xe7e529,0x79c4b1597561a8ef2666b101b118719462758147a8be685f4f9cdcb7382ff844:log:22,0x79c4b1597561a8ef2666b101b118719462758147a8be685f4f9cdcb7382ff844,0x7ecccabb5e4ff4537f70b0a5018e8c0cfd53fff4,0x28c6c06298d514db089934071355e5743bf21d60,99184.39802023,,,,ATA,erc20,"{'value': '0x1500cc0791efbe51bc00', 'address': '0xa2120b9e674d3fc3875f415a7df52e382f141225', 'decimal': '0x12'}",{'blockTimestamp': '2022-07-23T07:01:11.000Z'}
674,0xe7e4e1,0x7a9d0ed5614b6ffb0053b4b9abeea24690773851609df09e7ff9fa7ac4d2cdc5:log:62,0x7a9d0ed5614b6ffb0053b4b9abeea24690773851609df09e7ff9fa7ac4d2cdc5,0xb5d85cbf7cb3ee0d56b3bb207d5fc4b82f43f511,0x7ecccabb5e4ff4537f70b0a5018e8c0cfd53fff4,99184.39802023,,,,ATA,erc20,"{'value': '0x1500cc0791efbe51bc00', 'address': '0xa2120b9e674d3fc3875f415a7df52e382f141225', 'decimal': '0x12'}",{'blockTimestamp': '2022-07-23T06:46:28.000Z'}
675,0xe7e425,0x39c14155d93689fb8d90f64d0a22e138be600a372353b74e0a23b0ba42f6874a:log:322,0x39c14155d93689fb8d90f64d0a22e138be600a372353b74e0a23b0ba42f6874a,0x733c5570597e609c796399333f0a176e444386ee,0x738cf6903e6c4e699d1c2dd9ab8b67fcdb3121ea,34263.0,,,,ATA,erc20,"{'value': '0x074166a4c6d888fc0000', 'address': '0xa2120b9e674d3fc3875f415a7df52e382f141225', 'decimal': '0x12'}",{'blockTimestamp': '2022-07-23T06:05:57.000Z'}
676,0xe7e400,0x1909d10970a229970fb186fd9593284ee78d9b7976407e47dff9c105c5d4e0f8:log:245,0x1909d10970a229970fb186fd9593284ee78d9b7976407e47dff9c105c5d4e0f8,0xbdb37a8192e1f883092bf78d3afc62ec79725ecc,0x0d0707963952f2fba59dd06f2b425ace40b492fe,49.929,,,,ATA,erc20,"{'value': '0x02b4e770f6fe7a8000', 'address': '0xa2120b9e674d3fc3875f415a7df52e382f141225', 'decimal': '0x12'}",{'blockTimestamp': '2022-07-23T05:57:41.000Z'}
677,0xe7e400,0xf576cd52da12cd09b6071a46e83ba220e7c361edb347a0a9f6e6d82cb7939f2d:log:244,0xf576cd52da12cd09b6071a46e83ba220e7c361edb347a0a9f6e6d82cb7939f2d,0xa9322d3e7809eba66f9c628f29d21edd098d8ef5,0x0d0707963952f2fba59dd06f2b425ace40b492fe,41.0,,,,ATA,erc20,"{'value': '0x0238fd42c5cf040000', 'address': '0xa2120b9e674d3fc3875f415a7df52e382f141225', 'decimal': '0x12'}",{'blockTimestamp': '2022-07-23T05:57:41.000Z'}
678,0xe7e30a,0x26c86fa1e799af7cee367f1049bab988dc0f116afc9485f850de74909581e462:log:273,0x26c86fa1e799af7cee367f1049bab988dc0f116afc9485f850de74909581e462,0x28c6c06298d514db089934071355e5743bf21d60,0x733c5570597e609c796399333f0a176e444386ee,34263.0,,,,ATA,erc20,"{'value': '0x074166a4c6d888fc0000', 'address': '0xa2120b9e674d3fc3875f415a7df52e382f141225', 'decimal': '0x12'}",{'blockTimestamp': '2022-07-23T05:03:17.000Z'}
679,0xe7e226,0x577c9df5a241a785968082e667fbd92bbcd653f34b3d4cc502bc876836313521:log:348,0x577c9df5a241a785968082e667fbd92bbcd653f34b3d4cc502bc876836313521,0xfd87c17b3fa2ca7d6b53773e398dcd452f35676b,0x0d0707963952f2fba59dd06f2b425ace40b492fe,71.0,,,,ATA,erc20,"{'value': '0x03d952abd36cbc0000', 'address': '0xa2120b9e674d3fc3875f415a7df52e382f141225', 'decimal': '0x12'}",{'blockTimestamp': '2022-07-23T04:13:08.000Z'}
680,0xe7e05e,0x0d665abd7b50f9a52d3a3661cbefbeac80e7c3d0f222343adc391b0358f474e7:log:168,0x0d665abd7b50f9a52d3a3661cbefbeac80e7c3d0f222343adc391b0358f474e7,0x4cdb69669c8aa3ffc84ad87927c584a41378b030,0x0d0707963952f2fba59dd06f2b425ace40b492fe,79.0,,,,ATA,erc20,"{'value': '0x0448586170a7dc0000', 'address': '0xa2120b9e674d3fc3875f415a7df52e382f141225', 'decimal': '0x12'}",{'blockTimestamp': '2022-07-23T02:29:41.000Z'}
681,0xe7e05d,0x01bd4cab2afc5efcdeb4fff1257acb76a398063f71023d45454a3eed25d5b2da:log:93,0x01bd4cab2afc5efcdeb4fff1257acb76a398063f71023d45454a3eed25d5b2da,0x881623673bb385fd8d8ef00a57c3a557ecbd6df1,0x0d0707963952f2fba59dd06f2b425ace40b492fe,71.0,,,,ATA,erc20,"{'value': '0x03d952abd36cbc0000', 'address': '0xa2120b9e674d3fc3875f415a7df52e382f141225', 'decimal': '0x12'}",{'blockTimestamp': '2022-07-23T02:29:26.000Z'}
682,0xe7de6e,0x765a00065afc4607b79d63aa1342a92ecd846cec037fe232f250009e2f8518ac:log:437,0x765a00065afc4607b79d63aa1342a92ecd846cec037fe232f250009e2f8518ac,0x9f86e38cb61df53e8aa2f0e58c76d633316f8ca3,0x0d0707963952f2fba59dd06f2b425ace40b492fe,131.0,,,,ATA,erc20,"{'value': '0x0719fd7deea82c0000', 'address': '0xa2120b9e674d3fc3875f415a7df52e382f141225', 'decimal': '0x12'}",{'blockTimestamp': '2022-07-23T00:44:22.000Z'}
683,0xe7dc9f,0x9164977234cf68d4d64dbf763b45f883ea936b5c4f6dbb8ed2def07c99e0425e:log:240,0x9164977234cf68d4d64dbf763b45f883ea936b5c4f6dbb8ed2def07c99e0425e,0x31e2daf81dc64b98a6e938e20a199c278ea5ea19,0x0d0707963952f2fba59dd06f2b425ace40b492fe,103.862,,,,ATA,erc20,"{'value': '0x05a15ff2b72d9f0000', 'address': '0xa2120b9e674d3fc3875f415a7df52e382f141225', 'decimal': '0x12'}",{'blockTimestamp': '2022-07-22T22:59:24.000Z'}
684,0xe7dc9f,0x0b8b18cf15cd86ca6b6301d1f2c486762f76ee2ac2b8fd0f73915ecfcd6b2fde:log:212,0x0b8b18cf15cd86ca6b6301d1f2c486762f76ee2ac2b8fd0f73915ecfcd6b2fde,0x84eb0cab0e774e4c373cf45bb1b2c4f96f069d49,0x0d0707963952f2fba59dd06f2b425ace40b492fe,203.0,,,,ATA,erc20,"{'value': '0x0b0130e075bc4c0000', 'address': '0xa2120b9e674d3fc3875f415a7df52e382f141225', 'decimal': '0x12'}",{'blockTimestamp': '2022-07-22T22:59:24.000Z'}
685,0xe7dad1,0x28d69534c912e815f172c4ecf13e9311829b1c3334429239799b1d3700cbe109:log:155,0x28d69534c912e815f172c4ecf13e9311829b1c3334429239799b1d3700cbe109,0xd7bdf583932ebe7b649fff21c25c84e56c3d613e,0x0d0707963952f2fba59dd06f2b425ace40b492fe,199.302,,,,ATA,erc20,"{'value': '0x0acddef10d80e70000', 'address': '0xa2120b9e674d3fc3875f415a7df52e382f141225', 'decimal': '0x12'}",{'blockTimestamp': '2022-07-22T21:15:49.000Z'}
686,0xe7da5f,0xe5a95ca3930a8f2f8e63c5e5d1c373311aa10bd4fbfe199cbcd1ad56c3d4138a:log:553,0xe5a95ca3930a8f2f8e63c5e5d1c373311aa10bd4fbfe199cbcd1ad56c3d4138a,0x44db644ebcc43bd7c9d1c8113fcdaffa2bfec32d,0x0d0707963952f2fba59dd06f2b425ace40b492fe,218.0,,,,ATA,erc20,"{'value': '0x0bd15b94fc8b280000', 'address': '0xa2120b9e674d3fc3875f415a7df52e382f141225', 'decimal': '0x12'}",{'blockTimestamp': '2022-07-22T20:54:49.000Z'}
687,0xe7da5f,0x6ebb05d64fc27a06ff4f0c217632fff80f21333e56508c5dbf79e99a2eea0eda:log:542,0x6ebb05d64fc27a06ff4f0c217632fff80f21333e56508c5dbf79e99a2eea0eda,0x10650554bcfcacb4c53be441a32223e496b7cfd5,0x0d0707963952f2fba59dd06f2b425ace40b492fe,265.706,,,,ATA,erc20,"{'value': '0x0e6769573ab1f10000', 'address': '0xa2120b9e674d3fc3875f415a7df52e382f141225', 'decimal': '0x12'}",{'blockTimestamp': '2022-07-22T20:54:49.000Z'}
688,0xe7da5f,0xbe3a5e64488a9686f81bdeacf46aef017810529c55582cdd125f34c57932e059:log:500,0xbe3a5e64488a9686f81bdeacf46aef017810529c55582cdd125f34c57932e059,0xc3d35a21848c704601608199ab41b6833911fd89,0x0d0707963952f2fba59dd06f2b425ace40b492fe,261.682,,,,ATA,erc20,"{'value': '0x0e2f91388ca1c50000', 'address': '0xa2120b9e674d3fc3875f415a7df52e382f141225', 'decimal': '0x12'}",{'blockTimestamp': '2022-07-22T20:54:49.000Z'}
689,0xe7d888,0xae0b8030fc26593034130274f9cd6922155d7ead83cc549d0e00b6ef1b637f69:log:275,0xae0b8030fc26593034130274f9cd6922155d7ead83cc549d0e00b6ef1b637f69,0xdfd5293d8e347dfe59e90efd55b2956a1343963d,0xdbe1ac22a83f7c8b2127cf6de3a4e3c5ae85b4a1,275.688,,,,ATA,erc20,"{'value': '0x0ef1f08757a5e40000', 'address': '0xa2120b9e674d3fc3875f415a7df52e382f141225', 'decimal': '0x12'}",{'blockTimestamp': '2022-07-22T19:14:24.000Z'}
690,0xe7d875,0x0129a2ebe21717405967897d577c4e97068ac6eadcb65e4535f2bf956fc59172:log:214,0x0129a2ebe21717405967897d577c4e97068ac6eadcb65e4535f2bf956fc59172,0xc32551d700078808defbe115d1902a2380d4ed84,0x0d0707963952f2fba59dd06f2b425ace40b492fe,295.67299999999994,,,,ATA,erc20,"{'value': '0x10074982f512128000', 'address': '0xa2120b9e674d3fc3875f415a7df52e382f141225', 'decimal': '0x12'}",{'blockTimestamp': '2022-07-22T19:09:34.000Z'}
691,0xe7d5cf,0xd97f9fdd9d625b9a1f0c76099f75cf26c0b00cc5bc3f2346f9915b29517e1b8d:log:81,0xd97f9fdd9d625b9a1f0c76099f75cf26c0b00cc5bc3f2346f9915b29517e1b8d,0x7f0e219e0d414bf14c7add2b9e4c96f11c7bdc1e,0xcc20415717794aae2c6c54a3c18536d70b35736e,42.24535,,,,ATA,erc20,"{'value': '0x024a45a1ffe20c6000', 'address': '0xa2120b9e674d3fc3875f415a7df52e382f141225', 'decimal': '0x12'}",{'blockTimestamp': '2022-07-22T16:42:06.000Z'}
692,0xe7d4fd,0x89f27728ff11f920159cbd67bfc34e992bad87a0cdb34ee22da8cc8ee7715844:log:132,0x89f27728ff11f920159cbd67bfc34e992bad87a0cdb34ee22da8cc8ee7715844,0xf05e2a70346560d3228c7002194bb7c5dc8fe100,0x28c6c06298d514db089934071355e5743bf21d60,60045.0,,,,ATA,erc20,"{'value': '0x0cb70bc4d7f49a140000', 'address': '0xa2120b9e674d3fc3875f415a7df52e382f141225', 'decimal': '0x12'}",{'blockTimestamp': '2022-07-22T16:00:05.000Z'}
693,0xe7d4d4,0x84a2d57d33f0d734ae1cf0d472a66261be6fc3838916c055e07dc69a3f6df5b0:log:111,0x84a2d57d33f0d734ae1cf0d472a66261be6fc3838916c055e07dc69a3f6df5b0,0xf66346d823a95e1b75030bfed1c1a5e79f49d32a,0x7f0e219e0d414bf14c7add2b9e4c96f11c7bdc1e,42.24535,,,,ATA,erc20,"{'value': '0x024a45a1ffe20c6000', 'address': '0xa2120b9e674d3fc3875f415a7df52e382f141225', 'decimal': '0x12'}",{'blockTimestamp': '2022-07-22T15:51:45.000Z'}
694,0xe7d2ce,0xd71949eecf70e6e86bab96ec91bd12e16104d5fc1626dc367b6de5261fddc5c1:log:359,0xd71949eecf70e6e86bab96ec91bd12e16104d5fc1626dc367b6de5261fddc5c1,0x0d0707963952f2fba59dd06f2b425ace40b492fe,0xf05e2a70346560d3228c7002194bb7c5dc8fe100,60045.0,,,,ATA,erc20,"{'value': '0x0cb70bc4d7f49a140000', 'address': '0xa2120b9e674d3fc3875f415a7df52e382f141225', 'decimal': '0x12'}",{'blockTimestamp': '2022-07-22T14:01:09.000Z'}
695,0xe7d2a3,0x23fa65b4b9d16ed7f6ce0d12ba4d1ea8e5e20f72e58cb10c6294859276b7b1d8:log:95,0x23fa65b4b9d16ed7f6ce0d12ba4d1ea8e5e20f72e58cb10c6294859276b7b1d8,0xd6b38bea1b891c9064b1167fb68f8478f6829326,0x0d0707963952f2fba59dd06f2b425ace40b492fe,56530.0,,,,ATA,erc20,"{'value': '0x0bf87f58433940080000', 'address': '0xa2120b9e674d3fc3875f415a7df52e382f141225', 'decimal': '0x12'}",{'blockTimestamp': '2022-07-22T13:51:35.000Z'}
696,0xe7d166,0xc53b05b259098b501123c988bc9a83807750654aea55f92403c5204b54f8c5ff:log:220,0xc53b05b259098b501123c988bc9a83807750654aea55f92403c5204b54f8c5ff,0x28c6c06298d514db089934071355e5743bf21d60,0x21a31ee1afc51d94c2efccaa2092ad1028285549,1183933.7578866,,,,ATA,erc20,"{'value': '0xfab52d786ff9b9db5000', 'address': '0xa2120b9e674d3fc3875f415a7df52e382f141225', 'decimal': '0x12'}",{'blockTimestamp': '2022-07-22T12:40:23.000Z'}
697,0xe7d164,0xdeaf8eaa65412434d9e79260d692cd60a158d4a2c7ee8b757ae2abd2e36b5bab:log:137,0xdeaf8eaa65412434d9e79260d692cd60a158d4a2c7ee8b757ae2abd2e36b5bab,0xb638c9ed38621892c52611fac202aca483482c0d,0xb5d85cbf7cb3ee0d56b3bb207d5fc4b82f43f511,838894.0,,,,ATA,erc20,"{'value': '0xb1a488ecdd194ef80000', 'address': '0xa2120b9e674d3fc3875f415a7df52e382f141225', 'decimal': '0x12'}",{'blockTimestamp': '2022-07-22T12:40:15.000Z'}
698,0xe7d136,0x9ec93529730ae5d9c0f0924fbed05495badfb09a622c176e6ddfd113ebc96992:log:186,0x9ec93529730ae5d9c0f0924fbed05495badfb09a622c176e6ddfd113ebc96992,0xaad60b6615b9eb13a9b0212af7b298f26dd74e7f,0x28c6c06298d514db089934071355e5743bf21d60,25080.000000000004,,,,ATA,erc20,"{'value': '0x054f96eb10770ce00000', 'address': '0xa2120b9e674d3fc3875f415a7df52e382f141225', 'decimal': '0x12'}",{'blockTimestamp': '2022-07-22T12:30:26.000Z'}
699,0xe7d128,0x4e436427d8bf2f458d57059d252233892d8a04c914d2feae8e6afa179dc1f6bd:log:205,0x4e436427d8bf2f458d57059d252233892d8a04c914d2feae8e6afa179dc1f6bd,0x21a31ee1afc51d94c2efccaa2092ad1028285549,0xb638c9ed38621892c52611fac202aca483482c0d,838894.0,,,,ATA,erc20,"{'value': '0xb1a488ecdd194ef80000', 'address': '0xa2120b9e674d3fc3875f415a7df52e382f141225', 'decimal': '0x12'}",{'blockTimestamp': '2022-07-22T12:27:14.000Z'}
700,0xe7d0ab,0xb68d0be257bf91253d7f8b8186c93ad7fd44510509c0bbbccf8a514c68a9112a:log:498,0xb68d0be257bf91253d7f8b8186c93ad7fd44510509c0bbbccf8a514c68a9112a,0x3c02290922a3618a4646e3bbca65853ea45fe7c6,0xaad60b6615b9eb13a9b0212af7b298f26dd74e7f,25080.000000000004,,,,ATA,erc20,"{'value': '0x054f96eb10770ce00000', 'address': '0xa2120b9e674d3fc3875f415a7df52e382f141225', 'decimal': '0x12'}",{'blockTimestamp': '2022-07-22T11:59:35.000Z'}
701,0xe7cf74,0xe3586c8d23769dd52361844f593fac83baf8ec2a8eed580d5b3644889dfd98ef:log:77,0xe3586c8d23769dd52361844f593fac83baf8ec2a8eed580d5b3644889dfd98ef,0xb5d85cbf7cb3ee0d56b3bb207d5fc4b82f43f511,0x061617d417975685643f6cb5a4d53cded6abfd5b,27.496617049999998,,,,ATA,erc20,"{'value': '0x017d979b860e330400', 'address': '0xa2120b9e674d3fc3875f415a7df52e382f141225', 'decimal': '0x12'}",{'blockTimestamp': '2022-07-22T10:51:59.000Z'}
702,0xe7ce8b,0x1a140bf3ef64f2e2091b2ed3d94ce6b4e497eb20b38492c421ae4cc807fc4458:log:218,0x1a140bf3ef64f2e2091b2ed3d94ce6b4e497eb20b38492c421ae4cc807fc4458,0xf05e2a70346560d3228c7002194bb7c5dc8fe100,0x28c6c06298d514db089934071355e5743bf21d60,39416.0,,,,ATA,erc20,"{'value': '0x0858bee25d14ece00000', 'address': '0xa2120b9e674d3fc3875f415a7df52e382f141225', 'decimal': '0x12'}",{'blockTimestamp': '2022-07-22T10:00:26.000Z'}
703,0xe7cd9b,0x78daed5bda27ec6fa8b5ad5bdd5a5e404fcba0b83db060f80813e114265f9ce2:log:415,0x78daed5bda27ec6fa8b5ad5bdd5a5e404fcba0b83db060f80813e114265f9ce2,0xf16e9b0d03470827a95cdfd0cb8a8a3b46969b91,0xf05e2a70346560d3228c7002194bb7c5dc8fe100,39416.0,,,,ATA,erc20,"{'value': '0x0858bee25d14ece00000', 'address': '0xa2120b9e674d3fc3875f415a7df52e382f141225', 'decimal': '0x12'}",{'blockTimestamp': '2022-07-22T09:08:51.000Z'}
704,0xe7cb3b,0x12b58a948c1099a79386d03023d71ebb54ad0b41c11de7e20722d6dfc542c7ed:log:214,0x12b58a948c1099a79386d03023d71ebb54ad0b41c11de7e20722d6dfc542c7ed,0x74de5d4fcbf63e00296fd95d33236b9794016631,0xf66346d823a95e1b75030bfed1c1a5e79f49d32a,42.24535918794636,,,,ATA,erc20,"{'value': '0x024a45aa5b1e53e3e0', 'address': '0xa2120b9e674d3fc3875f415a7df52e382f141225', 'decimal': '0x12'}",{'blockTimestamp': '2022-07-22T06:43:59.000Z'}
705,0xe7cb3b,0x12b58a948c1099a79386d03023d71ebb54ad0b41c11de7e20722d6dfc542c7ed:log:211,0x12b58a948c1099a79386d03023d71ebb54ad0b41c11de7e20722d6dfc542c7ed,0x5654d65578cda52791879751141f2f3d7dc27fe4,0x74de5d4fcbf63e00296fd95d33236b9794016631,42.24535918794636,,,,ATA,erc20,"{'value': '0x024a45aa5b1e53e3e0', 'address': '0xa2120b9e674d3fc3875f415a7df52e382f141225', 'decimal': '0x12'}",{'blockTimestamp': '2022-07-22T06:43:59.000Z'}
706,0xe7c584,0xc1d9fdfa4b961a49e4ee0404f64d26be01db7f35929b04bd50a4af3341095814:log:653,0xc1d9fdfa4b961a49e4ee0404f64d26be01db7f35929b04bd50a4af3341095814,0x733c5570597e609c796399333f0a176e444386ee,0x738cf6903e6c4e699d1c2dd9ab8b67fcdb3121ea,49882.0,,,,ATA,erc20,"{'value': '0x0a901bcfb9d653280000', 'address': '0xa2120b9e674d3fc3875f415a7df52e382f141225', 'decimal': '0x12'}",{'blockTimestamp': '2022-07-22T01:06:31.000Z'}
707,0xe7c56f,0xf8b8e67824e9af7c84b5e05b98008fba980f6eecbe991af47e650ac44f83db52:log:586,0xf8b8e67824e9af7c84b5e05b98008fba980f6eecbe991af47e650ac44f83db52,0xf05e2a70346560d3228c7002194bb7c5dc8fe100,0x28c6c06298d514db089934071355e5743bf21d60,102287.0,,,,ATA,erc20,"{'value': '0x15a8fd48103f5cdc0000', 'address': '0xa2120b9e674d3fc3875f415a7df52e382f141225', 'decimal': '0x12'}",{'blockTimestamp': '2022-07-22T01:00:32.000Z'}
708,0xe7c557,0x7bbb3edf77743b44448da19f86b44106d553c5ca17356e2c342d8b31adc21179:log:75,0x7bbb3edf77743b44448da19f86b44106d553c5ca17356e2c342d8b31adc21179,0x28c6c06298d514db089934071355e5743bf21d60,0x733c5570597e609c796399333f0a176e444386ee,49882.0,,,,ATA,erc20,"{'value': '0x0a901bcfb9d653280000', 'address': '0xa2120b9e674d3fc3875f415a7df52e382f141225', 'decimal': '0x12'}",{'blockTimestamp': '2022-07-22T00:54:50.000Z'}
709,0xe7c35f,0xb727632bc349ff0662bb2e87cdccd2d4b41fac713505ceab490a18a27b96a634:log:453,0xb727632bc349ff0662bb2e87cdccd2d4b41fac713505ceab490a18a27b96a634,0xf16e9b0d03470827a95cdfd0cb8a8a3b46969b91,0xf05e2a70346560d3228c7002194bb7c5dc8fe100,102287.0,,,,ATA,erc20,"{'value': '0x15a8fd48103f5cdc0000', 'address': '0xa2120b9e674d3fc3875f415a7df52e382f141225', 'decimal': '0x12'}",{'blockTimestamp': '2022-07-21T23:03:25.000Z'}
710,0xe7b1fe,0x5b0af8a73bf26d51cdeafe8ec70f62ce5d0c11f282ce116be3870c9ef2c5f0e0:log:268,0x5b0af8a73bf26d51cdeafe8ec70f62ce5d0c11f282ce116be3870c9ef2c5f0e0,0xb5d85cbf7cb3ee0d56b3bb207d5fc4b82f43f511,0xd65c85abaec3ead734d2e34e58b5a48e1e45f03f,617.8,,,,ATA,erc20,"{'value': '0x217db282c15c540000', 'address': '0xa2120b9e674d3fc3875f415a7df52e382f141225', 'decimal': '0x12'}",{'blockTimestamp': '2022-07-21T06:42:06.000Z'}
711,0xe7af14,0xef726e1d78a1cdc7be18b5fdbcefa10829b82223dc15417529ec0acdc1684141:log:181,0xef726e1d78a1cdc7be18b5fdbcefa10829b82223dc15417529ec0acdc1684141,0xd8f7c8c89efe493740fbe2d5cbc0671112c884fd,0x3c02290922a3618a4646e3bbca65853ea45fe7c6,30227.0,,,,ATA,erc20,"{'value': '0x06669be45e7d846c0000', 'address': '0xa2120b9e674d3fc3875f415a7df52e382f141225', 'decimal': '0x12'}",{'blockTimestamp': '2022-07-21T03:51:14.000Z'}
712,0xe7ae6c,0x4bc093f921edd0e390dbf66d21fa14ea707061374633269c6ad16eaf3b918d14:log:38,0x4bc093f921edd0e390dbf66d21fa14ea707061374633269c6ad16eaf3b918d14,0xdfd5293d8e347dfe59e90efd55b2956a1343963d,0xd8f7c8c89efe493740fbe2d5cbc0671112c884fd,30227.0,,,,ATA,erc20,"{'value': '0x06669be45e7d846c0000', 'address': '0xa2120b9e674d3fc3875f415a7df52e382f141225', 'decimal': '0x12'}",{'blockTimestamp': '2022-07-21T03:14:27.000Z'}
713,0xe7ab8d,0x37316ee23efcf104258eb8c15a852845c42a95b72c621c25f6e9b30235f6de38:log:256,0x37316ee23efcf104258eb8c15a852845c42a95b72c621c25f6e9b30235f6de38,0xb5d85cbf7cb3ee0d56b3bb207d5fc4b82f43f511,0x697eecb6f6f310464e205ae9c08c9a3aaf0f113f,1102.3899916,,,,ATA,erc20,"{'value': '0x3bc2bc00a5cfdae000', 'address': '0xa2120b9e674d3fc3875f415a7df52e382f141225', 'decimal': '0x12'}",{'blockTimestamp': '2022-07-21T00:25:07.000Z'}
714,0xe7a7d7,0x46f4ff2cdd3f233a4a14691d5c9b83492ecb9f8b2361876b2367ce5b5a9c23ba:log:250,0x46f4ff2cdd3f233a4a14691d5c9b83492ecb9f8b2361876b2367ce5b5a9c23ba,0xf05e2a70346560d3228c7002194bb7c5dc8fe100,0x28c6c06298d514db089934071355e5743bf21d60,35306.0,,,,ATA,erc20,"{'value': '0x0779f12d24cb85680000', 'address': '0xa2120b9e674d3fc3875f415a7df52e382f141225', 'decimal': '0x12'}",{'blockTimestamp': '2022-07-20T21:00:12.000Z'}
715,0xe7a73a,0x3ac49fa1a02811ba8282ded0523c4746fbaa5c782ede10502f4b754a1f47c9d6:log:360,0x3ac49fa1a02811ba8282ded0523c4746fbaa5c782ede10502f4b754a1f47c9d6,0x0d0707963952f2fba59dd06f2b425ace40b492fe,0xf05e2a70346560d3228c7002194bb7c5dc8fe100,35306.0,,,,ATA,erc20,"{'value': '0x0779f12d24cb85680000', 'address': '0xa2120b9e674d3fc3875f415a7df52e382f141225', 'decimal': '0x12'}",{'blockTimestamp': '2022-07-20T20:26:31.000Z'}
716,0xe7a5a6,0x447aaeeccf477d6fbeb844c1d00514c36f70b2b8a1cda31ebf694a4a0115ded2:log:404,0x447aaeeccf477d6fbeb844c1d00514c36f70b2b8a1cda31ebf694a4a0115ded2,0xb5d85cbf7cb3ee0d56b3bb207d5fc4b82f43f511,0xdf81d11a98f525b09cba55e00bbd4e87b7169d77,5.69962952,,,,ATA,erc20,"{'value': '0x4f1926d9baee2000', 'address': '0xa2120b9e674d3fc3875f415a7df52e382f141225', 'decimal': '0x12'}",{'blockTimestamp': '2022-07-20T18:59:10.000Z'}
717,0xe7a546,0xec40b38d76299dfdbb2f78662a9f25d70e80618cf7f11bb8ded2efea07c02cb6:log:241,0xec40b38d76299dfdbb2f78662a9f25d70e80618cf7f11bb8ded2efea07c02cb6,0xf05e2a70346560d3228c7002194bb7c5dc8fe100,0x28c6c06298d514db089934071355e5743bf21d60,36405.0,,,,ATA,erc20,"{'value': '0x07b584dd7a0b1fb40000', 'address': '0xa2120b9e674d3fc3875f415a7df52e382f141225', 'decimal': '0x12'}",{'blockTimestamp': '2022-07-20T18:35:23.000Z'}
718,0xe7a4b3,0xf8a623cd5519e70b0dc812ff6c1c5ad3dd66e2b19a895639fee8b4ac386b2367:log:474,0xf8a623cd5519e70b0dc812ff6c1c5ad3dd66e2b19a895639fee8b4ac386b2367,0xd29a4f83f0bb116cdcd73ec8951ee03788ee6691,0xb5d85cbf7cb3ee0d56b3bb207d5fc4b82f43f511,1649.9364189799999,,,,ATA,erc20,"{'value': '0x597177af5312f96800', 'address': '0xa2120b9e674d3fc3875f415a7df52e382f141225', 'decimal': '0x12'}",{'blockTimestamp': '2022-07-20T17:59:37.000Z'}
719,0xe7a492,0xad12900db7f5decb3838aa956181cf244cb321119d63c5468f30a578b8b7b883:log:330,0xad12900db7f5decb3838aa956181cf244cb321119d63c5468f30a578b8b7b883,0xc7d1eb233974b077009f685882be741436d7a755,0xd29a4f83f0bb116cdcd73ec8951ee03788ee6691,1649.9364189799999,,,,ATA,erc20,"{'value': '0x597177af5312f96800', 'address': '0xa2120b9e674d3fc3875f415a7df52e382f141225', 'decimal': '0x12'}",{'blockTimestamp': '2022-07-20T17:50:14.000Z'}
720,0xe7a48d,0x347bf26239c65136c689b907eeb2ab253a781ad58f1d166bd81b695a7ae354cc:log:449,0x347bf26239c65136c689b907eeb2ab253a781ad58f1d166bd81b695a7ae354cc,0xf16e9b0d03470827a95cdfd0cb8a8a3b46969b91,0xf05e2a70346560d3228c7002194bb7c5dc8fe100,36405.0,,,,ATA,erc20,"{'value': '0x07b584dd7a0b1fb40000', 'address': '0xa2120b9e674d3fc3875f415a7df52e382f141225', 'decimal': '0x12'}",{'blockTimestamp': '2022-07-20T17:49:14.000Z'}
721,0xe7a432,0x57c76f40094f3a9b4ac7a9b54cf51d98d00ea9f3ea33922f7c34923709b2ffd5:log:125,0x57c76f40094f3a9b4ac7a9b54cf51d98d00ea9f3ea33922f7c34923709b2ffd5,0xf16e9b0d03470827a95cdfd0cb8a8a3b46969b91,0x48c04ed5691981c42154c6167398f95e8f38a7ff,150.0,,,,ATA,erc20,"{'value': '0x0821ab0d4414980000', 'address': '0xa2120b9e674d3fc3875f415a7df52e382f141225', 'decimal': '0x12'}",{'blockTimestamp': '2022-07-20T17:31:11.000Z'}
722,0xe7a412,0x65bee6ff5fee8331dfffb7f66635c427d7c76e4525efcf4c06e5a46d7f419f24:log:111,0x65bee6ff5fee8331dfffb7f66635c427d7c76e4525efcf4c06e5a46d7f419f24,0x48c04ed5691981c42154c6167398f95e8f38a7ff,0x41e457717052a9f80fb2a5a06caccda18469fb17,300.0,,,,ATA,erc20,"{'value': '0x1043561a8829300000', 'address': '0xa2120b9e674d3fc3875f415a7df52e382f141225', 'decimal': '0x12'}",{'blockTimestamp': '2022-07-20T17:22:57.000Z'}
723,0xe7a2eb,0xdfad09e4a8de347b5d6a70fb6a66d6991057eb82c8607d15c1fe3fb22be0ed3a:log:233,0xdfad09e4a8de347b5d6a70fb6a66d6991057eb82c8607d15c1fe3fb22be0ed3a,0x733c5570597e609c796399333f0a176e444386ee,0x738cf6903e6c4e699d1c2dd9ab8b67fcdb3121ea,38476.0,,,,ATA,erc20,"{'value': '0x0825c9c3816a49b00000', 'address': '0xa2120b9e674d3fc3875f415a7df52e382f141225', 'decimal': '0x12'}",{'blockTimestamp': '2022-07-20T16:14:18.000Z'}
724,0xe7a203,0x53416e1dec151cd7bb32cf75d306a096e3b6c8b1178ae15181b4d420ea5dfbe6:log:167,0x53416e1dec151cd7bb32cf75d306a096e3b6c8b1178ae15181b4d420ea5dfbe6,0x21a31ee1afc51d94c2efccaa2092ad1028285549,0x733c5570597e609c796399333f0a176e444386ee,38476.0,,,,ATA,erc20,"{'value': '0x0825c9c3816a49b00000', 'address': '0xa2120b9e674d3fc3875f415a7df52e382f141225', 'decimal': '0x12'}",{'blockTimestamp': '2022-07-20T15:27:25.000Z'}
725,0xe79a38,0x788fb2c99dd3763c5f4a13c2529c6117ca013d78d0d12001ed5806be2c127068:log:484,0x788fb2c99dd3763c5f4a13c2529c6117ca013d78d0d12001ed5806be2c127068,0x28c6c06298d514db089934071355e5743bf21d60,0xd6b38bea1b891c9064b1167fb68f8478f6829326,56530.0,,,,ATA,erc20,"{'value': '0x0bf87f58433940080000', 'address': '0xa2120b9e674d3fc3875f415a7df52e382f141225', 'decimal': '0x12'}",{'blockTimestamp': '2022-07-20T07:57:01.000Z'}
726,0xe798c1,0x706dbe1d8d1fd0c447c7e1a8b8b6bd825c177023aedbe93aa11ca146c117f6d2:log:267,0x706dbe1d8d1fd0c447c7e1a8b8b6bd825c177023aedbe93aa11ca146c117f6d2,0x1a8f10c7f36723bd4ad1ceb6cba78a4426a10da4,0x28c6c06298d514db089934071355e5743bf21d60,17692.004228354108,,,,ATA,erc20,"{'value': '0x03bf15e16d6eab89790d', 'address': '0xa2120b9e674d3fc3875f415a7df52e382f141225', 'decimal': '0x12'}",{'blockTimestamp': '2022-07-20T06:30:15.000Z'}
727,0xe79886,0xb8cb364cc75cedbdd26259332fd92a97dc536e528b10cc3b1206c484714da020:log:470,0xb8cb364cc75cedbdd26259332fd92a97dc536e528b10cc3b1206c484714da020,0x511dbe9e6b7ede607f47d00a681bd5c7a6d397a1,0x1a8f10c7f36723bd4ad1ceb6cba78a4426a10da4,17692.004228354108,,,,ATA,erc20,"{'value': '0x03bf15e16d6eab89790d', 'address': '0xa2120b9e674d3fc3875f415a7df52e382f141225', 'decimal': '0x12'}",{'blockTimestamp': '2022-07-20T06:15:22.000Z'}
728,0xe79862,0xe95fdf650bdd6944bfdc6e2939bac4b931426b117825007013ba1f27c9a160f8:log:39,0xe95fdf650bdd6944bfdc6e2939bac4b931426b117825007013ba1f27c9a160f8,0x40ec5b33f54e0e8a33a975908c5ba1c14e5bbbdf,0x511dbe9e6b7ede607f47d00a681bd5c7a6d397a1,17692.004228354108,,,,ATA,erc20,"{'value': '0x03bf15e16d6eab89790d', 'address': '0xa2120b9e674d3fc3875f415a7df52e382f141225', 'decimal': '0x12'}",{'blockTimestamp': '2022-07-20T06:07:47.000Z'}
729,0xe7970d,0xe588e6da633569a183c1cc3bbdead98ad6a3d5d850e0acbc5dd0be5af9acdc51:log:334,0xe588e6da633569a183c1cc3bbdead98ad6a3d5d850e0acbc5dd0be5af9acdc51,0x34b6d0acf7a5db1cb714d04faba02306e8cfdf4a,0x1fe970be3e34ba07e29575b0dd61edb537ff849a,4000.0,,,,ATA,erc20,"{'value': '0xd8d726b7177a800000', 'address': '0xa2120b9e674d3fc3875f415a7df52e382f141225', 'decimal': '0x12'}",{'blockTimestamp': '2022-07-20T04:51:43.000Z'}
730,0xe796b0,0x2095be7fdc2672fe187560242ea9538ceba4366cbb274d0e24b71d5ff5ceacf0:log:494,0x2095be7fdc2672fe187560242ea9538ceba4366cbb274d0e24b71d5ff5ceacf0,0x34b6d0acf7a5db1cb714d04faba02306e8cfdf4a,0x1fe970be3e34ba07e29575b0dd61edb537ff849a,7000.0,,,,ATA,erc20,"{'value': '0x017b7883c06916600000', 'address': '0xa2120b9e674d3fc3875f415a7df52e382f141225', 'decimal': '0x12'}",{'blockTimestamp': '2022-07-20T04:28:29.000Z'}
731,0xe79689,0xfa710ef77380c0c29097e66466e5fd812306148464783c402c412bf32d3d7d66:log:559,0xfa710ef77380c0c29097e66466e5fd812306148464783c402c412bf32d3d7d66,0x34b6d0acf7a5db1cb714d04faba02306e8cfdf4a,0x1fe970be3e34ba07e29575b0dd61edb537ff849a,3000.0,,,,ATA,erc20,"{'value': '0xa2a15d09519be00000', 'address': '0xa2120b9e674d3fc3875f415a7df52e382f141225', 'decimal': '0x12'}",{'blockTimestamp': '2022-07-20T04:20:20.000Z'}
732,0xe79682,0x9e487164c3edd5dc6362546b4b2f378adac5006c3f795646f4a760eb6e5a6c89:log:279,0x9e487164c3edd5dc6362546b4b2f378adac5006c3f795646f4a760eb6e5a6c89,0x34b6d0acf7a5db1cb714d04faba02306e8cfdf4a,0x1fe970be3e34ba07e29575b0dd61edb537ff849a,3000.0,,,,ATA,erc20,"{'value': '0xa2a15d09519be00000', 'address': '0xa2120b9e674d3fc3875f415a7df52e382f141225', 'decimal': '0x12'}",{'blockTimestamp': '2022-07-20T04:18:06.000Z'}
733,0xe794a3,0x1fe64912bdabf07d2f926cd61297ce7ab70c5582805cc61a84d67f42a67d9655:log:353,0x1fe64912bdabf07d2f926cd61297ce7ab70c5582805cc61a84d67f42a67d9655,0xf05e2a70346560d3228c7002194bb7c5dc8fe100,0x28c6c06298d514db089934071355e5743bf21d60,87341.0,,,,ATA,erc20,"{'value': '0x127ec3dd6b8ca0940000', 'address': '0xa2120b9e674d3fc3875f415a7df52e382f141225', 'decimal': '0x12'}",{'blockTimestamp': '2022-07-20T02:29:56.000Z'}
734,0xe79435,0xe73a8bf0561b6c59cfd298b578f068d3f2d4cb91c6e6402f0499571e23177fdb:log:76,0xe73a8bf0561b6c59cfd298b578f068d3f2d4cb91c6e6402f0499571e23177fdb,0x0d0707963952f2fba59dd06f2b425ace40b492fe,0xf05e2a70346560d3228c7002194bb7c5dc8fe100,87341.0,,,,ATA,erc20,"{'value': '0x127ec3dd6b8ca0940000', 'address': '0xa2120b9e674d3fc3875f415a7df52e382f141225', 'decimal': '0x12'}",{'blockTimestamp': '2022-07-20T02:07:29.000Z'}
735,0xe79403,0x9ad78b44ff684f4b0cc7ff7021caed52b26c2a73d497c19ad003e5b0eee88424:log:51,0x9ad78b44ff684f4b0cc7ff7021caed52b26c2a73d497c19ad003e5b0eee88424,0x29543e71a9930f72a910e69ecc8491289ab5903d,0x0d0707963952f2fba59dd06f2b425ace40b492fe,518.438,,,,ATA,erc20,"{'value': '0x1c1ac5c6329ff70000', 'address': '0xa2120b9e674d3fc3875f415a7df52e382f141225', 'decimal': '0x12'}",{'blockTimestamp': '2022-07-20T01:56:54.000Z'}
736,0xe79403,0x12abe2f4d5de0492404ea707c8780bc963faa2ccb9d7a12b4cd0ec2dd7ea63b2:log:50,0x12abe2f4d5de0492404ea707c8780bc963faa2ccb9d7a12b4cd0ec2dd7ea63b2,0x376c3baf58f2bfee238a3053e15b9de2be7f460b,0x0d0707963952f2fba59dd06f2b425ace40b492fe,539.442,,,,ATA,erc20,"{'value': '0x1d3e42f8e9ee450000', 'address': '0xa2120b9e674d3fc3875f415a7df52e382f141225', 'decimal': '0x12'}",{'blockTimestamp': '2022-07-20T01:56:54.000Z'}
737,0xe79403,0x565e04de59ad615bd85cb2be431e44865fd377be940ea751d433faa6331033a9:log:49,0x565e04de59ad615bd85cb2be431e44865fd377be940ea751d433faa6331033a9,0x479cd4c24c567cd18520f0d087acfa5f89fe6c89,0x0d0707963952f2fba59dd06f2b425ace40b492fe,600.0,,,,ATA,erc20,"{'value': '0x2086ac351052600000', 'address': '0xa2120b9e674d3fc3875f415a7df52e382f141225', 'decimal': '0x12'}",{'blockTimestamp': '2022-07-20T01:56:54.000Z'}
738,0xe79402,0x658c61804b7f6fd8fa8f80f1170cd076fb6009e0e052db0a24f3416b3ab5a059:log:147,0x658c61804b7f6fd8fa8f80f1170cd076fb6009e0e052db0a24f3416b3ab5a059,0x7d27ea5def7c769622f4b886224cb4e3c3c8e797,0x0d0707963952f2fba59dd06f2b425ace40b492fe,546.4390000000001,,,,ATA,erc20,"{'value': '0x1d9f5d4f5793ad8000', 'address': '0xa2120b9e674d3fc3875f415a7df52e382f141225', 'decimal': '0x12'}",{'blockTimestamp': '2022-07-20T01:56:42.000Z'}
739,0xe79402,0x5a11470ea9dd002017e52319f6d92de5681245590887b63afa4e2e9d9d2c4e07:log:145,0x5a11470ea9dd002017e52319f6d92de5681245590887b63afa4e2e9d9d2c4e07,0x0b53f33667142cffb1449901a308a1af90412909,0x0d0707963952f2fba59dd06f2b425ace40b492fe,659.3100000000001,,,,ATA,erc20,"{'value': '0x23bdc3a7d36ecb0000', 'address': '0xa2120b9e674d3fc3875f415a7df52e382f141225', 'decimal': '0x12'}",{'blockTimestamp': '2022-07-20T01:56:42.000Z'}
740,0xe79402,0xa860bdfcc6b0893a6e196661d03f9e1196af543aa14db64ad9194791e452d4a3:log:144,0xa860bdfcc6b0893a6e196661d03f9e1196af543aa14db64ad9194791e452d4a3,0xd6b38bea1b891c9064b1167fb68f8478f6829326,0x0d0707963952f2fba59dd06f2b425ace40b492fe,72397.0,,,,ATA,erc20,"{'value': '0x0f54a634344133140000', 'address': '0xa2120b9e674d3fc3875f415a7df52e382f141225', 'decimal': '0x12'}",{'blockTimestamp': '2022-07-20T01:56:42.000Z'}
741,0xe79402,0xa1521d6f7d03f86021bf278fac73b5e9198b1567a048ab09ba48affdd396b0d0:log:143,0xa1521d6f7d03f86021bf278fac73b5e9198b1567a048ab09ba48affdd396b0d0,0xcf330d76b17dc536c8605522a2436fcd9ea183a9,0x0d0707963952f2fba59dd06f2b425ace40b492fe,1060.0,,,,ATA,erc20,"{'value': '0x3976747fe11a100000', 'address': '0xa2120b9e674d3fc3875f415a7df52e382f141225', 'decimal': '0x12'}",{'blockTimestamp': '2022-07-20T01:56:42.000Z'}
742,0xe79402,0x09cd46850fce9e193f2d8814bef138b578cabaaba5e5e120e1a5d93e2b064836:log:140,0x09cd46850fce9e193f2d8814bef138b578cabaaba5e5e120e1a5d93e2b064836,0xce5f4ea211058fc7a1f3738d9b34489e18d89718,0x0d0707963952f2fba59dd06f2b425ace40b492fe,1484.9260000000002,,,,ATA,erc20,"{'value': '0x507f7ce9865db30000', 'address': '0xa2120b9e674d3fc3875f415a7df52e382f141225', 'decimal': '0x12'}",{'blockTimestamp': '2022-07-20T01:56:42.000Z'}
743,0xe79402,0xdd907f9f0d0598eb7f12ea582553540bca169b6a774acaf97f5a259c2b1f8d1a:log:138,0xdd907f9f0d0598eb7f12ea582553540bca169b6a774acaf97f5a259c2b1f8d1a,0x231988bb2e3abc0222d3abd2cad57796e73a98ec,0x0d0707963952f2fba59dd06f2b425ace40b492fe,1382.0890000000002,,,,ATA,erc20,"{'value': '0x4aec567ee0eeda8000', 'address': '0xa2120b9e674d3fc3875f415a7df52e382f141225', 'decimal': '0x12'}",{'blockTimestamp': '2022-07-20T01:56:42.000Z'}
744,0xe79402,0xa361cc0242efb9b2bfdc9ad8f82dc4f00ade3c5a92955141bec2f123c6f24664:log:137,0xa361cc0242efb9b2bfdc9ad8f82dc4f00ade3c5a92955141bec2f123c6f24664,0x322bae5a697f3a8e11f0428f1b2c44eb5451a42e,0x0d0707963952f2fba59dd06f2b425ace40b492fe,1104.242,,,,ATA,erc20,"{'value': '0x3bdc6fa879a2e50000', 'address': '0xa2120b9e674d3fc3875f415a7df52e382f141225', 'decimal': '0x12'}",{'blockTimestamp': '2022-07-20T01:56:42.000Z'}
745,0xe78b12,0xba6518ee9f7974b7dd66cc278b604954c146e50b92cfa408de49205da638b6f2:log:385,0xba6518ee9f7974b7dd66cc278b604954c146e50b92cfa408de49205da638b6f2,0xf05e2a70346560d3228c7002194bb7c5dc8fe100,0x28c6c06298d514db089934071355e5743bf21d60,43479.0,,,,ATA,erc20,"{'value': '0x093500560a6298fc0000', 'address': '0xa2120b9e674d3fc3875f415a7df52e382f141225', 'decimal': '0x12'}",{'blockTimestamp': '2022-07-19T17:30:04.000Z'}
746,0xe7866a,0x1b51686a92370d61b54c5dfd1ba59b005434ffe146fada840d5d014e2c45191a:log:179,0x1b51686a92370d61b54c5dfd1ba59b005434ffe146fada840d5d014e2c45191a,0x0d0707963952f2fba59dd06f2b425ace40b492fe,0xf05e2a70346560d3228c7002194bb7c5dc8fe100,43479.0,,,,ATA,erc20,"{'value': '0x093500560a6298fc0000', 'address': '0xa2120b9e674d3fc3875f415a7df52e382f141225', 'decimal': '0x12'}",{'blockTimestamp': '2022-07-19T13:04:10.000Z'}
747,0xe77fd4,0xcdf8b3989bd710a804ce1e59917ece76483fc6d46afa7459e46b7e06b99cbd5b:log:104,0xcdf8b3989bd710a804ce1e59917ece76483fc6d46afa7459e46b7e06b99cbd5b,0x21a31ee1afc51d94c2efccaa2092ad1028285549,0xd6b38bea1b891c9064b1167fb68f8478f6829326,53139.0,,,,ATA,erc20,"{'value': '0x0b40abc42d82fa6c0000', 'address': '0xa2120b9e674d3fc3875f415a7df52e382f141225', 'decimal': '0x12'}",{'blockTimestamp': '2022-07-19T06:49:18.000Z'}
748,0xe77eca,0x6d5e392c22dfbd8d5ad644b1601ce251cd9a9208d9900b116896639b812947af:log:210,0x6d5e392c22dfbd8d5ad644b1601ce251cd9a9208d9900b116896639b812947af,0xb5d85cbf7cb3ee0d56b3bb207d5fc4b82f43f511,0xc7d1eb233974b077009f685882be741436d7a755,1649.9364189799999,,,,ATA,erc20,"{'value': '0x597177af5312f96800', 'address': '0xa2120b9e674d3fc3875f415a7df52e382f141225', 'decimal': '0x12'}",{'blockTimestamp': '2022-07-19T05:51:08.000Z'}
749,0xe77bde,0xe932a0623331915a1508ce5bf2a543d98cc891502f9ec3a4508310ffe40e0707:log:132,0xe932a0623331915a1508ce5bf2a543d98cc891502f9ec3a4508310ffe40e0707,0x7ecccabb5e4ff4537f70b0a5018e8c0cfd53fff4,0x28c6c06298d514db089934071355e5743bf21d60,199240.20347658,,,,ATA,erc20,"{'value': '0x2a30d544421c1322e800', 'address': '0xa2120b9e674d3fc3875f415a7df52e382f141225', 'decimal': '0x12'}",{'blockTimestamp': '2022-07-19T03:00:47.000Z'}
750,0xe779eb,0x304c39ac4cae73cc392bc6e31a77cbe0899e8065f818c9f8c679b4a9588d2ae3:log:21,0x304c39ac4cae73cc392bc6e31a77cbe0899e8065f818c9f8c679b4a9588d2ae3,0xb5d85cbf7cb3ee0d56b3bb207d5fc4b82f43f511,0x3f05c87a9229e69b8c356240e5b7cedc92bdd220,163.43855650999998,,,,ATA,erc20,"{'value': '0x08dc2a653615282c00', 'address': '0xa2120b9e674d3fc3875f415a7df52e382f141225', 'decimal': '0x12'}",{'blockTimestamp': '2022-07-19T01:14:39.000Z'}
751,0xe77609,0x7ab840289af12516cf613bef6af2ddaed38d116cccd10dcc5356045608ffc25c:log:146,0x7ab840289af12516cf613bef6af2ddaed38d116cccd10dcc5356045608ffc25c,0xb5d85cbf7cb3ee0d56b3bb207d5fc4b82f43f511,0x7ecccabb5e4ff4537f70b0a5018e8c0cfd53fff4,99900.73489127,,,,ATA,erc20,"{'value': '0x1527a1335ed4fc52bc00', 'address': '0xa2120b9e674d3fc3875f415a7df52e382f141225', 'decimal': '0x12'}",{'blockTimestamp': '2022-07-18T21:28:55.000Z'}
752,0xe7740e,0xefbb5ee0d2a8f789b30ffb97be107beaad1a334b9741af9b6679164881c78baa:log:590,0xefbb5ee0d2a8f789b30ffb97be107beaad1a334b9741af9b6679164881c78baa,0xf05e2a70346560d3228c7002194bb7c5dc8fe100,0x28c6c06298d514db089934071355e5743bf21d60,64535.0,,,,ATA,erc20,"{'value': '0x0daa730942ea79fc0000', 'address': '0xa2120b9e674d3fc3875f415a7df52e382f141225', 'decimal': '0x12'}",{'blockTimestamp': '2022-07-18T19:31:03.000Z'}
753,0xe7731e,0x4b553cf92fcbf6cf385cc4ae57dec4da2584d091363e075d155fa8f4809792aa:log:491,0x4b553cf92fcbf6cf385cc4ae57dec4da2584d091363e075d155fa8f4809792aa,0xb5d85cbf7cb3ee0d56b3bb207d5fc4b82f43f511,0x7ecccabb5e4ff4537f70b0a5018e8c0cfd53fff4,99339.46858531001,,,,ATA,erc20,"{'value': '0x15093410e34716d02c00', 'address': '0xa2120b9e674d3fc3875f415a7df52e382f141225', 'decimal': '0x12'}",{'blockTimestamp': '2022-07-18T18:34:48.000Z'}
754,0xe7690c,0x408bb79db6a98fa4c4ca0ca0c88ad65bd45887376d24a18d6fa8915213e413c1:log:102,0x408bb79db6a98fa4c4ca0ca0c88ad65bd45887376d24a18d6fa8915213e413c1,0xf777eaa30e577e245e52a58c03599d65f5ef0072,0xac566b8626d0b7e2f66c851095f3beab624e39e5,5260.406102530001,,,,ATA,erc20,"{'value': '0x011d2accb76ccdb99400', 'address': '0xa2120b9e674d3fc3875f415a7df52e382f141225', 'decimal': '0x12'}",{'blockTimestamp': '2022-07-18T09:00:34.000Z'}
755,0xe76808,0x9e2d1cd2314eca121c9115788fb84988ae8131eba61f2a306ea9798ff3bffe5c:log:9,0x9e2d1cd2314eca121c9115788fb84988ae8131eba61f2a306ea9798ff3bffe5c,0x0d0707963952f2fba59dd06f2b425ace40b492fe,0xf05e2a70346560d3228c7002194bb7c5dc8fe100,64535.0,,,,ATA,erc20,"{'value': '0x0daa730942ea79fc0000', 'address': '0xa2120b9e674d3fc3875f415a7df52e382f141225', 'decimal': '0x12'}",{'blockTimestamp': '2022-07-18T08:03:28.000Z'}
756,0xe763f6,0x8926ea7eebca37e1b35d3968be2f3720541b856ce633b527711bec2405155e53:log:277,0x8926ea7eebca37e1b35d3968be2f3720541b856ce633b527711bec2405155e53,0x34b6d0acf7a5db1cb714d04faba02306e8cfdf4a,0x1fe970be3e34ba07e29575b0dd61edb537ff849a,13400.0,,,,ATA,erc20,"{'value': '0x02d66a5b4bc1da600000', 'address': '0xa2120b9e674d3fc3875f415a7df52e382f141225', 'decimal': '0x12'}",{'blockTimestamp': '2022-07-18T04:12:25.000Z'}
757,0xe763f4,0x222ed28782179dbd0156a49a168efa4d3b08842223a92a405d80afaa9c5b4814:log:448,0x222ed28782179dbd0156a49a168efa4d3b08842223a92a405d80afaa9c5b4814,0x733c5570597e609c796399333f0a176e444386ee,0x738cf6903e6c4e699d1c2dd9ab8b67fcdb3121ea,34204.0,,,,ATA,erc20,"{'value': '0x073e33daab70f4f00000', 'address': '0xa2120b9e674d3fc3875f415a7df52e382f141225', 'decimal': '0x12'}",{'blockTimestamp': '2022-07-18T04:12:10.000Z'}
758,0xe76345,0x851465ac12720cbc5cce00905458a81dbeb886b9fcecdfb6360a277e77e3bef8:log:155,0x851465ac12720cbc5cce00905458a81dbeb886b9fcecdfb6360a277e77e3bef8,0x28c6c06298d514db089934071355e5743bf21d60,0xd6b38bea1b891c9064b1167fb68f8478f6829326,19258.0,,,,ATA,erc20,"{'value': '0x0413fa7006be38a80000', 'address': '0xa2120b9e674d3fc3875f415a7df52e382f141225', 'decimal': '0x12'}",{'blockTimestamp': '2022-07-18T03:33:20.000Z'}
759,0xe76345,0x0f681dc6c1cd492563c9d0c8a14b496b006066135a55e922e0cfec339288a984:log:153,0x0f681dc6c1cd492563c9d0c8a14b496b006066135a55e922e0cfec339288a984,0x21a31ee1afc51d94c2efccaa2092ad1028285549,0x733c5570597e609c796399333f0a176e444386ee,34204.0,,,,ATA,erc20,"{'value': '0x073e33daab70f4f00000', 'address': '0xa2120b9e674d3fc3875f415a7df52e382f141225', 'decimal': '0x12'}",{'blockTimestamp': '2022-07-18T03:33:20.000Z'}
760,0xe762cf,0x273713bc9dc2c92884a5236317cfa7d82c45aee4aa5cbcaa1a8823bc30bc6bc3:log:93,0x273713bc9dc2c92884a5236317cfa7d82c45aee4aa5cbcaa1a8823bc30bc6bc3,0x34b6d0acf7a5db1cb714d04faba02306e8cfdf4a,0x1fe970be3e34ba07e29575b0dd61edb537ff849a,13500.000000000002,,,,ATA,erc20,"{'value': '0x02dbd622a9ef3d700000', 'address': '0xa2120b9e674d3fc3875f415a7df52e382f141225', 'decimal': '0x12'}",{'blockTimestamp': '2022-07-18T03:09:26.000Z'}
761,0xe7607c,0xf810c4fb335b710e77c017f30a8258208734e099f3ca4f51a0b438be128182c9:log:56,0xf810c4fb335b710e77c017f30a8258208734e099f3ca4f51a0b438be128182c9,0xd3161fac24bb91880e8625a696ced811d2e21ca0,0xb5d85cbf7cb3ee0d56b3bb207d5fc4b82f43f511,245.46784276000002,,,,ATA,erc20,"{'value': '0x0d4e8cf672233dd000', 'address': '0xa2120b9e674d3fc3875f415a7df52e382f141225', 'decimal': '0x12'}",{'blockTimestamp': '2022-07-18T00:59:53.000Z'}
762,0xe75ff6,0xfeac4614a61c24bfd15d00429e41a5cb842b82f6cb3c1f9bc2ad96e494b0cb0f:log:594,0xfeac4614a61c24bfd15d00429e41a5cb842b82f6cb3c1f9bc2ad96e494b0cb0f,0xb5d85cbf7cb3ee0d56b3bb207d5fc4b82f43f511,0xd3161fac24bb91880e8625a696ced811d2e21ca0,245.46784276000002,,,,ATA,erc20,"{'value': '0x0d4e8cf672233dd000', 'address': '0xa2120b9e674d3fc3875f415a7df52e382f141225', 'decimal': '0x12'}",{'blockTimestamp': '2022-07-18T00:30:14.000Z'}
763,0xe75ba7,0x77795787bfa8c537216fc947972cf82f403101bab10b26d7040c5c0c7e11df8d:log:345,0x77795787bfa8c537216fc947972cf82f403101bab10b26d7040c5c0c7e11df8d,0x7ecccabb5e4ff4537f70b0a5018e8c0cfd53fff4,0x28c6c06298d514db089934071355e5743bf21d60,99399.78387498,,,,ATA,erc20,"{'value': '0x150c791bd7ab1ff36800', 'address': '0xa2120b9e674d3fc3875f415a7df52e382f141225', 'decimal': '0x12'}",{'blockTimestamp': '2022-07-17T20:31:12.000Z'}
764,0xe75ada,0xb2926866796eb816d8eb98b667996d4e8aed041bd9c6688c0cb00349bb49cc84:log:159,0xb2926866796eb816d8eb98b667996d4e8aed041bd9c6688c0cb00349bb49cc84,0xb5d85cbf7cb3ee0d56b3bb207d5fc4b82f43f511,0x7ecccabb5e4ff4537f70b0a5018e8c0cfd53fff4,99399.78387498,,,,ATA,erc20,"{'value': '0x150c791bd7ab1ff36800', 'address': '0xa2120b9e674d3fc3875f415a7df52e382f141225', 'decimal': '0x12'}",{'blockTimestamp': '2022-07-17T19:43:46.000Z'}
765,0xe757e5,0xd023e9054224a88af9aca617b50fed038e805a2f2c13f17e3e4edf1fdc1aafea:log:103,0xd023e9054224a88af9aca617b50fed038e805a2f2c13f17e3e4edf1fdc1aafea,0xa2120b9e674d3fc3875f415a7df52e382f141225,0x1f9bb27d0c66feb932f3f8b02620a128d072f3d8,187500.0,,,,ATA,erc20,"{'value': '0x27b46536c66c8e300000', 'address': '0xa2120b9e674d3fc3875f415a7df52e382f141225', 'decimal': '0x12'}",{'blockTimestamp': '2022-07-17T16:48:43.000Z'}
766,0xe75307,0x452e8bb3a8085f6f5c24d1b4dfe1a6a504ea435aa9609ae8ffcee49e45fc05d0:log:65,0x452e8bb3a8085f6f5c24d1b4dfe1a6a504ea435aa9609ae8ffcee49e45fc05d0,0xb5d85cbf7cb3ee0d56b3bb207d5fc4b82f43f511,0x4b307bae75969002b0ca29f461416acd1a658854,5.86021268,,,,ATA,erc20,"{'value': '0x5153a8623ba3d000', 'address': '0xa2120b9e674d3fc3875f415a7df52e382f141225', 'decimal': '0x12'}",{'blockTimestamp': '2022-07-17T12:06:57.000Z'}
767,0xe7505b,0xa50ce00ac031f06bcccf1fbba440a61a9013ab7169b37abf37b5ec34310b5bab:log:145,0xa50ce00ac031f06bcccf1fbba440a61a9013ab7169b37abf37b5ec34310b5bab,0xaad60b6615b9eb13a9b0212af7b298f26dd74e7f,0x28c6c06298d514db089934071355e5743bf21d60,15883.0,,,,ATA,erc20,"{'value': '0x035d04e75c42694c0000', 'address': '0xa2120b9e674d3fc3875f415a7df52e382f141225', 'decimal': '0x12'}",{'blockTimestamp': '2022-07-17T09:33:06.000Z'}
768,0xe74fa9,0xd326de21d6991b0d2d3db361ca937f83bbe7913d84bd158f979a0d6c8519862a:log:622,0xd326de21d6991b0d2d3db361ca937f83bbe7913d84bd158f979a0d6c8519862a,0x3c02290922a3618a4646e3bbca65853ea45fe7c6,0xd8259173fb6ae1fb2462213bc1fe951c41a35a59,403.0,,,,ATA,erc20,"{'value': '0x15d8bf9cd0826c0000', 'address': '0xa2120b9e674d3fc3875f415a7df52e382f141225', 'decimal': '0x12'}",{'blockTimestamp': '2022-07-17T08:49:34.000Z'}
769,0xe74f74,0x2fbebed1e3247f4671a380846cb3ce5a9f8d332d9ce01fee803faf0beb1462b5:log:251,0x2fbebed1e3247f4671a380846cb3ce5a9f8d332d9ce01fee803faf0beb1462b5,0x3c02290922a3618a4646e3bbca65853ea45fe7c6,0xaad60b6615b9eb13a9b0212af7b298f26dd74e7f,15883.0,,,,ATA,erc20,"{'value': '0x035d04e75c42694c0000', 'address': '0xa2120b9e674d3fc3875f415a7df52e382f141225', 'decimal': '0x12'}",{'blockTimestamp': '2022-07-17T08:39:52.000Z'}
770,0xe748ed,0x3933c37a553dcacb89027816a7a7cfb1d9e4f312251a3cbf26b6320fd0c385e0:log:105,0x3933c37a553dcacb89027816a7a7cfb1d9e4f312251a3cbf26b6320fd0c385e0,0xee845948e6806d12e966137caa07d49bbe632fe3,0x28c6c06298d514db089934071355e5743bf21d60,29994.349716,,,,ATA,erc20,"{'value': '0x0659ff3885d38aad4000', 'address': '0xa2120b9e674d3fc3875f415a7df52e382f141225', 'decimal': '0x12'}",{'blockTimestamp': '2022-07-17T02:30:17.000Z'}
771,0xe747ab,0x5c4dd62937ed0daa499b333883cc46969b38b3d868e22939378af9d9db813ae6:log:110,0x5c4dd62937ed0daa499b333883cc46969b38b3d868e22939378af9d9db813ae6,0xb5d85cbf7cb3ee0d56b3bb207d5fc4b82f43f511,0xee845948e6806d12e966137caa07d49bbe632fe3,29994.34971629,,,,ATA,erc20,"{'value': '0x0659ff38861710061400', 'address': '0xa2120b9e674d3fc3875f415a7df52e382f141225', 'decimal': '0x12'}",{'blockTimestamp': '2022-07-17T01:20:00.000Z'}
772,0xe744d9,0xff0c2274cbae78315cad8b56fa79cb2fb2a299fda033e4b0eb5d91f442cacc6c:log:748,0xff0c2274cbae78315cad8b56fa79cb2fb2a299fda033e4b0eb5d91f442cacc6c,0x7ecccabb5e4ff4537f70b0a5018e8c0cfd53fff4,0x28c6c06298d514db089934071355e5743bf21d60,398758.46958496,,,,ATA,erc20,"{'value': '0x5470bd6d6e9a3b828000', 'address': '0xa2120b9e674d3fc3875f415a7df52e382f141225', 'decimal': '0x12'}",{'blockTimestamp': '2022-07-16T22:32:44.000Z'}
773,0xe7446a,0x02858984da2647485bcde5eb9c0dc664d982d471b8c0af3def57332fe1844eb5:log:294,0x02858984da2647485bcde5eb9c0dc664d982d471b8c0af3def57332fe1844eb5,0xb5d85cbf7cb3ee0d56b3bb207d5fc4b82f43f511,0x7ecccabb5e4ff4537f70b0a5018e8c0cfd53fff4,99800.39239624,,,,ATA,erc20,"{'value': '0x152230ab373d50c62000', 'address': '0xa2120b9e674d3fc3875f415a7df52e382f141225', 'decimal': '0x12'}",{'blockTimestamp': '2022-07-16T22:06:48.000Z'}
774,0xe74460,0xad5b2e17663b657601e319060c6b2eadf1e7e385685f7cab5d3367206e4b14b5:log:200,0xad5b2e17663b657601e319060c6b2eadf1e7e385685f7cab5d3367206e4b14b5,0xb5d85cbf7cb3ee0d56b3bb207d5fc4b82f43f511,0x7ecccabb5e4ff4537f70b0a5018e8c0cfd53fff4,99866.79239624001,,,,ATA,erc20,"{'value': '0x1525ca27676feeb62000', 'address': '0xa2120b9e674d3fc3875f415a7df52e382f141225', 'decimal': '0x12'}",{'blockTimestamp': '2022-07-16T22:04:23.000Z'}
775,0xe74455,0x95f3dc3c3dfdd11198acbea7db6bd3746bd722624d291694e7cbb44cb949b04d:log:127,0x95f3dc3c3dfdd11198acbea7db6bd3746bd722624d291694e7cbb44cb949b04d,0xb5d85cbf7cb3ee0d56b3bb207d5fc4b82f43f511,0x7ecccabb5e4ff4537f70b0a5018e8c0cfd53fff4,99354.79239624001,,,,ATA,erc20,"{'value': '0x150a08ba002126b62000', 'address': '0xa2120b9e674d3fc3875f415a7df52e382f141225', 'decimal': '0x12'}",{'blockTimestamp': '2022-07-16T22:01:50.000Z'}
776,0xe74446,0x097865fbb02d284297dab2d56b007bf65b25c5df34197850e691ee167fa48a4e:log:89,0x097865fbb02d284297dab2d56b007bf65b25c5df34197850e691ee167fa48a4e,0xb5d85cbf7cb3ee0d56b3bb207d5fc4b82f43f511,0x7ecccabb5e4ff4537f70b0a5018e8c0cfd53fff4,99736.49239623999,,,,ATA,erc20,"{'value': '0x151eb9e0cfcbd5502000', 'address': '0xa2120b9e674d3fc3875f415a7df52e382f141225', 'decimal': '0x12'}",{'blockTimestamp': '2022-07-16T21:59:15.000Z'}
777,0xe74297,0x5fbe060f859312ce97c4f28863b655ba35c396d2e8f2713abd6fc25998fe1ef1:log:58,0x5fbe060f859312ce97c4f28863b655ba35c396d2e8f2713abd6fc25998fe1ef1,0x2ddecdbaa97e69910c259699ee55163e25a7387d,0x5654d65578cda52791879751141f2f3d7dc27fe4,1003.2236,,,,ATA,erc20,"{'value': '0x36628634e4c0930000', 'address': '0xa2120b9e674d3fc3875f415a7df52e382f141225', 'decimal': '0x12'}",{'blockTimestamp': '2022-07-16T20:31:24.000Z'}
778,0xe74285,0x909beda64ea3a48853305f2490f5b00451735c59a0fcf6b2bfe841b82342f7e9:log:92,0x909beda64ea3a48853305f2490f5b00451735c59a0fcf6b2bfe841b82342f7e9,0xf16e9b0d03470827a95cdfd0cb8a8a3b46969b91,0x2ddecdbaa97e69910c259699ee55163e25a7387d,1003.2236,,,,ATA,erc20,"{'value': '0x36628634e4c0930000', 'address': '0xa2120b9e674d3fc3875f415a7df52e382f141225', 'decimal': '0x12'}",{'blockTimestamp': '2022-07-16T20:27:23.000Z'}
779,0xe73ebd,0x15bd744078fc3907b98e83461f8ec6419165fa0c79087ca8cfddcd3fe0979928:log:458,0x15bd744078fc3907b98e83461f8ec6419165fa0c79087ca8cfddcd3fe0979928,0x28c6c06298d514db089934071355e5743bf21d60,0x06e3e5a6b3d9258b91c9d90c8b54ec5b7be32f27,639.812,,,,ATA,erc20,"{'value': '0x22af2cd821783a0000', 'address': '0xa2120b9e674d3fc3875f415a7df52e382f141225', 'decimal': '0x12'}",{'blockTimestamp': '2022-07-16T16:49:43.000Z'}
780,0xe73db7,0x3cf88d338f3767e03f85df961714463cf7573081d6ad24b747249bad464eaa4d:log:306,0x3cf88d338f3767e03f85df961714463cf7573081d6ad24b747249bad464eaa4d,0xf16e9b0d03470827a95cdfd0cb8a8a3b46969b91,0x40b5af5e15aed1ddaca8439693a41686e8f3647f,736.7575,,,,ATA,erc20,"{'value': '0x27f09072bdd0dbc000', 'address': '0xa2120b9e674d3fc3875f415a7df52e382f141225', 'decimal': '0x12'}",{'blockTimestamp': '2022-07-16T15:45:25.000Z'}
781,0xe73172,0x0d25a172d43df4c7fec008f8e57492c53a1e7a5cc6afccb2aa4e19fb65f0a574:log:108,0x0d25a172d43df4c7fec008f8e57492c53a1e7a5cc6afccb2aa4e19fb65f0a574,0x92d47f73eb49498daf7e33eacb73b2aa97628c4e,0x28c6c06298d514db089934071355e5743bf21d60,3008.7345980339314,,,,ATA,erc20,"{'value': '0xa31a948ff3e8333722', 'address': '0xa2120b9e674d3fc3875f415a7df52e382f141225', 'decimal': '0x12'}",{'blockTimestamp': '2022-07-16T04:02:47.000Z'}
782,0xe7311c,0x5a862d0253995f292005fea7cabc664b9a462588bafb39e15cb34baed22f17ff:log:123,0x5a862d0253995f292005fea7cabc664b9a462588bafb39e15cb34baed22f17ff,0xa20554a6ed99768820778a511d17cc4e68ab6267,0x92d47f73eb49498daf7e33eacb73b2aa97628c4e,3008.7345980339314,,,,ATA,erc20,"{'value': '0xa31a948ff3e8333722', 'address': '0xa2120b9e674d3fc3875f415a7df52e382f141225', 'decimal': '0x12'}",{'blockTimestamp': '2022-07-16T03:42:19.000Z'}
783,0xe73107,0x21f011332a6cf1ef5099ffc057404cd69b7f6f008486796af0aefe43543c1410:log:442,0x21f011332a6cf1ef5099ffc057404cd69b7f6f008486796af0aefe43543c1410,0x1fe970be3e34ba07e29575b0dd61edb537ff849a,0xa20554a6ed99768820778a511d17cc4e68ab6267,3008.7345980339314,,,,ATA,erc20,"{'value': '0xa31a948ff3e8333722', 'address': '0xa2120b9e674d3fc3875f415a7df52e382f141225', 'decimal': '0x12'}",{'blockTimestamp': '2022-07-16T03:38:45.000Z'}
784,0xe72565,0x8433024979a369c037695ff91b6039297c735b7a4a9d9f6c4f86155af6564d9a:log:476,0x8433024979a369c037695ff91b6039297c735b7a4a9d9f6c4f86155af6564d9a,0xb638c9ed38621892c52611fac202aca483482c0d,0xb5d85cbf7cb3ee0d56b3bb207d5fc4b82f43f511,122851.0,,,,ATA,erc20,"{'value': '0x1a03c41c278189ac0000', 'address': '0xa2120b9e674d3fc3875f415a7df52e382f141225', 'decimal': '0x12'}",{'blockTimestamp': '2022-07-15T16:35:00.000Z'}
785,0xe72539,0x8f9b38f065f3b4ed1bb85df5bcffa66e4eb6a2e004b60abd091de20d3f1f43d7:log:339,0x8f9b38f065f3b4ed1bb85df5bcffa66e4eb6a2e004b60abd091de20d3f1f43d7,0xdfd5293d8e347dfe59e90efd55b2956a1343963d,0xb638c9ed38621892c52611fac202aca483482c0d,122851.0,,,,ATA,erc20,"{'value': '0x1a03c41c278189ac0000', 'address': '0xa2120b9e674d3fc3875f415a7df52e382f141225', 'decimal': '0x12'}",{'blockTimestamp': '2022-07-15T16:24:30.000Z'}
786,0xe72502,0xc8b76f97f733c0768065f14c697a87b8f4ae85c8079a8f8c339101182d279932:log:187,0xc8b76f97f733c0768065f14c697a87b8f4ae85c8079a8f8c339101182d279932,0xb638c9ed38621892c52611fac202aca483482c0d,0xb5d85cbf7cb3ee0d56b3bb207d5fc4b82f43f511,146551.0,,,,ATA,erc20,"{'value': '0x1f088bae57863f7c0000', 'address': '0xa2120b9e674d3fc3875f415a7df52e382f141225', 'decimal': '0x12'}",{'blockTimestamp': '2022-07-15T16:12:37.000Z'}
787,0xe724ab,0x0eedd77ea244898ad021369f56cff3606afa86537fc2a05f5b08a167824f7cb3:log:236,0x0eedd77ea244898ad021369f56cff3606afa86537fc2a05f5b08a167824f7cb3,0x21a31ee1afc51d94c2efccaa2092ad1028285549,0xb638c9ed38621892c52611fac202aca483482c0d,146551.0,,,,ATA,erc20,"{'value': '0x1f088bae57863f7c0000', 'address': '0xa2120b9e674d3fc3875f415a7df52e382f141225', 'decimal': '0x12'}",{'blockTimestamp': '2022-07-15T15:54:26.000Z'}
788,0xe71b4f,0x258786e403b707cffd59d88b6ef79601d2840dead9869d7e703af926df30c6ac:log:161,0x258786e403b707cffd59d88b6ef79601d2840dead9869d7e703af926df30c6ac,0xd5ed90c65752fd5fc9d1a04c47bb9e4206cf7d1b,0x738cf6903e6c4e699d1c2dd9ab8b67fcdb3121ea,587.30423719,,,,ATA,erc20,"{'value': '0x1fd67bcc0d97b5bc00', 'address': '0xa2120b9e674d3fc3875f415a7df52e382f141225', 'decimal': '0x12'}",{'blockTimestamp': '2022-07-15T07:07:47.000Z'}
789,0xe71a9f,0x7407bcb337ebe94313374bbc9dfe28eb795277652745fec28b187fa4dd39ca08:log:188,0x7407bcb337ebe94313374bbc9dfe28eb795277652745fec28b187fa4dd39ca08,0xb5d85cbf7cb3ee0d56b3bb207d5fc4b82f43f511,0xd5ed90c65752fd5fc9d1a04c47bb9e4206cf7d1b,587.30423719,,,,ATA,erc20,"{'value': '0x1fd67bcc0d97b5bc00', 'address': '0xa2120b9e674d3fc3875f415a7df52e382f141225', 'decimal': '0x12'}",{'blockTimestamp': '2022-07-15T06:29:52.000Z'}
790,0xe71a64,0x88e0892fd5ecd64d614bd82b55c495c92507baf59a119e6cf8798c43c2848ee2:log:176,0x88e0892fd5ecd64d614bd82b55c495c92507baf59a119e6cf8798c43c2848ee2,0x3c02290922a3618a4646e3bbca65853ea45fe7c6,0x6c4a0d3036e46fe3f31a89d194f24df2ec6928da,52.6,,,,ATA,erc20,"{'value': '0x02d9f8bd50318c0000', 'address': '0xa2120b9e674d3fc3875f415a7df52e382f141225', 'decimal': '0x12'}",{'blockTimestamp': '2022-07-15T06:14:06.000Z'}
791,0xe7102c,0x5962d0d30cd04eb1f0d988eeffe26fc6f016ed30796b343e05dc400254df2a50:log:376,0x5962d0d30cd04eb1f0d988eeffe26fc6f016ed30796b343e05dc400254df2a50,0xdf2f037c6f5845017ed009991d3a382a22b7c9f2,0x1fe970be3e34ba07e29575b0dd61edb537ff849a,2595.2611,,,,ATA,erc20,"{'value': '0x8cb07b9c2ad986c000', 'address': '0xa2120b9e674d3fc3875f415a7df52e382f141225', 'decimal': '0x12'}",{'blockTimestamp': '2022-07-14T20:26:01.000Z'}
792,0xe70fad,0xa700de8f80ba61d305406734e76f4edcbd18d7d2791e3da94d13714137fab2a0:log:195,0xa700de8f80ba61d305406734e76f4edcbd18d7d2791e3da94d13714137fab2a0,0x28c6c06298d514db089934071355e5743bf21d60,0xdf2f037c6f5845017ed009991d3a382a22b7c9f2,2595.2611,,,,ATA,erc20,"{'value': '0x8cb07b9c2ad986c000', 'address': '0xa2120b9e674d3fc3875f415a7df52e382f141225', 'decimal': '0x12'}",{'blockTimestamp': '2022-07-14T19:56:11.000Z'}
793,0xe70ade,0xeeb86460bda8687f90b51dc475b87b486a91f6f117faa57ba06e212ae6bd7ee2:log:244,0xeeb86460bda8687f90b51dc475b87b486a91f6f117faa57ba06e212ae6bd7ee2,0x3c02290922a3618a4646e3bbca65853ea45fe7c6,0x6e0787c1c75216bbe6cc81abe498710a0419b4f7,971.0,,,,ATA,erc20,"{'value': '0x34a354fb6be84c0000', 'address': '0xa2120b9e674d3fc3875f415a7df52e382f141225', 'decimal': '0x12'}",{'blockTimestamp': '2022-07-14T15:31:54.000Z'}
794,0xe6fcee,0x247d5130bb363206af9e15ac379c8a8dd3d129289d90fa2159dab059269a72c4:log:213,0x247d5130bb363206af9e15ac379c8a8dd3d129289d90fa2159dab059269a72c4,0xb638c9ed38621892c52611fac202aca483482c0d,0xb5d85cbf7cb3ee0d56b3bb207d5fc4b82f43f511,118592.0,,,,ATA,erc20,"{'value': '0x191ce29c98a7b5000000', 'address': '0xa2120b9e674d3fc3875f415a7df52e382f141225', 'decimal': '0x12'}",{'blockTimestamp': '2022-07-14T02:31:03.000Z'}
795,0xe6fcca,0xd9c59b7d9228665d7f26d94821e693042a032ea44d4c79384e425c94db8ca746:log:76,0xd9c59b7d9228665d7f26d94821e693042a032ea44d4c79384e425c94db8ca746,0xdfd5293d8e347dfe59e90efd55b2956a1343963d,0xb638c9ed38621892c52611fac202aca483482c0d,118592.0,,,,ATA,erc20,"{'value': '0x191ce29c98a7b5000000', 'address': '0xa2120b9e674d3fc3875f415a7df52e382f141225', 'decimal': '0x12'}",{'blockTimestamp': '2022-07-14T02:22:52.000Z'}
796,0xe6fc7b,0x88258442c3acc02b93815a8f6e3ebeb5541959408a274d3281350c4f881a4e7d:log:290,0x88258442c3acc02b93815a8f6e3ebeb5541959408a274d3281350c4f881a4e7d,0xaad60b6615b9eb13a9b0212af7b298f26dd74e7f,0x28c6c06298d514db089934071355e5743bf21d60,37060.0,,,,ATA,erc20,"{'value': '0x07d906d0efb468900000', 'address': '0xa2120b9e674d3fc3875f415a7df52e382f141225', 'decimal': '0x12'}",{'blockTimestamp': '2022-07-14T02:00:24.000Z'}
797,0xe6fc07,0xe2e74dbff9a26e73e885c5f977fa1d20b3c6f9433969390731ea0eac6fa7c195:log:332,0xe2e74dbff9a26e73e885c5f977fa1d20b3c6f9433969390731ea0eac6fa7c195,0x3c02290922a3618a4646e3bbca65853ea45fe7c6,0xaad60b6615b9eb13a9b0212af7b298f26dd74e7f,37060.0,,,,ATA,erc20,"{'value': '0x07d906d0efb468900000', 'address': '0xa2120b9e674d3fc3875f415a7df52e382f141225', 'decimal': '0x12'}",{'blockTimestamp': '2022-07-14T01:32:01.000Z'}
798,0xe6f38b,0xf3d34af62e16de4c6a7d555d12b8dde21e4289e7e7b2cc9d7e2208dcd4bdc93f:log:341,0xf3d34af62e16de4c6a7d555d12b8dde21e4289e7e7b2cc9d7e2208dcd4bdc93f,0xb5d85cbf7cb3ee0d56b3bb207d5fc4b82f43f511,0x58baef989f050c7c6916f97d582b86e3b1f1bfc8,55.707608060000005,,,,ATA,erc20,"{'value': '0x0305192e6106fcd800', 'address': '0xa2120b9e674d3fc3875f415a7df52e382f141225', 'decimal': '0x12'}",{'blockTimestamp': '2022-07-13T17:37:10.000Z'}
799,0xe6f1d3,0x15892c648bf0ab9fcba495023feb9997965a4e7300ee5cc953a73a5e514129cf:log:481,0x15892c648bf0ab9fcba495023feb9997965a4e7300ee5cc953a73a5e514129cf,0xee97d3a1cbb83429567e1bd69d26898cfe0379b5,0x28c6c06298d514db089934071355e5743bf21d60,15823.094000000001,,,,ATA,erc20,"{'value': '0x0359c58a7ea7aebf0000', 'address': '0xa2120b9e674d3fc3875f415a7df52e382f141225', 'decimal': '0x12'}",{'blockTimestamp': '2022-07-13T16:00:17.000Z'}
800,0xe6f1c9,0xaf937d1d939192873f843e436e52fa590fdd96a8e0355e3d54c70d0afd8fe2b7:log:79,0xaf937d1d939192873f843e436e52fa590fdd96a8e0355e3d54c70d0afd8fe2b7,0xb5d85cbf7cb3ee0d56b3bb207d5fc4b82f43f511,0xa46c231f3d5a2330bf0978d8329e6ee40769a901,84.78632886,,,,ATA,erc20,"{'value': '0x0498a58ce185c01800', 'address': '0xa2120b9e674d3fc3875f415a7df52e382f141225', 'decimal': '0x12'}",{'blockTimestamp': '2022-07-13T15:58:19.000Z'}
801,0xe6f121,0x7ec9445787c095b52644c20c6b2c760252bcaa84d613c0464a7e6961d8b95895:log:135,0x7ec9445787c095b52644c20c6b2c760252bcaa84d613c0464a7e6961d8b95895,0xf5bfd198909955d19b8c55eeb4d521ce91af2689,0xee97d3a1cbb83429567e1bd69d26898cfe0379b5,15823.094000000001,,,,ATA,erc20,"{'value': '0x0359c58a7ea7aebf0000', 'address': '0xa2120b9e674d3fc3875f415a7df52e382f141225', 'decimal': '0x12'}",{'blockTimestamp': '2022-07-13T15:19:38.000Z'}
802,0xe6f080,0x29a0bf0ce86140a3392f236ac5c393829d1bd75bdfc47a48397a81d859b3e8e7:log:137,0x29a0bf0ce86140a3392f236ac5c393829d1bd75bdfc47a48397a81d859b3e8e7,0xb5d85cbf7cb3ee0d56b3bb207d5fc4b82f43f511,0x8286f706f194fba0413ad13a7c3962a1fe0df191,166.05796543,,,,ATA,erc20,"{'value': '0x09008467beeb3f1c00', 'address': '0xa2120b9e674d3fc3875f415a7df52e382f141225', 'decimal': '0x12'}",{'blockTimestamp': '2022-07-13T14:38:31.000Z'}
803,0xe6f072,0xb5d5b9fce51cc016103387d86dc90b6b342c13cb95e068ff68df1ab26ed4599e:log:211,0xb5d5b9fce51cc016103387d86dc90b6b342c13cb95e068ff68df1ab26ed4599e,0xb5d85cbf7cb3ee0d56b3bb207d5fc4b82f43f511,0xd54a1dccc46faf77ff762ecae0646e93fbbb16d7,14952.15311004,,,,ATA,erc20,"{'value': '0x032a8ecee1add25ef000', 'address': '0xa2120b9e674d3fc3875f415a7df52e382f141225', 'decimal': '0x12'}",{'blockTimestamp': '2022-07-13T14:35:46.000Z'}
804,0xe6ef49,0xf92e1c844f2d6a9f1f0140579160a1b1b4c0c308281906bc3249c9373d312733:log:121,0xf92e1c844f2d6a9f1f0140579160a1b1b4c0c308281906bc3249c9373d312733,0xd9fd79caa332c16c4cf0a4fb4a69349d043762b9,0x95b564f3b3bae3f206aa418667ba000afafacc8a,10436.534,,,,ATA,erc20,"{'value': '0x0235c40119df7e9f0000', 'address': '0xa2120b9e674d3fc3875f415a7df52e382f141225', 'decimal': '0x12'}",{'blockTimestamp': '2022-07-13T13:33:08.000Z'}
805,0xe6ee1a,0x314ea2d67de37f8e46bf330808a76e23635091d13d9cb846b9e0b6ca7cb9a511:log:251,0x314ea2d67de37f8e46bf330808a76e23635091d13d9cb846b9e0b6ca7cb9a511,0xa38526fa20e5550b806aeb70491404506a6cb096,0xd9fd79caa332c16c4cf0a4fb4a69349d043762b9,10436.534,,,,ATA,erc20,"{'value': '0x0235c40119df7e9f0000', 'address': '0xa2120b9e674d3fc3875f415a7df52e382f141225', 'decimal': '0x12'}",{'blockTimestamp': '2022-07-13T12:22:51.000Z'}
806,0xe6ebbc,0xe949322abcad56278a5fc8e0d523b1545ad76baa8d220358ee0c58671d57dec5:log:45,0xe949322abcad56278a5fc8e0d523b1545ad76baa8d220358ee0c58671d57dec5,0x511dbe9e6b7ede607f47d00a681bd5c7a6d397a1,0x40ec5b33f54e0e8a33a975908c5ba1c14e5bbbdf,16043.913,,,,ATA,erc20,"{'value': '0x0365be052d34afba8000', 'address': '0xa2120b9e674d3fc3875f415a7df52e382f141225', 'decimal': '0x12'}",{'blockTimestamp': '2022-07-13T10:02:21.000Z'}
807,0xe6ebae,0x13ec21fca7ee7dbdafcd9dfa881b2f5c9385a669b7f83c4621b47594af4b3f68:log:316,0x13ec21fca7ee7dbdafcd9dfa881b2f5c9385a669b7f83c4621b47594af4b3f68,0x21a31ee1afc51d94c2efccaa2092ad1028285549,0x511dbe9e6b7ede607f47d00a681bd5c7a6d397a1,16043.913,,,,ATA,erc20,"{'value': '0x0365be052d34afba8000', 'address': '0xa2120b9e674d3fc3875f415a7df52e382f141225', 'decimal': '0x12'}",{'blockTimestamp': '2022-07-13T09:56:59.000Z'}
808,0xe6e984,0x8f70acff0a5945126b94752798ea8366e3fa43548f1303ed24460f213094e945:log:319,0x8f70acff0a5945126b94752798ea8366e3fa43548f1303ed24460f213094e945,0xd8f7c8c89efe493740fbe2d5cbc0671112c884fd,0x3c02290922a3618a4646e3bbca65853ea45fe7c6,40538.0,,,,ATA,erc20,"{'value': '0x089591c31c7891280000', 'address': '0xa2120b9e674d3fc3875f415a7df52e382f141225', 'decimal': '0x12'}",{'blockTimestamp': '2022-07-13T07:51:14.000Z'}
809,0xe6e8f1,0xeba4af1db36a79fd364092cf0647d130e31d01ccb1b2198af8e013c524508f6f:log:358,0xeba4af1db36a79fd364092cf0647d130e31d01ccb1b2198af8e013c524508f6f,0x28c6c06298d514db089934071355e5743bf21d60,0xd8f7c8c89efe493740fbe2d5cbc0671112c884fd,40339.0,,,,ATA,erc20,"{'value': '0x088ac81516d1726c0000', 'address': '0xa2120b9e674d3fc3875f415a7df52e382f141225', 'decimal': '0x12'}",{'blockTimestamp': '2022-07-13T07:18:47.000Z'}
810,0xe6e3f5,0x7b1050bda9439a7abc469812c33cb521d55e376bded05f8e5b09680100fa5076:log:288,0x7b1050bda9439a7abc469812c33cb521d55e376bded05f8e5b09680100fa5076,0x9548eb12f300b3cefbb4e0e2482e196a46893719,0x28c6c06298d514db089934071355e5743bf21d60,158000.0,,,,ATA,erc20,"{'value': '0x21753279401f66c00000', 'address': '0xa2120b9e674d3fc3875f415a7df52e382f141225', 'decimal': '0x12'}",{'blockTimestamp': '2022-07-13T02:29:34.000Z'}
811,0xe6d706,0x8bd21687bee06598034a89511e208cdea4c69a25fff15e97c0b30c71b47c9962:log:176,0x8bd21687bee06598034a89511e208cdea4c69a25fff15e97c0b30c71b47c9962,0x85247f053914cea7ddec95ea7dfab043d7992449,0x9548eb12f300b3cefbb4e0e2482e196a46893719,158000.0,,,,ATA,erc20,"{'value': '0x21753279401f66c00000', 'address': '0xa2120b9e674d3fc3875f415a7df52e382f141225', 'decimal': '0x12'}",{'blockTimestamp': '2022-07-12T14:23:12.000Z'}
812,0xe6d28d,0x340fb5dad14f7fa07d1874f4a02ddbf80a27eb38c50771cdebdd73946c28804d:log:117,0x340fb5dad14f7fa07d1874f4a02ddbf80a27eb38c50771cdebdd73946c28804d,0xd6216fc19db775df9774a6e33526131da7d19a2c,0xf16e9b0d03470827a95cdfd0cb8a8a3b46969b91,500000.0,,,,ATA,erc20,"{'value': '0x69e10de76676d0800000', 'address': '0xa2120b9e674d3fc3875f415a7df52e382f141225', 'decimal': '0x12'}",{'blockTimestamp': '2022-07-12T10:06:26.000Z'}
813,0xe6cbc7,0xd98c5d4eccc6aff313ebad931d60d954404254af7c15f3b3d1200cdec2fe9517:log:68,0xd98c5d4eccc6aff313ebad931d60d954404254af7c15f3b3d1200cdec2fe9517,0x9f0c8e1f71cf4cd20310ecb685b4427565d9348c,0x28c6c06298d514db089934071355e5743bf21d60,501000.0,,,,ATA,erc20,"{'value': '0x6a1743b1143caf200000', 'address': '0xa2120b9e674d3fc3875f415a7df52e382f141225', 'decimal': '0x12'}",{'blockTimestamp': '2022-07-12T03:30:58.000Z'}
814,0xe6cbb8,0xef42d962f5309e8053096981d721c568b20ad93da3766559242f279ac6470532:log:101,0xef42d962f5309e8053096981d721c568b20ad93da3766559242f279ac6470532,0xf16e9b0d03470827a95cdfd0cb8a8a3b46969b91,0x9f0c8e1f71cf4cd20310ecb685b4427565d9348c,500000.0,,,,ATA,erc20,"{'value': '0x69e10de76676d0800000', 'address': '0xa2120b9e674d3fc3875f415a7df52e382f141225', 'decimal': '0x12'}",{'blockTimestamp': '2022-07-12T03:27:13.000Z'}
815,0xe6cbb4,0x87feae1a49fb926040cf07bd7ab890485742db0928f834b7a39d993e452a3e53:log:41,0x87feae1a49fb926040cf07bd7ab890485742db0928f834b7a39d993e452a3e53,0x658a710a275f04d477974e34979e8e18d7ab192c,0xf16e9b0d03470827a95cdfd0cb8a8a3b46969b91,7000.0,,,,ATA,erc20,"{'value': '0x017b7883c06916600000', 'address': '0xa2120b9e674d3fc3875f415a7df52e382f141225', 'decimal': '0x12'}",{'blockTimestamp': '2022-07-12T03:26:19.000Z'}
816,0xe6cba7,0x8a4be1f0ef14a151ddcdca68ba464e3d3a934d0d70885d82eef63422a20e24b7:log:392,0x8a4be1f0ef14a151ddcdca68ba464e3d3a934d0d70885d82eef63422a20e24b7,0x738cf6903e6c4e699d1c2dd9ab8b67fcdb3121ea,0xf16e9b0d03470827a95cdfd0cb8a8a3b46969b91,325851.0,,,,ATA,erc20,"{'value': '0x45006b08f369128c0000', 'address': '0xa2120b9e674d3fc3875f415a7df52e382f141225', 'decimal': '0x12'}",{'blockTimestamp': '2022-07-12T03:23:07.000Z'}
817,0xe6cabd,0xdc5727fb6e2f8c81fab9362f0db3ec84c1b2f521f57e81715abf73180447a6da:log:315,0xdc5727fb6e2f8c81fab9362f0db3ec84c1b2f521f57e81715abf73180447a6da,0xf16e9b0d03470827a95cdfd0cb8a8a3b46969b91,0x9f0c8e1f71cf4cd20310ecb685b4427565d9348c,1000.0,,,,ATA,erc20,"{'value': '0x3635c9adc5dea00000', 'address': '0xa2120b9e674d3fc3875f415a7df52e382f141225', 'decimal': '0x12'}",{'blockTimestamp': '2022-07-12T02:31:38.000Z'}
818,0xe6bc3e,0xa074b461232a1f972c1416115ac8582850074300c849c288c3725fbeb074d00c:log:234,0xa074b461232a1f972c1416115ac8582850074300c849c288c3725fbeb074d00c,0xdfd5293d8e347dfe59e90efd55b2956a1343963d,0xe498c66d9459ecc52a629f11a346cb42497d0c14,973.0,,,,ATA,erc20,"{'value': '0x34bf1668d337140000', 'address': '0xa2120b9e674d3fc3875f415a7df52e382f141225', 'decimal': '0x12'}",{'blockTimestamp': '2022-07-11T12:57:52.000Z'}
819,0xe6abdd,0xc7e6c0fe8e9807d21848d1e2dd4d8b5090af1d4d0881d049d9573e5464bb81da:log:455,0xc7e6c0fe8e9807d21848d1e2dd4d8b5090af1d4d0881d049d9573e5464bb81da,0xf9a0e7cb7950411260245f82c3c0615b606036bf,0xb5d85cbf7cb3ee0d56b3bb207d5fc4b82f43f511,42.24811585,,,,ATA,erc20,"{'value': '0x024a4f758684cce400', 'address': '0xa2120b9e674d3fc3875f415a7df52e382f141225', 'decimal': '0x12'}",{'blockTimestamp': '2022-07-10T21:24:58.000Z'}
820,0xe6aa76,0xc8288d9852e2b2ecb83354e6f7791fd966392f959da93cca95b6af5e02923c20:log:164,0xc8288d9852e2b2ecb83354e6f7791fd966392f959da93cca95b6af5e02923c20,0x21a31ee1afc51d94c2efccaa2092ad1028285549,0xf9a0e7cb7950411260245f82c3c0615b606036bf,42.24811585,,,,ATA,erc20,"{'value': '0x024a4f758684cce400', 'address': '0xa2120b9e674d3fc3875f415a7df52e382f141225', 'decimal': '0x12'}",{'blockTimestamp': '2022-07-10T20:05:27.000Z'}
821,0xe6a5be,0xd49de6f3d3a9ce884f807afe0bca5c6facefa2c719498a993e588fe48a80e0a1:log:342,0xd49de6f3d3a9ce884f807afe0bca5c6facefa2c719498a993e588fe48a80e0a1,0xf05e2a70346560d3228c7002194bb7c5dc8fe100,0x28c6c06298d514db089934071355e5743bf21d60,50367.0,,,,ATA,erc20,"{'value': '0x0aaa6689dc32739c0000', 'address': '0xa2120b9e674d3fc3875f415a7df52e382f141225', 'decimal': '0x12'}",{'blockTimestamp': '2022-07-10T15:30:27.000Z'}
822,0xe6a56b,0x9d31ebcd6ce2ffb899b1a120b93803f92108560a675a8e520836576133f0086a:log:130,0x9d31ebcd6ce2ffb899b1a120b93803f92108560a675a8e520836576133f0086a,0xf16e9b0d03470827a95cdfd0cb8a8a3b46969b91,0xf05e2a70346560d3228c7002194bb7c5dc8fe100,50367.0,,,,ATA,erc20,"{'value': '0x0aaa6689dc32739c0000', 'address': '0xa2120b9e674d3fc3875f415a7df52e382f141225', 'decimal': '0x12'}",{'blockTimestamp': '2022-07-10T15:15:54.000Z'}
823,0xe6a4e5,0x34c51ef42ded6ec7e8eef5cb395ee1e47c72baedd96cdb806799bc86158ebb4f:log:27,0x34c51ef42ded6ec7e8eef5cb395ee1e47c72baedd96cdb806799bc86158ebb4f,0x28c6c06298d514db089934071355e5743bf21d60,0x1a5859dc942a6cb1a578623dd8190a9cce015a81,140.30686899,,,,ATA,erc20,"{'value': '0x079b2621f800386c00', 'address': '0xa2120b9e674d3fc3875f415a7df52e382f141225', 'decimal': '0x12'}",{'blockTimestamp': '2022-07-10T14:47:29.000Z'}
824,0xe6a11e,0xe9edc151848b8b096d2c002cdcb399ca313c6f246705d5c98f5490a5c3764de4:log:249,0xe9edc151848b8b096d2c002cdcb399ca313c6f246705d5c98f5490a5c3764de4,0xf05e2a70346560d3228c7002194bb7c5dc8fe100,0x28c6c06298d514db089934071355e5743bf21d60,41024.0,,,,ATA,erc20,"{'value': '0x08afea5df58859000000', 'address': '0xa2120b9e674d3fc3875f415a7df52e382f141225', 'decimal': '0x12'}",{'blockTimestamp': '2022-07-10T11:02:09.000Z'}
825,0xe6a0d3,0x106e082734d02979c05524f18b0049135c3fc7e74c3355a07e40c4b0729a5387:log:279,0x106e082734d02979c05524f18b0049135c3fc7e74c3355a07e40c4b0729a5387,0xf16e9b0d03470827a95cdfd0cb8a8a3b46969b91,0xf05e2a70346560d3228c7002194bb7c5dc8fe100,41024.0,,,,ATA,erc20,"{'value': '0x08afea5df58859000000', 'address': '0xa2120b9e674d3fc3875f415a7df52e382f141225', 'decimal': '0x12'}",{'blockTimestamp': '2022-07-10T10:44:30.000Z'}
826,0xe69aab,0x642fb9bb44e8b964fdba8b4c8d0cf6364227d84315bb9385554390b2ef9745e4:log:297,0x642fb9bb44e8b964fdba8b4c8d0cf6364227d84315bb9385554390b2ef9745e4,0xa20554a6ed99768820778a511d17cc4e68ab6267,0x1fe970be3e34ba07e29575b0dd61edb537ff849a,2991.978,,,,ATA,erc20,"{'value': '0xa232092ad237b10000', 'address': '0xa2120b9e674d3fc3875f415a7df52e382f141225', 'decimal': '0x12'}",{'blockTimestamp': '2022-07-10T05:00:13.000Z'}
827,0xe69aa2,0xb76c58c0f04e841e0747d3f27489bb5d236ffdd6557d91e331eb356257a0831d:log:300,0xb76c58c0f04e841e0747d3f27489bb5d236ffdd6557d91e331eb356257a0831d,0xdfd5293d8e347dfe59e90efd55b2956a1343963d,0xa20554a6ed99768820778a511d17cc4e68ab6267,2991.978,,,,ATA,erc20,"{'value': '0xa232092ad237b10000', 'address': '0xa2120b9e674d3fc3875f415a7df52e382f141225', 'decimal': '0x12'}",{'blockTimestamp': '2022-07-10T04:58:31.000Z'}
828,0xe69a26,0xd3f61e8d16d87af2765f3221234ecb401173871095d47e5d6288353835e9c6c3:log:273,0xd3f61e8d16d87af2765f3221234ecb401173871095d47e5d6288353835e9c6c3,0xf05e2a70346560d3228c7002194bb7c5dc8fe100,0x28c6c06298d514db089934071355e5743bf21d60,43106.00000000001,,,,ATA,erc20,"{'value': '0x0920c7ebd69fb4480000', 'address': '0xa2120b9e674d3fc3875f415a7df52e382f141225', 'decimal': '0x12'}",{'blockTimestamp': '2022-07-10T04:30:04.000Z'}
829,0xe69990,0x992eb6985baf2a61654f49d2fe0209ed4b96ed69c574c6f718b81cea721fad74:log:52,0x992eb6985baf2a61654f49d2fe0209ed4b96ed69c574c6f718b81cea721fad74,0x0d0707963952f2fba59dd06f2b425ace40b492fe,0xf05e2a70346560d3228c7002194bb7c5dc8fe100,43106.00000000001,,,,ATA,erc20,"{'value': '0x0920c7ebd69fb4480000', 'address': '0xa2120b9e674d3fc3875f415a7df52e382f141225', 'decimal': '0x12'}",{'blockTimestamp': '2022-07-10T03:53:32.000Z'}
830,0xe69965,0x93f9e233dddf1e87e394d40335b875422adfcfd45f2dab6b6bec0f171feed750:log:160,0x93f9e233dddf1e87e394d40335b875422adfcfd45f2dab6b6bec0f171feed750,0x5ac0509053a290eac69486acb1c1a9fec4127785,0x0d0707963952f2fba59dd06f2b425ace40b492fe,1359.258,,,,ATA,erc20,"{'value': '0x49af7e7d57abe90000', 'address': '0xa2120b9e674d3fc3875f415a7df52e382f141225', 'decimal': '0x12'}",{'blockTimestamp': '2022-07-10T03:43:51.000Z'}
831,0xe69965,0x9ff133fdd678cf80ec6598dab80122f378542eb8bab4de882edb486927b27390:log:159,0x9ff133fdd678cf80ec6598dab80122f378542eb8bab4de882edb486927b27390,0x9fa2e27ae847e49c175784d66623df8f57905ee3,0x0d0707963952f2fba59dd06f2b425ace40b492fe,984.50290239,,,,ATA,erc20,"{'value': '0x355eb8ed9a91051c00', 'address': '0xa2120b9e674d3fc3875f415a7df52e382f141225', 'decimal': '0x12'}",{'blockTimestamp': '2022-07-10T03:43:51.000Z'}
832,0xe69965,0x755c675690bddeafcd7da6efe158e01489e7e3e11aee3cfbb507d61efbf49df4:log:158,0x755c675690bddeafcd7da6efe158e01489e7e3e11aee3cfbb507d61efbf49df4,0x39034fa730a7b460a82ffbf9b00a7e35a437dc94,0x0d0707963952f2fba59dd06f2b425ace40b492fe,2031.246,,,,ATA,erc20,"{'value': '0x6e1d3372ff591b0000', 'address': '0xa2120b9e674d3fc3875f415a7df52e382f141225', 'decimal': '0x12'}",{'blockTimestamp': '2022-07-10T03:43:51.000Z'}
833,0xe69965,0x8c5198010fc0381fabb44592ce10865bb97b4642db63dc423287c7f648bfed15:log:157,0x8c5198010fc0381fabb44592ce10865bb97b4642db63dc423287c7f648bfed15,0x1d40b54a45776e2de6e1bf3e4bcb472649272cbc,0x0d0707963952f2fba59dd06f2b425ace40b492fe,40934.99999999999,,,,ATA,erc20,"{'value': '0x08ab173e7113273c0000', 'address': '0xa2120b9e674d3fc3875f415a7df52e382f141225', 'decimal': '0x12'}",{'blockTimestamp': '2022-07-10T03:43:51.000Z'}
834,0xe69965,0x098647fc5d64ffd685cffb66b5ea57f32fd15e01a296ab568264183b8c242a55:log:156,0x098647fc5d64ffd685cffb66b5ea57f32fd15e01a296ab568264183b8c242a55,0xd6b38bea1b891c9064b1167fb68f8478f6829326,0x0d0707963952f2fba59dd06f2b425ace40b492fe,148070.0,,,,ATA,erc20,"{'value': '0x1f5ae40a6b8479d80000', 'address': '0xa2120b9e674d3fc3875f415a7df52e382f141225', 'decimal': '0x12'}",{'blockTimestamp': '2022-07-10T03:43:51.000Z'}
835,0xe692f5,0xb6e1e71a41fc78427a5a26f3db1d70bfd23741e97fd3a383d1e7ca34f3840f33:log:57,0xb6e1e71a41fc78427a5a26f3db1d70bfd23741e97fd3a383d1e7ca34f3840f33,0x0d0707963952f2fba59dd06f2b425ace40b492fe,0x387b5ca0b589316a78f2ac8af3e96aab67dedd60,592.4176779999999,,,,ATA,erc20,"{'value': '0x201d726360abbee000', 'address': '0xa2120b9e674d3fc3875f415a7df52e382f141225', 'decimal': '0x12'}",{'blockTimestamp': '2022-07-09T21:45:19.000Z'}
836,0xe68f80,0x9b92ed9796fd6685e601287461a7c6d2a66b0aa8efce046b04aed9c7db5a9ad4:log:234,0x9b92ed9796fd6685e601287461a7c6d2a66b0aa8efce046b04aed9c7db5a9ad4,0xd2c10f2cda2889ab2d8017cb4025e1517f1100cc,0x5654d65578cda52791879751141f2f3d7dc27fe4,102.61848178210946,,,,ATA,erc20,"{'value': '0x05901e157c1c874e7a', 'address': '0xa2120b9e674d3fc3875f415a7df52e382f141225', 'decimal': '0x12'}",{'blockTimestamp': '2022-07-09T18:31:10.000Z'}
837,0xe68f4a,0x6921a9cc67ad0e8922d8624ffc8adec14b27509a1fc5f1c718133527a46358a9:log:711,0x6921a9cc67ad0e8922d8624ffc8adec14b27509a1fc5f1c718133527a46358a9,0x1fe970be3e34ba07e29575b0dd61edb537ff849a,0xd2c10f2cda2889ab2d8017cb4025e1517f1100cc,102.61848178210946,,,,ATA,erc20,"{'value': '0x05901e157c1c874e7a', 'address': '0xa2120b9e674d3fc3875f415a7df52e382f141225', 'decimal': '0x12'}",{'blockTimestamp': '2022-07-09T18:19:01.000Z'}
838,0xe683a1,0xbd77d647f1b1b554442d1c5624b405b1039bc859a4d9eeed3d4cd65a582f6204:log:532,0xbd77d647f1b1b554442d1c5624b405b1039bc859a4d9eeed3d4cd65a582f6204,0xd2c10f2cda2889ab2d8017cb4025e1517f1100cc,0x1fe970be3e34ba07e29575b0dd61edb537ff849a,181.7096710840645,,,,ATA,erc20,"{'value': '0x09d9ba6f1ca2bbfc60', 'address': '0xa2120b9e674d3fc3875f415a7df52e382f141225', 'decimal': '0x12'}",{'blockTimestamp': '2022-07-09T07:16:18.000Z'}
839,0xe6837c,0x69cfdd4818aeeb0e8bb7af97c6e8c5068bf3ff445943078b17a11fcb7dfef562:log:15,0x69cfdd4818aeeb0e8bb7af97c6e8c5068bf3ff445943078b17a11fcb7dfef562,0x74de5d4fcbf63e00296fd95d33236b9794016631,0xd2c10f2cda2889ab2d8017cb4025e1517f1100cc,181.7096710840645,,,,ATA,erc20,"{'value': '0x09d9ba6f1ca2bbfc60', 'address': '0xa2120b9e674d3fc3875f415a7df52e382f141225', 'decimal': '0x12'}",{'blockTimestamp': '2022-07-09T07:08:15.000Z'}
840,0xe6837c,0x69cfdd4818aeeb0e8bb7af97c6e8c5068bf3ff445943078b17a11fcb7dfef562:log:12,0x69cfdd4818aeeb0e8bb7af97c6e8c5068bf3ff445943078b17a11fcb7dfef562,0x5654d65578cda52791879751141f2f3d7dc27fe4,0x74de5d4fcbf63e00296fd95d33236b9794016631,181.7096710840645,,,,ATA,erc20,"{'value': '0x09d9ba6f1ca2bbfc60', 'address': '0xa2120b9e674d3fc3875f415a7df52e382f141225', 'decimal': '0x12'}",{'blockTimestamp': '2022-07-09T07:08:15.000Z'}
841,0xe6820f,0xa30600e718bdaa48bff8ff59fb187b02ef0e2d4ff155c78f8ae71a316f71d211:log:326,0xa30600e718bdaa48bff8ff59fb187b02ef0e2d4ff155c78f8ae71a316f71d211,0xb5d85cbf7cb3ee0d56b3bb207d5fc4b82f43f511,0xfe2a08aa4573621159288f112cbe1b9db27d231b,134.34848745,,,,ATA,erc20,"{'value': '0x074875b586e8468400', 'address': '0xa2120b9e674d3fc3875f415a7df52e382f141225', 'decimal': '0x12'}",{'blockTimestamp': '2022-07-09T05:51:09.000Z'}
842,0xe67f30,0xeeeba5b84ac9dd120da9fa34cba5d3bd053e38a7a3bac3ca5862808d8d3b203c:log:64,0xeeeba5b84ac9dd120da9fa34cba5d3bd053e38a7a3bac3ca5862808d8d3b203c,0xf05e2a70346560d3228c7002194bb7c5dc8fe100,0x28c6c06298d514db089934071355e5743bf21d60,35694.0,,,,ATA,erc20,"{'value': '0x078ef9c20d1538f80000', 'address': '0xa2120b9e674d3fc3875f415a7df52e382f141225', 'decimal': '0x12'}",{'blockTimestamp': '2022-07-09T03:00:10.000Z'}
843,0xe67e36,0x17031e0ef4a20b78e4692b9df142aaf84b0965986659323c7eeb86bb5ba79d82:log:44,0x17031e0ef4a20b78e4692b9df142aaf84b0965986659323c7eeb86bb5ba79d82,0x0d0707963952f2fba59dd06f2b425ace40b492fe,0xf05e2a70346560d3228c7002194bb7c5dc8fe100,35694.0,,,,ATA,erc20,"{'value': '0x078ef9c20d1538f80000', 'address': '0xa2120b9e674d3fc3875f415a7df52e382f141225', 'decimal': '0x12'}",{'blockTimestamp': '2022-07-09T01:55:29.000Z'}
844,0xe67486,0x2e85c0bbc6f5f154a9f1692fbe1994673dfa6e3d78743c3517d113dd64dd1f5d:log:191,0x2e85c0bbc6f5f154a9f1692fbe1994673dfa6e3d78743c3517d113dd64dd1f5d,0x21a31ee1afc51d94c2efccaa2092ad1028285549,0xd6b38bea1b891c9064b1167fb68f8478f6829326,56353.0,,,,ATA,erc20,"{'value': '0x0beee6f9f10283e40000', 'address': '0xa2120b9e674d3fc3875f415a7df52e382f141225', 'decimal': '0x12'}",{'blockTimestamp': '2022-07-08T16:51:01.000Z'}
845,0xe67164,0x2221d8f52eaee4954613cc5b020cfe2f14b10c114aa278bfd6df840460b3f3be:log:538,0x2221d8f52eaee4954613cc5b020cfe2f14b10c114aa278bfd6df840460b3f3be,0xf05e2a70346560d3228c7002194bb7c5dc8fe100,0x28c6c06298d514db089934071355e5743bf21d60,48429.0,,,,ATA,erc20,"{'value': '0x0a415762c02940940000', 'address': '0xa2120b9e674d3fc3875f415a7df52e382f141225', 'decimal': '0x12'}",{'blockTimestamp': '2022-07-08T14:00:15.000Z'}
846,0xe67152,0xa113120126f42b1073bf4ea8dc5b173019c28e14e2db55654afbc5968e7a65fd:log:85,0xa113120126f42b1073bf4ea8dc5b173019c28e14e2db55654afbc5968e7a65fd,0x28c6c06298d514db089934071355e5743bf21d60,0x34b6d0acf7a5db1cb714d04faba02306e8cfdf4a,54000.00000000001,,,,ATA,erc20,"{'value': '0x0b6f588aa7bcf5c00000', 'address': '0xa2120b9e674d3fc3875f415a7df52e382f141225', 'decimal': '0x12'}",{'blockTimestamp': '2022-07-08T13:56:50.000Z'}
847,0xe67132,0x0f95c0d17abb21c56c54d8e93437f75d1bed8b339ec230885a425c8d0486a98f:log:57,0x0f95c0d17abb21c56c54d8e93437f75d1bed8b339ec230885a425c8d0486a98f,0x0d0707963952f2fba59dd06f2b425ace40b492fe,0xf05e2a70346560d3228c7002194bb7c5dc8fe100,48429.0,,,,ATA,erc20,"{'value': '0x0a415762c02940940000', 'address': '0xa2120b9e674d3fc3875f415a7df52e382f141225', 'decimal': '0x12'}",{'blockTimestamp': '2022-07-08T13:49:26.000Z'}
848,0xe66bae,0xef871cccb017dd36a477c113a1945fb796e2afdf85a1e66fe0a55fa1c8950033:log:79,0xef871cccb017dd36a477c113a1945fb796e2afdf85a1e66fe0a55fa1c8950033,0x6e0787c1c75216bbe6cc81abe498710a0419b4f7,0x28c6c06298d514db089934071355e5743bf21d60,1415.0,,,,ATA,erc20,"{'value': '0x4cb511db0239bc0000', 'address': '0xa2120b9e674d3fc3875f415a7df52e382f141225', 'decimal': '0x12'}",{'blockTimestamp': '2022-07-08T08:30:06.000Z'}
849,0xe66b2a,0xcc10c358a5a416fd9a492826ec899dcc8d6a9a50ecd0ff05d971b8684b1e7403:log:443,0xcc10c358a5a416fd9a492826ec899dcc8d6a9a50ecd0ff05d971b8684b1e7403,0xd8259173fb6ae1fb2462213bc1fe951c41a35a59,0x28c6c06298d514db089934071355e5743bf21d60,17796.0,,,,ATA,erc20,"{'value': '0x03c4b91ca0c043900000', 'address': '0xa2120b9e674d3fc3875f415a7df52e382f141225', 'decimal': '0x12'}",{'blockTimestamp': '2022-07-08T08:00:43.000Z'}
850,0xe66b05,0x239d9247ca91b2bb3e99a1f1d8f781bf198538473d633740850086daa786328c:log:258,0x239d9247ca91b2bb3e99a1f1d8f781bf198538473d633740850086daa786328c,0x3c02290922a3618a4646e3bbca65853ea45fe7c6,0x6e0787c1c75216bbe6cc81abe498710a0419b4f7,1415.0,,,,ATA,erc20,"{'value': '0x4cb511db0239bc0000', 'address': '0xa2120b9e674d3fc3875f415a7df52e382f141225', 'decimal': '0x12'}",{'blockTimestamp': '2022-07-08T07:49:48.000Z'}
851,0xe66aeb,0x7d01c914a60edba78d2c065c6597978818caf1f400e40542c86cbb21ea54f046:log:176,0x7d01c914a60edba78d2c065c6597978818caf1f400e40542c86cbb21ea54f046,0x3c02290922a3618a4646e3bbca65853ea45fe7c6,0xd8259173fb6ae1fb2462213bc1fe951c41a35a59,17796.0,,,,ATA,erc20,"{'value': '0x03c4b91ca0c043900000', 'address': '0xa2120b9e674d3fc3875f415a7df52e382f141225', 'decimal': '0x12'}",{'blockTimestamp': '2022-07-08T07:46:08.000Z'}
852,0xe668ef,0xef67df075a44378ed7db1c26e4a26eacf1ae92a54cf1dfeaa0f72933fea2608a:log:339,0xef67df075a44378ed7db1c26e4a26eacf1ae92a54cf1dfeaa0f72933fea2608a,0x05a2cbf65b8767ec19616381f72236de551b96fb,0x03fb302fd52816a08a8439c17d61b91ff30fb48c,61.172293433630585,,,,ATA,erc20,"{'value': '0x0350efa4c5ef8305ec', 'address': '0xa2120b9e674d3fc3875f415a7df52e382f141225', 'decimal': '0x12'}",{'blockTimestamp': '2022-07-08T05:50:11.000Z'}
853,0xe65f17,0x93de13f27c9560c0df16d1ff45316343fbb52140010a64c07777c33f3c77ac13:log:178,0x93de13f27c9560c0df16d1ff45316343fbb52140010a64c07777c33f3c77ac13,0x6767526a362ec6c6b1df185478e4f01506b73ff3,0x28c6c06298d514db089934071355e5743bf21d60,27874.0,,,,ATA,erc20,"{'value': '0x05e70d751537f6480000', 'address': '0xa2120b9e674d3fc3875f415a7df52e382f141225', 'decimal': '0x12'}",{'blockTimestamp': '2022-07-07T20:40:59.000Z'}
854,0xe65d34,0x3c8f1324224bcc6b63caea0ddc8be8836265825fed63949bf2214854a30534c1:log:94,0x3c8f1324224bcc6b63caea0ddc8be8836265825fed63949bf2214854a30534c1,0x3c02290922a3618a4646e3bbca65853ea45fe7c6,0x6767526a362ec6c6b1df185478e4f01506b73ff3,27874.0,,,,ATA,erc20,"{'value': '0x05e70d751537f6480000', 'address': '0xa2120b9e674d3fc3875f415a7df52e382f141225', 'decimal': '0x12'}",{'blockTimestamp': '2022-07-07T18:52:05.000Z'}
855,0xe659d8,0x67c392a53a0bca0b50e078535d8d936fe73f04561679566b345d7353b3f33382:log:300,0x67c392a53a0bca0b50e078535d8d936fe73f04561679566b345d7353b3f33382,0xf05e2a70346560d3228c7002194bb7c5dc8fe100,0x28c6c06298d514db089934071355e5743bf21d60,50104.0,,,,ATA,erc20,"{'value': '0x0a9c24ae29a17be00000', 'address': '0xa2120b9e674d3fc3875f415a7df52e382f141225', 'decimal': '0x12'}",{'blockTimestamp': '2022-07-07T15:35:43.000Z'}
856,0xe65984,0x5405584dab44ed0028079e919ed0f0ed3dc9bfc8cc42bb27992ff548757bbdcb:log:69,0x5405584dab44ed0028079e919ed0f0ed3dc9bfc8cc42bb27992ff548757bbdcb,0xf16e9b0d03470827a95cdfd0cb8a8a3b46969b91,0xf05e2a70346560d3228c7002194bb7c5dc8fe100,50104.0,,,,ATA,erc20,"{'value': '0x0a9c24ae29a17be00000', 'address': '0xa2120b9e674d3fc3875f415a7df52e382f141225', 'decimal': '0x12'}",{'blockTimestamp': '2022-07-07T15:19:42.000Z'}
857,0xe65912,0xf332baf81d36a4373f37f07e4b83f0a3cbfd84bef8a23e9024cbeb1071308029:log:381,0xf332baf81d36a4373f37f07e4b83f0a3cbfd84bef8a23e9024cbeb1071308029,0xdfd5293d8e347dfe59e90efd55b2956a1343963d,0x1672d2ae067bce239e2b703365d4d21db964adbe,4127.574,,,,ATA,erc20,"{'value': '0xdfc1989c2cfa2f0000', 'address': '0xa2120b9e674d3fc3875f415a7df52e382f141225', 'decimal': '0x12'}",{'blockTimestamp': '2022-07-07T14:54:36.000Z'}
858,0xe63fe6,0xfc9764ba517b20e18f25129d56742f9ec42952b02f72b35e90ad35e253fe0f09:log:306,0xfc9764ba517b20e18f25129d56742f9ec42952b02f72b35e90ad35e253fe0f09,0xf05e2a70346560d3228c7002194bb7c5dc8fe100,0x28c6c06298d514db089934071355e5743bf21d60,99199.0,,,,ATA,erc20,"{'value': '0x150196ac392c369c0000', 'address': '0xa2120b9e674d3fc3875f415a7df52e382f141225', 'decimal': '0x12'}",{'blockTimestamp': '2022-07-06T15:02:50.000Z'}
859,0xe63f9b,0x1adf62c3543a0a0f1e1d7f17608818c75981bb7c6c5b2b23012003cdb8984f18:log:127,0x1adf62c3543a0a0f1e1d7f17608818c75981bb7c6c5b2b23012003cdb8984f18,0x29c1aedd172a7d6e85b981c3ccf8bff885dd8cf1,0xb5d85cbf7cb3ee0d56b3bb207d5fc4b82f43f511,554.92622071,,,,ATA,erc20,"{'value': '0x1e1525f99c5190fc00', 'address': '0xa2120b9e674d3fc3875f415a7df52e382f141225', 'decimal': '0x12'}",{'blockTimestamp': '2022-07-06T14:47:44.000Z'}
860,0xe63f72,0x01741e04f5acd48b341fb4c6aadac31b1f48c9038580ab3d57f67698e2668a7c:log:541,0x01741e04f5acd48b341fb4c6aadac31b1f48c9038580ab3d57f67698e2668a7c,0xf16e9b0d03470827a95cdfd0cb8a8a3b46969b91,0xf05e2a70346560d3228c7002194bb7c5dc8fe100,99199.0,,,,ATA,erc20,"{'value': '0x150196ac392c369c0000', 'address': '0xa2120b9e674d3fc3875f415a7df52e382f141225', 'decimal': '0x12'}",{'blockTimestamp': '2022-07-06T14:38:37.000Z'}
861,0xe63f4c,0x3a0b4d251186015e9c792b0fd10069baad55bf320f1348bba1ddaa732f4f7303:log:324,0x3a0b4d251186015e9c792b0fd10069baad55bf320f1348bba1ddaa732f4f7303,0xee1aca29dc7dd8591f6894586e0946ca1cfb9ae2,0x29c1aedd172a7d6e85b981c3ccf8bff885dd8cf1,554.92622071,,,,ATA,erc20,"{'value': '0x1e1525f99c5190fc00', 'address': '0xa2120b9e674d3fc3875f415a7df52e382f141225', 'decimal': '0x12'}",{'blockTimestamp': '2022-07-06T14:30:10.000Z'}
862,0xe63a7f,0xc6fd195f4c545b5840254c18c7b0dce5ddc89fdd34281ee02a8d785507639837:log:573,0xc6fd195f4c545b5840254c18c7b0dce5ddc89fdd34281ee02a8d785507639837,0x10f90dd36517c9de5b8a1586220013a21002fa2e,0x28c6c06298d514db089934071355e5743bf21d60,20832.5,,,,ATA,erc20,"{'value': '0x04695503b6af3d320000', 'address': '0xa2120b9e674d3fc3875f415a7df52e382f141225', 'decimal': '0x12'}",{'blockTimestamp': '2022-07-06T10:01:27.000Z'}
863,0xe63a04,0x0fdfe3c6c9e48cbff3f49fd77b7fe9bb40083c2ac55254cec1227ee17b4ca8bc:log:306,0x0fdfe3c6c9e48cbff3f49fd77b7fe9bb40083c2ac55254cec1227ee17b4ca8bc,0xc864ec182fac0447a0c46056139e9d71d10a386c,0x28c6c06298d514db089934071355e5743bf21d60,267846.4285714286,,,,ATA,erc20,"{'value': '0x38b7fbe69a83ee39b6db', 'address': '0xa2120b9e674d3fc3875f415a7df52e382f141225', 'decimal': '0x12'}",{'blockTimestamp': '2022-07-06T09:33:50.000Z'}
864,0xe639fb,0xd1812aac2b2bb72340fa753bfccae4b1b7949f3560fc7950fdc3917f2b652ff1:log:188,0xd1812aac2b2bb72340fa753bfccae4b1b7949f3560fc7950fdc3917f2b652ff1,0x8992a7c145bf2e7e19cd55d38318b11328d3e7ad,0x28c6c06298d514db089934071355e5743bf21d60,49999.99999999999,,,,ATA,erc20,"{'value': '0x0a968163f0a57b400000', 'address': '0xa2120b9e674d3fc3875f415a7df52e382f141225', 'decimal': '0x12'}",{'blockTimestamp': '2022-07-06T09:32:03.000Z'}
865,0xe632fe,0x9b7177d0ff3033fbdb8787e96b548bd41e99d37b27272a29b5030301475f43e5:log:279,0x9b7177d0ff3033fbdb8787e96b548bd41e99d37b27272a29b5030301475f43e5,0xafc40fb7ed3b99310bd7f96d954bf8f44dd0d18d,0x5654d65578cda52791879751141f2f3d7dc27fe4,600.0,,,,ATA,erc20,"{'value': '0x2086ac351052600000', 'address': '0xa2120b9e674d3fc3875f415a7df52e382f141225', 'decimal': '0x12'}",{'blockTimestamp': '2022-07-06T02:39:42.000Z'}
866,0xe632f2,0x30c486458d5c02f1ed121427be21fdef5c50b19d61a458b29a8bbb68e62cc2d4:log:355,0x30c486458d5c02f1ed121427be21fdef5c50b19d61a458b29a8bbb68e62cc2d4,0x333809f51b1900e1b5454655cc0d1abe7b8b7e6e,0x1fe970be3e34ba07e29575b0dd61edb537ff849a,600.0,,,,ATA,erc20,"{'value': '0x2086ac351052600000', 'address': '0xa2120b9e674d3fc3875f415a7df52e382f141225', 'decimal': '0x12'}",{'blockTimestamp': '2022-07-06T02:37:11.000Z'}
867,0xe632e8,0xc4fbe875a72f2f9277d228dc3631b61961ad737af1ce29a6481349bc078325ad:log:301,0xc4fbe875a72f2f9277d228dc3631b61961ad737af1ce29a6481349bc078325ad,0x5654d65578cda52791879751141f2f3d7dc27fe4,0x333809f51b1900e1b5454655cc0d1abe7b8b7e6e,600.0,,,,ATA,erc20,"{'value': '0x2086ac351052600000', 'address': '0xa2120b9e674d3fc3875f415a7df52e382f141225', 'decimal': '0x12'}",{'blockTimestamp': '2022-07-06T02:35:47.000Z'}
868,0xe62dbb,0xb3a4f7ad7f52db35c1794627d1070998dc6a8c41f26a6eda10a4487df396b03f:log:123,0xb3a4f7ad7f52db35c1794627d1070998dc6a8c41f26a6eda10a4487df396b03f,0x7ecccabb5e4ff4537f70b0a5018e8c0cfd53fff4,0x28c6c06298d514db089934071355e5743bf21d60,99777.79536228001,,,,ATA,erc20,"{'value': '0x1520f7126c93bd891000', 'address': '0xa2120b9e674d3fc3875f415a7df52e382f141225', 'decimal': '0x12'}",{'blockTimestamp': '2022-07-05T21:30:05.000Z'}
869,0xe62c35,0x2c9c0995e8c31a014f968315bf85da3bd91df3c2eed7ff5ddf81bb1cb590e174:log:286,0x2c9c0995e8c31a014f968315bf85da3bd91df3c2eed7ff5ddf81bb1cb590e174,0xb5d85cbf7cb3ee0d56b3bb207d5fc4b82f43f511,0x7ecccabb5e4ff4537f70b0a5018e8c0cfd53fff4,99777.79536228001,,,,ATA,erc20,"{'value': '0x1520f7126c93bd891000', 'address': '0xa2120b9e674d3fc3875f415a7df52e382f141225', 'decimal': '0x12'}",{'blockTimestamp': '2022-07-05T20:00:13.000Z'}
870,0xe62c00,0x152427a4666bc5f4728da5cab4ef88ec05391b26d760ee705760b0adbc9e08e3:log:172,0x152427a4666bc5f4728da5cab4ef88ec05391b26d760ee705760b0adbc9e08e3,0x05a2cbf65b8767ec19616381f72236de551b96fb,0x05a2cbf65b8767ec19616381f72236de551b96fb,61.172293433630585,,,,ATA,erc20,"{'value': '0x0350efa4c5ef8305ec', 'address': '0xa2120b9e674d3fc3875f415a7df52e382f141225', 'decimal': '0x12'}",{'blockTimestamp': '2022-07-05T19:49:55.000Z'}
871,0xe627fb,0x1007d43c6c31df184f6259c324ce4a76a464b1b80517f3e917cb3d300428d551:log:376,0x1007d43c6c31df184f6259c324ce4a76a464b1b80517f3e917cb3d300428d551,0xfb0dac68505076b6f610b0c65da602962f14877c,0x738cf6903e6c4e699d1c2dd9ab8b67fcdb3121ea,75000.0,,,,ATA,erc20,"{'value': '0x0fe1c215e8f838e00000', 'address': '0xa2120b9e674d3fc3875f415a7df52e382f141225', 'decimal': '0x12'}",{'blockTimestamp': '2022-07-05T16:09:43.000Z'}
872,0xe62755,0xa41fe5967d5bf5e831cc73c661d10e74d5b3c1d073ae6b980256b1b7860e0875:log:285,0xa41fe5967d5bf5e831cc73c661d10e74d5b3c1d073ae6b980256b1b7860e0875,0xf16e9b0d03470827a95cdfd0cb8a8a3b46969b91,0xf1ccf19f71d820db4cd1263516a958d3e6272021,9853.9384,,,,ATA,erc20,"{'value': '0x02162eddbe65950e0000', 'address': '0xa2120b9e674d3fc3875f415a7df52e382f141225', 'decimal': '0x12'}",{'blockTimestamp': '2022-07-05T15:32:59.000Z'}
873,0xe6257e,0x09c7dc0e5b83f6f3f350a0bd659d4e2d3ff338418d91b1b9e003f5f96ba8462e:log:356,0x09c7dc0e5b83f6f3f350a0bd659d4e2d3ff338418d91b1b9e003f5f96ba8462e,0xffe9be91eeee0a168d9b92abc6cb3aeaf0e76e43,0xfb0dac68505076b6f610b0c65da602962f14877c,75000.0,,,,ATA,erc20,"{'value': '0x0fe1c215e8f838e00000', 'address': '0xa2120b9e674d3fc3875f415a7df52e382f141225', 'decimal': '0x12'}",{'blockTimestamp': '2022-07-05T13:48:19.000Z'}
874,0xe622f9,0x4a1f99f309f169088bef22256cc29c3b64ec1ec2c29eefd42c595fa80cad13ed:log:637,0x4a1f99f309f169088bef22256cc29c3b64ec1ec2c29eefd42c595fa80cad13ed,0x7ecccabb5e4ff4537f70b0a5018e8c0cfd53fff4,0x28c6c06298d514db089934071355e5743bf21d60,99955.16453732,,,,ATA,erc20,"{'value': '0x152a94905188a8d11000', 'address': '0xa2120b9e674d3fc3875f415a7df52e382f141225', 'decimal': '0x12'}",{'blockTimestamp': '2022-07-05T11:30:45.000Z'}
875,0xe62238,0x1f5c9e994b17f3c466bd424b22d517099661703d6373aadd526818dfd297d84c:log:87,0x1f5c9e994b17f3c466bd424b22d517099661703d6373aadd526818dfd297d84c,0x2ddecdbaa97e69910c259699ee55163e25a7387d,0x5654d65578cda52791879751141f2f3d7dc27fe4,561.3014000000001,,,,ATA,erc20,"{'value': '0x1e6d9f2965d1718000', 'address': '0xa2120b9e674d3fc3875f415a7df52e382f141225', 'decimal': '0x12'}",{'blockTimestamp': '2022-07-05T10:49:33.000Z'}
876,0xe6222b,0x00cad40001ccf53054bc937c02c6892146581ce557b1067b56e819ff2785e17b:log:132,0x00cad40001ccf53054bc937c02c6892146581ce557b1067b56e819ff2785e17b,0xf16e9b0d03470827a95cdfd0cb8a8a3b46969b91,0x2ddecdbaa97e69910c259699ee55163e25a7387d,561.3014000000001,,,,ATA,erc20,"{'value': '0x1e6d9f2965d1718000', 'address': '0xa2120b9e674d3fc3875f415a7df52e382f141225', 'decimal': '0x12'}",{'blockTimestamp': '2022-07-05T10:46:49.000Z'}
877,0xe621ad,0xbb585d774957e8357ead483e234be884b028b954ee7a568f99e8dac7fd7c13b3:log:270,0xbb585d774957e8357ead483e234be884b028b954ee7a568f99e8dac7fd7c13b3,0xb5d85cbf7cb3ee0d56b3bb207d5fc4b82f43f511,0x7ecccabb5e4ff4537f70b0a5018e8c0cfd53fff4,99955.16453732,,,,ATA,erc20,"{'value': '0x152a94905188a8d11000', 'address': '0xa2120b9e674d3fc3875f415a7df52e382f141225', 'decimal': '0x12'}",{'blockTimestamp': '2022-07-05T10:19:16.000Z'}
878,0xe61a8c,0x4a4278721bd99c95969e65b91d04ab419f0d879f4fee8dea005fdd8bf6c187f2:log:372,0x4a4278721bd99c95969e65b91d04ab419f0d879f4fee8dea005fdd8bf6c187f2,0xa56be9b693494677b45f05ba5c57ec598e827fcf,0xb5d85cbf7cb3ee0d56b3bb207d5fc4b82f43f511,230.59677075000002,,,,ATA,erc20,"{'value': '0x0c802c4d3e39efec00', 'address': '0xa2120b9e674d3fc3875f415a7df52e382f141225', 'decimal': '0x12'}",{'blockTimestamp': '2022-07-05T03:19:27.000Z'}
879,0xe61a64,0xbd1201cdc84b359d2eddf516b66557cc0fab6f96007cab4b7e6c85ad36155b14:log:517,0xbd1201cdc84b359d2eddf516b66557cc0fab6f96007cab4b7e6c85ad36155b14,0x21a31ee1afc51d94c2efccaa2092ad1028285549,0xa56be9b693494677b45f05ba5c57ec598e827fcf,230.59677075000002,,,,ATA,erc20,"{'value': '0x0c802c4d3e39efec00', 'address': '0xa2120b9e674d3fc3875f415a7df52e382f141225', 'decimal': '0x12'}",{'blockTimestamp': '2022-07-05T03:10:36.000Z'}
880,0xe615e8,0x317150f8d181e1595dba5acc0a036067691c1d52d55b33e0389a73a1cdf52403:log:482,0x317150f8d181e1595dba5acc0a036067691c1d52d55b33e0389a73a1cdf52403,0xf05e2a70346560d3228c7002194bb7c5dc8fe100,0x28c6c06298d514db089934071355e5743bf21d60,54312.0,,,,ATA,erc20,"{'value': '0x0b80426952b0f7a00000', 'address': '0xa2120b9e674d3fc3875f415a7df52e382f141225', 'decimal': '0x12'}",{'blockTimestamp': '2022-07-04T23:01:02.000Z'}
881,0xe61544,0x9194347c8fe4b58e3b49ba445874a022f284529fe3f52c3d1f73454ba35ce1a3:log:207,0x9194347c8fe4b58e3b49ba445874a022f284529fe3f52c3d1f73454ba35ce1a3,0x0d0707963952f2fba59dd06f2b425ace40b492fe,0xf05e2a70346560d3228c7002194bb7c5dc8fe100,54312.0,,,,ATA,erc20,"{'value': '0x0b80426952b0f7a00000', 'address': '0xa2120b9e674d3fc3875f415a7df52e382f141225', 'decimal': '0x12'}",{'blockTimestamp': '2022-07-04T22:23:02.000Z'}
882,0xe61200,0xdceca8a8a9b0aab821ae5f5f949ac2ccf17b27f41a5e514fa9ccca147632481f:log:149,0xdceca8a8a9b0aab821ae5f5f949ac2ccf17b27f41a5e514fa9ccca147632481f,0xe5719bd33042dbb6d82ba95a7467a1f0d1fc56b1,0xb5d85cbf7cb3ee0d56b3bb207d5fc4b82f43f511,196.80012638920653,,,,ATA,erc20,"{'value': '0x0aab2680425ca1dcd2', 'address': '0xa2120b9e674d3fc3875f415a7df52e382f141225', 'decimal': '0x12'}",{'blockTimestamp': '2022-07-04T19:14:34.000Z'}
883,0xe611cb,0x16e46bf340bbf5e9456dab6c38a81f6c29ffd69fcbfb8495d468e7ea59ee1eed:log:187,0x16e46bf340bbf5e9456dab6c38a81f6c29ffd69fcbfb8495d468e7ea59ee1eed,0x01eeb8b289ed1a943930bb95530273a1082c2fdb,0xe5719bd33042dbb6d82ba95a7467a1f0d1fc56b1,196.80012638920653,,,,ATA,erc20,"{'value': '0x0aab2680425ca1dcd2', 'address': '0xa2120b9e674d3fc3875f415a7df52e382f141225', 'decimal': '0x12'}",{'blockTimestamp': '2022-07-04T19:03:51.000Z'}
884,0xe611c4,0x9ba2b38f50164aeb79b1829ec0ee9e93233b93955d3dac7a38c5de4218625f31:log:37,0x9ba2b38f50164aeb79b1829ec0ee9e93233b93955d3dac7a38c5de4218625f31,0xe66b31678d6c16e9ebf358268a790b763c133750,0x01eeb8b289ed1a943930bb95530273a1082c2fdb,196.80012638920653,,,,ATA,erc20,"{'value': '0x0aab2680425ca1dcd2', 'address': '0xa2120b9e674d3fc3875f415a7df52e382f141225', 'decimal': '0x12'}",{'blockTimestamp': '2022-07-04T19:01:46.000Z'}
885,0xe611c4,0x9ba2b38f50164aeb79b1829ec0ee9e93233b93955d3dac7a38c5de4218625f31:log:35,0x9ba2b38f50164aeb79b1829ec0ee9e93233b93955d3dac7a38c5de4218625f31,0x22f9dcf4647084d6c31b2765f6910cd85c178c18,0xe66b31678d6c16e9ebf358268a790b763c133750,196.80012638920653,,,,ATA,erc20,"{'value': '0x0aab2680425ca1dcd2', 'address': '0xa2120b9e674d3fc3875f415a7df52e382f141225', 'decimal': '0x12'}",{'blockTimestamp': '2022-07-04T19:01:46.000Z'}
886,0xe611c4,0x9ba2b38f50164aeb79b1829ec0ee9e93233b93955d3dac7a38c5de4218625f31:log:31,0x9ba2b38f50164aeb79b1829ec0ee9e93233b93955d3dac7a38c5de4218625f31,0x5654d65578cda52791879751141f2f3d7dc27fe4,0x22f9dcf4647084d6c31b2765f6910cd85c178c18,196.80012638920653,,,,ATA,erc20,"{'value': '0x0aab2680425ca1dcd2', 'address': '0xa2120b9e674d3fc3875f415a7df52e382f141225', 'decimal': '0x12'}",{'blockTimestamp': '2022-07-04T19:01:46.000Z'}
887,0xe60fa4,0x54c1ba5ee97c2f255c2e6ef8ece85c5d8f76813760b6388f7b37f46ef3983f0f:log:111,0x54c1ba5ee97c2f255c2e6ef8ece85c5d8f76813760b6388f7b37f46ef3983f0f,0xb5d85cbf7cb3ee0d56b3bb207d5fc4b82f43f511,0x4f3a519cba4fd55ea63700e691a0965d32dc96c8,261.19653037,,,,ATA,erc20,"{'value': '0x0e28d47c7e34611400', 'address': '0xa2120b9e674d3fc3875f415a7df52e382f141225', 'decimal': '0x12'}",{'blockTimestamp': '2022-07-04T17:00:41.000Z'}
888,0xe60242,0x4e0ab7183bb44db4b475abc2b878cf86dd4130d3e87ed1630972302418ee4fb1:log:55,0x4e0ab7183bb44db4b475abc2b878cf86dd4130d3e87ed1630972302418ee4fb1,0xb638c9ed38621892c52611fac202aca483482c0d,0xb5d85cbf7cb3ee0d56b3bb207d5fc4b82f43f511,260748.0,,,,ATA,erc20,"{'value': '0x37372d6a51e332b00000', 'address': '0xa2120b9e674d3fc3875f415a7df52e382f141225', 'decimal': '0x12'}",{'blockTimestamp': '2022-07-04T04:20:02.000Z'}
889,0xe60215,0x021aa875cc136111ae35d78c632acaa78581ca8ff9bbc194c3653b34ef451c31:log:418,0x021aa875cc136111ae35d78c632acaa78581ca8ff9bbc194c3653b34ef451c31,0x28c6c06298d514db089934071355e5743bf21d60,0xb638c9ed38621892c52611fac202aca483482c0d,260748.0,,,,ATA,erc20,"{'value': '0x37372d6a51e332b00000', 'address': '0xa2120b9e674d3fc3875f415a7df52e382f141225', 'decimal': '0x12'}",{'blockTimestamp': '2022-07-04T04:10:49.000Z'}
890,0xe6002c,0x6370137731e7a502de9139f88d5e49cd1a2aa8606e04ce48deb40d299ac29c56:log:382,0x6370137731e7a502de9139f88d5e49cd1a2aa8606e04ce48deb40d299ac29c56,0xb5d85cbf7cb3ee0d56b3bb207d5fc4b82f43f511,0x403cd03c31513c1f896a7c9e04c5e9f470a486ea,39.61266828,,,,ATA,erc20,"{'value': '0x0225bc77ec7ac8b000', 'address': '0xa2120b9e674d3fc3875f415a7df52e382f141225', 'decimal': '0x12'}",{'blockTimestamp': '2022-07-04T02:22:05.000Z'}
891,0xe5fff3,0x62785701221eb1e644ae55fb398e4be703b27f63aba4f4310bcecd34c5ee36de:log:73,0x62785701221eb1e644ae55fb398e4be703b27f63aba4f4310bcecd34c5ee36de,0xe66b31678d6c16e9ebf358268a790b763c133750,0x5654d65578cda52791879751141f2f3d7dc27fe4,86.67452060190001,,,,ATA,erc20,"{'value': '0x04b2d9c1442186a300', 'address': '0xa2120b9e674d3fc3875f415a7df52e382f141225', 'decimal': '0x12'}",{'blockTimestamp': '2022-07-04T02:09:01.000Z'}
892,0xe5fff3,0x62785701221eb1e644ae55fb398e4be703b27f63aba4f4310bcecd34c5ee36de:log:70,0x62785701221eb1e644ae55fb398e4be703b27f63aba4f4310bcecd34c5ee36de,0x01eeb8b289ed1a943930bb95530273a1082c2fdb,0xe66b31678d6c16e9ebf358268a790b763c133750,86.67452060190001,,,,ATA,erc20,"{'value': '0x04b2d9c1442186a300', 'address': '0xa2120b9e674d3fc3875f415a7df52e382f141225', 'decimal': '0x12'}",{'blockTimestamp': '2022-07-04T02:09:01.000Z'}
893,0xe5fff3,0x62785701221eb1e644ae55fb398e4be703b27f63aba4f4310bcecd34c5ee36de:log:68,0x62785701221eb1e644ae55fb398e4be703b27f63aba4f4310bcecd34c5ee36de,0x01eeb8b289ed1a943930bb95530273a1082c2fdb,0x382ffce2287252f930e1c8dc9328dac5bf282ba1,0.8755002081,,,,ATA,erc20,"{'value': '0x0c2666ccf894c100', 'address': '0xa2120b9e674d3fc3875f415a7df52e382f141225', 'decimal': '0x12'}",{'blockTimestamp': '2022-07-04T02:09:01.000Z'}
894,0xe5f423,0x5896a4b2f57695b52a0a640899489e99580d0486632040d245bb274c78aff4cc:log:124,0x5896a4b2f57695b52a0a640899489e99580d0486632040d245bb274c78aff4cc,0xf16e9b0d03470827a95cdfd0cb8a8a3b46969b91,0xc5b9757bddae2407e829ff75c400dc9e68c98f48,1142.73211117,,,,ATA,erc20,"{'value': '0x3df29800a7a80a1400', 'address': '0xa2120b9e674d3fc3875f415a7df52e382f141225', 'decimal': '0x12'}",{'blockTimestamp': '2022-07-03T14:54:37.000Z'}
895,0xe5ecba,0x442a97e16b8dcf0d57c5810b988b8ffe60cd0d9bf9dae6b844e39879532869da:log:48,0x442a97e16b8dcf0d57c5810b988b8ffe60cd0d9bf9dae6b844e39879532869da,0xd54e4f8a55247487dd7c8c59f14ee5c0c2889477,0x5654d65578cda52791879751141f2f3d7dc27fe4,298.92681039071897,,,,ATA,erc20,"{'value': '0x1034715e44ab5a5abe', 'address': '0xa2120b9e674d3fc3875f415a7df52e382f141225', 'decimal': '0x12'}",{'blockTimestamp': '2022-07-03T07:57:50.000Z'}
896,0xe5ec9b,0x036d416c80f7f8022912900f7bd30eb5ea60f702befc5ff40e84baa9f953b62a:log:336,0x036d416c80f7f8022912900f7bd30eb5ea60f702befc5ff40e84baa9f953b62a,0x40ec5b33f54e0e8a33a975908c5ba1c14e5bbbdf,0xd54e4f8a55247487dd7c8c59f14ee5c0c2889477,298.92681039071897,,,,ATA,erc20,"{'value': '0x1034715e44ab5a5abe', 'address': '0xa2120b9e674d3fc3875f415a7df52e382f141225', 'decimal': '0x12'}",{'blockTimestamp': '2022-07-03T07:51:54.000Z'}
897,0xe5ebd6,0xf43888ab2ccedbf9b4186fe8f808d8c622bc2e019d528bd1220b989851593f07:log:343,0xf43888ab2ccedbf9b4186fe8f808d8c622bc2e019d528bd1220b989851593f07,0xbf3a24a5c1b9cfd5d8973b5c187e49fc81fa95cb,0xb5d85cbf7cb3ee0d56b3bb207d5fc4b82f43f511,511.44010767,,,,ATA,erc20,"{'value': '0x1bb9a8443335e25c00', 'address': '0xa2120b9e674d3fc3875f415a7df52e382f141225', 'decimal': '0x12'}",{'blockTimestamp': '2022-07-03T07:10:48.000Z'}
898,0xe5eba1,0x1fb9b36ca630bb61557c09f4e14d1b6b515088462ec76e47784d1f2fa8bb8c9e:log:167,0x1fb9b36ca630bb61557c09f4e14d1b6b515088462ec76e47784d1f2fa8bb8c9e,0x1aed1e5e639b8d1e11feb14e4e31d89e34caf3c9,0xbf3a24a5c1b9cfd5d8973b5c187e49fc81fa95cb,511.44010767,,,,ATA,erc20,"{'value': '0x1bb9a8443335e25c00', 'address': '0xa2120b9e674d3fc3875f415a7df52e382f141225', 'decimal': '0x12'}",{'blockTimestamp': '2022-07-03T07:01:09.000Z'}
899,0xe5e984,0xc7c655a963a331a8ceee42d4c55f6525835028bdbf4950f7bee38e2673877b21:log:114,0xc7c655a963a331a8ceee42d4c55f6525835028bdbf4950f7bee38e2673877b21,0xf16e9b0d03470827a95cdfd0cb8a8a3b46969b91,0x68c68d2639703f5271abc8aa7bbe0e867c7eeea0,765.1151,,,,ATA,erc20,"{'value': '0x297a1ae1b24b79c000', 'address': '0xa2120b9e674d3fc3875f415a7df52e382f141225', 'decimal': '0x12'}",{'blockTimestamp': '2022-07-03T04:54:14.000Z'}
900,0xe5e3d3,0xaf4004c505823c7d7e511e47b3efd693ca8207a7271ff7c8a8e1c94f43c149c7:log:82,0xaf4004c505823c7d7e511e47b3efd693ca8207a7271ff7c8a8e1c94f43c149c7,0x7ecccabb5e4ff4537f70b0a5018e8c0cfd53fff4,0x28c6c06298d514db089934071355e5743bf21d60,99402.74078732001,,,,ATA,erc20,"{'value': '0x150ca224e7c6799eb000', 'address': '0xa2120b9e674d3fc3875f415a7df52e382f141225', 'decimal': '0x12'}",{'blockTimestamp': '2022-07-02T23:38:12.000Z'}
901,0xe5e31c,0xa45f196cb947ae8794ce08e5987527cb40457bc027d1c8d5310c8fadbf3beb89:log:393,0xa45f196cb947ae8794ce08e5987527cb40457bc027d1c8d5310c8fadbf3beb89,0xb5d85cbf7cb3ee0d56b3bb207d5fc4b82f43f511,0x7ecccabb5e4ff4537f70b0a5018e8c0cfd53fff4,99402.74078732001,,,,ATA,erc20,"{'value': '0x150ca224e7c6799eb000', 'address': '0xa2120b9e674d3fc3875f415a7df52e382f141225', 'decimal': '0x12'}",{'blockTimestamp': '2022-07-02T22:55:10.000Z'}
902,0xe5e111,0x8492933788dcdb640f8be7a128731320941e98fc97c0bd0b66e966fb4adf0495:log:427,0x8492933788dcdb640f8be7a128731320941e98fc97c0bd0b66e966fb4adf0495,0x7596524690fba5a6ac03592fb976d339f5e5df0a,0x95b564f3b3bae3f206aa418667ba000afafacc8a,544.0,,,,ATA,erc20,"{'value': '0x1d7d843dc3b4800000', 'address': '0xa2120b9e674d3fc3875f415a7df52e382f141225', 'decimal': '0x12'}",{'blockTimestamp': '2022-07-02T20:54:21.000Z'}
903,0xe5ddf2,0x7d337c09d287bffa09879c87b7d96e7b11999d621b6688aad8eadd763d32b288:log:234,0x7d337c09d287bffa09879c87b7d96e7b11999d621b6688aad8eadd763d32b288,0x20e74b82e9c2b24063c516397cd1fc2eeeb17cc0,0x3c02290922a3618a4646e3bbca65853ea45fe7c6,35248.84,,,,ATA,erc20,"{'value': '0x0776d7ec07a444140000', 'address': '0xa2120b9e674d3fc3875f415a7df52e382f141225', 'decimal': '0x12'}",{'blockTimestamp': '2022-07-02T17:51:28.000Z'}
904,0xe5dad3,0x0fd3822721d7909eac38843a90f8650347df2f5bc8206154b44e28d613f9605f:log:310,0x0fd3822721d7909eac38843a90f8650347df2f5bc8206154b44e28d613f9605f,0x20e74b82e9c2b24063c516397cd1fc2eeeb17cc0,0x3c02290922a3618a4646e3bbca65853ea45fe7c6,19618.0,,,,ATA,erc20,"{'value': '0x04277e70f3619d480000', 'address': '0xa2120b9e674d3fc3875f415a7df52e382f141225', 'decimal': '0x12'}",{'blockTimestamp': '2022-07-02T14:55:27.000Z'}
905,0xe5d768,0x3b47115988c51333be60cab50d60a08eee3398c846d2b9facfef3da3487686d8:log:251,0x3b47115988c51333be60cab50d60a08eee3398c846d2b9facfef3da3487686d8,0xb5d85cbf7cb3ee0d56b3bb207d5fc4b82f43f511,0x01eeb8b289ed1a943930bb95530273a1082c2fdb,87.55002081,,,,ATA,erc20,"{'value': '0x04bf0028111a1b6400', 'address': '0xa2120b9e674d3fc3875f415a7df52e382f141225', 'decimal': '0x12'}",{'blockTimestamp': '2022-07-02T11:40:33.000Z'}
906,0xe5d71c,0xd1fe25436f4fe655f8626c16b1f952d78bf61229d2b1bb8983b5192051323882:log:172,0xd1fe25436f4fe655f8626c16b1f952d78bf61229d2b1bb8983b5192051323882,0xf16e9b0d03470827a95cdfd0cb8a8a3b46969b91,0xbc3dae5c9769775dbd2c93159019b388b4f21857,119.0167,,,,ATA,erc20,"{'value': '0x0673b042128f3bc000', 'address': '0xa2120b9e674d3fc3875f415a7df52e382f141225', 'decimal': '0x12'}",{'blockTimestamp': '2022-07-02T11:24:27.000Z'}
907,0xe5d110,0x47c89ff18e34ff9f34bbde759e3a5fbd0a50aa76985016d7f4d1e5b558ec1cf9:log:196,0x47c89ff18e34ff9f34bbde759e3a5fbd0a50aa76985016d7f4d1e5b558ec1cf9,0x05a2cbf65b8767ec19616381f72236de551b96fb,0x05a2cbf65b8767ec19616381f72236de551b96fb,61.172293433630585,,,,ATA,erc20,"{'value': '0x0350efa4c5ef8305ec', 'address': '0xa2120b9e674d3fc3875f415a7df52e382f141225', 'decimal': '0x12'}",{'blockTimestamp': '2022-07-02T05:46:46.000Z'}
908,0xe5d0f5,0x20744f87f9589f5a28af2a8c5aea59dc8e684484e3b76ccebe195b2d3e411c6b:log:264,0x20744f87f9589f5a28af2a8c5aea59dc8e684484e3b76ccebe195b2d3e411c6b,0x59f0bfd2d7f0a31523975a84ee1e950c25aebba4,0xb5d85cbf7cb3ee0d56b3bb207d5fc4b82f43f511,103.06631091999999,,,,ATA,erc20,"{'value': '0x05965517b688905000', 'address': '0xa2120b9e674d3fc3875f415a7df52e382f141225', 'decimal': '0x12'}",{'blockTimestamp': '2022-07-02T05:40:04.000Z'}
909,0xe5d0b9,0x92073c5a84e4fc69b9d20c032d7feeab1a25b7b84c78a76c8cb2eb9b70269249:log:70,0x92073c5a84e4fc69b9d20c032d7feeab1a25b7b84c78a76c8cb2eb9b70269249,0xb5d85cbf7cb3ee0d56b3bb207d5fc4b82f43f511,0x59f0bfd2d7f0a31523975a84ee1e950c25aebba4,103.06631091999999,,,,ATA,erc20,"{'value': '0x05965517b688905000', 'address': '0xa2120b9e674d3fc3875f415a7df52e382f141225', 'decimal': '0x12'}",{'blockTimestamp': '2022-07-02T05:28:31.000Z'}
910,0xe5c6c5,0x2f0d11e2e6e010e469c82f4909ea7bed0e690b78f0141d4c1e31d6ba477497cf:log:144,0x2f0d11e2e6e010e469c82f4909ea7bed0e690b78f0141d4c1e31d6ba477497cf,0x48c04ed5691981c42154c6167398f95e8f38a7ff,0xa02789210589674e72a5f780635cd7788e190810,1022.4888483999999,,,,ATA,erc20,"{'value': '0x376de21e3de03ca000', 'address': '0xa2120b9e674d3fc3875f415a7df52e382f141225', 'decimal': '0x12'}",{'blockTimestamp': '2022-07-01T20:04:03.000Z'}
911,0xe5c6c3,0x393724c3a1497bae20d84e8c0f1ca573eafbecf6f6f5994aab8b0f4758f84c55:log:109,0x393724c3a1497bae20d84e8c0f1ca573eafbecf6f6f5994aab8b0f4758f84c55,0xdfd5293d8e347dfe59e90efd55b2956a1343963d,0x48c04ed5691981c42154c6167398f95e8f38a7ff,1989.931122,,,,ATA,erc20,"{'value': '0x6bdfd7845a20812000', 'address': '0xa2120b9e674d3fc3875f415a7df52e382f141225', 'decimal': '0x12'}",{'blockTimestamp': '2022-07-01T20:03:43.000Z'}
912,0xe5beef,0xb181c6bb6a1afc3cad48d071a44e436c1102c902b51a3fd2b5f37b2451d212d0:log:320,0xb181c6bb6a1afc3cad48d071a44e436c1102c902b51a3fd2b5f37b2451d212d0,0xb638c9ed38621892c52611fac202aca483482c0d,0xb5d85cbf7cb3ee0d56b3bb207d5fc4b82f43f511,248309.0,,,,ATA,erc20,"{'value': '0x3494db9cde88b6b40000', 'address': '0xa2120b9e674d3fc3875f415a7df52e382f141225', 'decimal': '0x12'}",{'blockTimestamp': '2022-07-01T12:30:05.000Z'}
913,0xe5bec4,0x04c513b4d543c75e2c1098f63e4a691cfde3b3a5cf8c922a08cd6132c94be8c1:log:129,0x04c513b4d543c75e2c1098f63e4a691cfde3b3a5cf8c922a08cd6132c94be8c1,0x28c6c06298d514db089934071355e5743bf21d60,0x21a31ee1afc51d94c2efccaa2092ad1028285549,994490.442,,,,ATA,erc20,"{'value': '0xd2976f54bad14d610000', 'address': '0xa2120b9e674d3fc3875f415a7df52e382f141225', 'decimal': '0x12'}",{'blockTimestamp': '2022-07-01T12:20:28.000Z'}
914,0xe5bec1,0xebb5601c3b1ccd32729fedd59174171402faa52f2d6d0d4f41b6bb28ca37463a:log:205,0xebb5601c3b1ccd32729fedd59174171402faa52f2d6d0d4f41b6bb28ca37463a,0x21a31ee1afc51d94c2efccaa2092ad1028285549,0xb638c9ed38621892c52611fac202aca483482c0d,248309.0,,,,ATA,erc20,"{'value': '0x3494db9cde88b6b40000', 'address': '0xa2120b9e674d3fc3875f415a7df52e382f141225', 'decimal': '0x12'}",{'blockTimestamp': '2022-07-01T12:19:30.000Z'}
915,0xe5bb41,0xc2ebcbd7894b17b0139c876e366fd8b01b87f320075fb6b936fd919378317324:log:482,0xc2ebcbd7894b17b0139c876e366fd8b01b87f320075fb6b936fd919378317324,0xb638c9ed38621892c52611fac202aca483482c0d,0xb5d85cbf7cb3ee0d56b3bb207d5fc4b82f43f511,57580.0,,,,ATA,erc20,"{'value': '0x0c316b05a015d0300000', 'address': '0xa2120b9e674d3fc3875f415a7df52e382f141225', 'decimal': '0x12'}",{'blockTimestamp': '2022-07-01T08:59:15.000Z'}
916,0xe5bb2d,0x8d46cf0226ef8c41c872e9502178a53809f61f3c25f51a41fca77494538a8b94:log:344,0x8d46cf0226ef8c41c872e9502178a53809f61f3c25f51a41fca77494538a8b94,0x7bc61a51d02a527c099daabfaf7d40624996cf4b,0xb5d85cbf7cb3ee0d56b3bb207d5fc4b82f43f511,1151789.9899967283,,,,ATA,erc20,"{'value': '0xf3e6a914911e48a4e853', 'address': '0xa2120b9e674d3fc3875f415a7df52e382f141225', 'decimal': '0x12'}",{'blockTimestamp': '2022-07-01T08:55:00.000Z'}
917,0xe5bb0e,0x158753c7066c127e790f96b508c60813f80aabca8f1a8af8b18b8a1cea424c27:log:197,0x158753c7066c127e790f96b508c60813f80aabca8f1a8af8b18b8a1cea424c27,0x28c6c06298d514db089934071355e5743bf21d60,0xb638c9ed38621892c52611fac202aca483482c0d,57580.0,,,,ATA,erc20,"{'value': '0x0c316b05a015d0300000', 'address': '0xa2120b9e674d3fc3875f415a7df52e382f141225', 'decimal': '0x12'}",{'blockTimestamp': '2022-07-01T08:47:40.000Z'}
918,0xe5bafa,0x2ea1c2be00d147d860be9311a592006eb99327156e6e93abb0eb8630faffc682:log:203,0x2ea1c2be00d147d860be9311a592006eb99327156e6e93abb0eb8630faffc682,0x0044295aff063e6552583a6bb0808bb7043f27f4,0x7bc61a51d02a527c099daabfaf7d40624996cf4b,1151789.9899967283,,,,ATA,erc20,"{'value': '0xf3e6a914911e48a4e853', 'address': '0xa2120b9e674d3fc3875f415a7df52e382f141225', 'decimal': '0x12'}",{'blockTimestamp': '2022-07-01T08:43:08.000Z'}
919,0xe5b45e,0x51c00765cb350f9227f5c2cd995714ff623b5655afe1820f73e051cd49116732:log:327,0x51c00765cb350f9227f5c2cd995714ff623b5655afe1820f73e051cd49116732,0x7ecccabb5e4ff4537f70b0a5018e8c0cfd53fff4,0x28c6c06298d514db089934071355e5743bf21d60,99270.39386283001,,,,ATA,erc20,"{'value': '0x150575762d27dbb94c00', 'address': '0xa2120b9e674d3fc3875f415a7df52e382f141225', 'decimal': '0x12'}",{'blockTimestamp': '2022-07-01T02:30:37.000Z'}
920,0xe5b247,0x1e646a8c612d14cc5fb27b5183cdda92d3c2004c4adc5886875557bf2e1738b4:log:144,0x1e646a8c612d14cc5fb27b5183cdda92d3c2004c4adc5886875557bf2e1738b4,0xb5d85cbf7cb3ee0d56b3bb207d5fc4b82f43f511,0x7ecccabb5e4ff4537f70b0a5018e8c0cfd53fff4,99270.39386283001,,,,ATA,erc20,"{'value': '0x150575762d27dbb94c00', 'address': '0xa2120b9e674d3fc3875f415a7df52e382f141225', 'decimal': '0x12'}",{'blockTimestamp': '2022-07-01T00:32:17.000Z'}
921,0xe5ab34,0x3f646d4a5ce791d682e044dd2863b409c5a5ee418c8fa46b4c7a5c54e4c680ab:log:312,0x3f646d4a5ce791d682e044dd2863b409c5a5ee418c8fa46b4c7a5c54e4c680ab,0x511dbe9e6b7ede607f47d00a681bd5c7a6d397a1,0x40ec5b33f54e0e8a33a975908c5ba1c14e5bbbdf,19725.46119214,,,,ATA,erc20,"{'value': '0x042d51c3cc4761faf800', 'address': '0xa2120b9e674d3fc3875f415a7df52e382f141225', 'decimal': '0x12'}",{'blockTimestamp': '2022-06-30T17:32:39.000Z'}
922,0xe5ab24,0x26c9c3d4ca592361ddd421cf50bbf3e1eb7927b2faa396f07f3578a20759eb4b:log:112,0x26c9c3d4ca592361ddd421cf50bbf3e1eb7927b2faa396f07f3578a20759eb4b,0xdfd5293d8e347dfe59e90efd55b2956a1343963d,0x511dbe9e6b7ede607f47d00a681bd5c7a6d397a1,19725.46119214,,,,ATA,erc20,"{'value': '0x042d51c3cc4761faf800', 'address': '0xa2120b9e674d3fc3875f415a7df52e382f141225', 'decimal': '0x12'}",{'blockTimestamp': '2022-06-30T17:29:04.000Z'}
923,0xe5a8f6,0x0cf12ee78a011b76975ce7e28595437005e3bc48cecb56e57282ae8e621ee727:log:79,0x0cf12ee78a011b76975ce7e28595437005e3bc48cecb56e57282ae8e621ee727,0xb638c9ed38621892c52611fac202aca483482c0d,0xb5d85cbf7cb3ee0d56b3bb207d5fc4b82f43f511,87550.0,,,,ATA,erc20,"{'value': '0x128a1852943849380000', 'address': '0xa2120b9e674d3fc3875f415a7df52e382f141225', 'decimal': '0x12'}",{'blockTimestamp': '2022-06-30T15:10:31.000Z'}
924,0xe5a8b3,0x1cadbe17ea2773d898cde28cf455457e4cd94b02a77ef14f94ee4e1cdb4a2774:log:410,0x1cadbe17ea2773d898cde28cf455457e4cd94b02a77ef14f94ee4e1cdb4a2774,0xb638c9ed38621892c52611fac202aca483482c0d,0xb5d85cbf7cb3ee0d56b3bb207d5fc4b82f43f511,134519.0,,,,ATA,erc20,"{'value': '0x1c7c4a235bcae37c0000', 'address': '0xa2120b9e674d3fc3875f415a7df52e382f141225', 'decimal': '0x12'}",{'blockTimestamp': '2022-06-30T14:55:21.000Z'}
925,0xe5a77e,0x800ebd8e2af22f8eb8e948cc7231a2040d43456a02771287bdfcba0252d89f45:log:139,0x800ebd8e2af22f8eb8e948cc7231a2040d43456a02771287bdfcba0252d89f45,0x21a31ee1afc51d94c2efccaa2092ad1028285549,0x20e74b82e9c2b24063c516397cd1fc2eeeb17cc0,35248.84,,,,ATA,erc20,"{'value': '0x0776d7ec07a444140000', 'address': '0xa2120b9e674d3fc3875f415a7df52e382f141225', 'decimal': '0x12'}",{'blockTimestamp': '2022-06-30T13:42:29.000Z'}
926,0xe5a6d9,0x818f4a375b165d8ba920c897987703581ddfd13627a872ff373b37632258f39b:log:168,0x818f4a375b165d8ba920c897987703581ddfd13627a872ff373b37632258f39b,0x28c6c06298d514db089934071355e5743bf21d60,0xb638c9ed38621892c52611fac202aca483482c0d,87550.0,,,,ATA,erc20,"{'value': '0x128a1852943849380000', 'address': '0xa2120b9e674d3fc3875f415a7df52e382f141225', 'decimal': '0x12'}",{'blockTimestamp': '2022-06-30T12:57:16.000Z'}
927,0xe5a5e3,0x13c0e81a8363d177bec9defc4436477edb9cb59849ff21aee69bff30fbd8a645:log:65,0x13c0e81a8363d177bec9defc4436477edb9cb59849ff21aee69bff30fbd8a645,0xdfd5293d8e347dfe59e90efd55b2956a1343963d,0xb638c9ed38621892c52611fac202aca483482c0d,134519.0,,,,ATA,erc20,"{'value': '0x1c7c4a235bcae37c0000', 'address': '0xa2120b9e674d3fc3875f415a7df52e382f141225', 'decimal': '0x12'}",{'blockTimestamp': '2022-06-30T11:50:52.000Z'}
928,0xe5a51c,0x9a2ba1a2dfa694b041ccd71b0a6d56caf4a7d4351bfa1672cdf9a837385093f1:log:344,0x9a2ba1a2dfa694b041ccd71b0a6d56caf4a7d4351bfa1672cdf9a837385093f1,0x91715128a71c9c734cdc20e5edeeea02e72e428e,0x44c3d1b168be54dc31a53dda240ce6aa6108b998,1845214.2857142857,,,,ATA,erc20,"{'value': '0x0186bd44512cdc6ff92492', 'address': '0xa2120b9e674d3fc3875f415a7df52e382f141225', 'decimal': '0x12'}",{'blockTimestamp': '2022-06-30T10:56:33.000Z'}
929,0xe5a511,0x534425bb41c5018f15ff43076e7313bc1bb669584a220696a5f0ec0f78a58990:log:97,0x534425bb41c5018f15ff43076e7313bc1bb669584a220696a5f0ec0f78a58990,0xa2120b9e674d3fc3875f415a7df52e382f141225,0x91715128a71c9c734cdc20e5edeeea02e72e428e,1845214.2857142857,,,,ATA,erc20,"{'value': '0x0186bd44512cdc6ff92492', 'address': '0xa2120b9e674d3fc3875f415a7df52e382f141225', 'decimal': '0x12'}",{'blockTimestamp': '2022-06-30T10:54:06.000Z'}
930,0xe5a4b2,0x6b6d84245309095e9600a8ed4e8750a9d4599c06ad4231a4181e61b82b6ad449:log:356,0x6b6d84245309095e9600a8ed4e8750a9d4599c06ad4231a4181e61b82b6ad449,0x7ecccabb5e4ff4537f70b0a5018e8c0cfd53fff4,0x28c6c06298d514db089934071355e5743bf21d60,298883.66897299,,,,ATA,erc20,"{'value': '0x3f4a842321635d73ec00', 'address': '0xa2120b9e674d3fc3875f415a7df52e382f141225', 'decimal': '0x12'}",{'blockTimestamp': '2022-06-30T10:30:07.000Z'}
931,0xe5a423,0xb0b3e6d15016b1f8ba1a4c7088a27b09c1f0df07e5def007417ba7a6d641f762:log:166,0xb0b3e6d15016b1f8ba1a4c7088a27b09c1f0df07e5def007417ba7a6d641f762,0xb5d85cbf7cb3ee0d56b3bb207d5fc4b82f43f511,0x7ecccabb5e4ff4537f70b0a5018e8c0cfd53fff4,99356.15632432999,,,,ATA,erc20,"{'value': '0x150a1ba7a5803e56a400', 'address': '0xa2120b9e674d3fc3875f415a7df52e382f141225', 'decimal': '0x12'}",{'blockTimestamp': '2022-06-30T09:53:54.000Z'}
932,0xe5a419,0x521cf0019f048ffa786b15125821cd8e8576022af96ccdcb8027a452ccb4af02:log:120,0x521cf0019f048ffa786b15125821cd8e8576022af96ccdcb8027a452ccb4af02,0xb5d85cbf7cb3ee0d56b3bb207d5fc4b82f43f511,0x7ecccabb5e4ff4537f70b0a5018e8c0cfd53fff4,99931.05632433,,,,ATA,erc20,"{'value': '0x152945febd8cda68a400', 'address': '0xa2120b9e674d3fc3875f415a7df52e382f141225', 'decimal': '0x12'}",{'blockTimestamp': '2022-06-30T09:51:30.000Z'}
933,0xe5a412,0x3fba282107b45de4c6317a48f7db8130ccd172e8448f0d45e3d0afb3f0fdd292:log:76,0x3fba282107b45de4c6317a48f7db8130ccd172e8448f0d45e3d0afb3f0fdd292,0xb5d85cbf7cb3ee0d56b3bb207d5fc4b82f43f511,0x7ecccabb5e4ff4537f70b0a5018e8c0cfd53fff4,99596.45632433,,,,ATA,erc20,"{'value': '0x1517227cbe5644b4a400', 'address': '0xa2120b9e674d3fc3875f415a7df52e382f141225', 'decimal': '0x12'}",{'blockTimestamp': '2022-06-30T09:49:03.000Z'}
934,0xe5a2bc,0xc8b1e0eb16ea59592f87a4055780f41a58a5ac3956a0d837ef9ad21467acb732:log:488,0xc8b1e0eb16ea59592f87a4055780f41a58a5ac3956a0d837ef9ad21467acb732,0x21a31ee1afc51d94c2efccaa2092ad1028285549,0x85247f053914cea7ddec95ea7dfab043d7992449,157688.102,,,,ATA,erc20,"{'value': '0x21644a04f5a10bf70000', 'address': '0xa2120b9e674d3fc3875f415a7df52e382f141225', 'decimal': '0x12'}",{'blockTimestamp': '2022-06-30T08:14:18.000Z'}
935,0xe5a2b7,0x97ea10f70790ae3e4ad37337f18fc67682549920a03f1a7311ae811795c620d2:log:313,0x97ea10f70790ae3e4ad37337f18fc67682549920a03f1a7311ae811795c620d2,0x28c6c06298d514db089934071355e5743bf21d60,0x85247f053914cea7ddec95ea7dfab043d7992449,949.0,,,,ATA,erc20,"{'value': '0x33720547fb85b40000', 'address': '0xa2120b9e674d3fc3875f415a7df52e382f141225', 'decimal': '0x12'}",{'blockTimestamp': '2022-06-30T08:11:53.000Z'}
936,0xe59e3c,0x8da50701e331c9b140c1059342663c691b59bbdd95d5971f5c29738ff746f8aa:log:204,0x8da50701e331c9b140c1059342663c691b59bbdd95d5971f5c29738ff746f8aa,0x7ecccabb5e4ff4537f70b0a5018e8c0cfd53fff4,0x28c6c06298d514db089934071355e5743bf21d60,99017.02464295,,,,ATA,erc20,"{'value': '0x14f7b941e2151e7bbc00', 'address': '0xa2120b9e674d3fc3875f415a7df52e382f141225', 'decimal': '0x12'}",{'blockTimestamp': '2022-06-30T03:00:00.000Z'}
937,0xe59da2,0x5635c2cde7dd3767fc1576dc576ba74b7e8d4133dba90938aa20af3312fc72ec:log:129,0x5635c2cde7dd3767fc1576dc576ba74b7e8d4133dba90938aa20af3312fc72ec,0xb5d85cbf7cb3ee0d56b3bb207d5fc4b82f43f511,0x7ecccabb5e4ff4537f70b0a5018e8c0cfd53fff4,99017.02464295,,,,ATA,erc20,"{'value': '0x14f7b941e2151e7bbc00', 'address': '0xa2120b9e674d3fc3875f415a7df52e382f141225', 'decimal': '0x12'}",{'blockTimestamp': '2022-06-30T02:15:48.000Z'}
938,0xe59b03,0xa18287534060fc0e8fa4b9f95edeaa650bbc5df0ac73f57ecfb77166489be15d:log:208,0xa18287534060fc0e8fa4b9f95edeaa650bbc5df0ac73f57ecfb77166489be15d,0xb638c9ed38621892c52611fac202aca483482c0d,0xb5d85cbf7cb3ee0d56b3bb207d5fc4b82f43f511,95872.0,,,,ATA,erc20,"{'value': '0x144d3b45d05fca000000', 'address': '0xa2120b9e674d3fc3875f415a7df52e382f141225', 'decimal': '0x12'}",{'blockTimestamp': '2022-06-29T23:14:58.000Z'}
939,0xe59adf,0x594ea7f79ad62ff336a33916990c17952a62ac0742e674fc61b8efa541e051a5:log:189,0x594ea7f79ad62ff336a33916990c17952a62ac0742e674fc61b8efa541e051a5,0xdfd5293d8e347dfe59e90efd55b2956a1343963d,0xb638c9ed38621892c52611fac202aca483482c0d,95872.0,,,,ATA,erc20,"{'value': '0x144d3b45d05fca000000', 'address': '0xa2120b9e674d3fc3875f415a7df52e382f141225', 'decimal': '0x12'}",{'blockTimestamp': '2022-06-29T23:05:22.000Z'}
940,0xe59a05,0x8886a3a3f8392aa6ed7d2dc451f280320841c81f9c886aaaa56da683ffd5c5f2:log:358,0x8886a3a3f8392aa6ed7d2dc451f280320841c81f9c886aaaa56da683ffd5c5f2,0xb5d85cbf7cb3ee0d56b3bb207d5fc4b82f43f511,0xee1aca29dc7dd8591f6894586e0946ca1cfb9ae2,554.92622071,,,,ATA,erc20,"{'value': '0x1e1525f99c5190fc00', 'address': '0xa2120b9e674d3fc3875f415a7df52e382f141225', 'decimal': '0x12'}",{'blockTimestamp': '2022-06-29T22:11:09.000Z'}
941,0xe59975,0x49e39feb2c38269cb21094ebdaf59a89618681c964cdde0ced642f30e535f777:log:10,0x49e39feb2c38269cb21094ebdaf59a89618681c964cdde0ced642f30e535f777,0x1111111254fb6c44bac0bed2854e76f90643097d,0x05a2cbf65b8767ec19616381f72236de551b96fb,61.172293433630585,,,,ATA,erc20,"{'value': '0x0350efa4c5ef8305ec', 'address': '0xa2120b9e674d3fc3875f415a7df52e382f141225', 'decimal': '0x12'}",{'blockTimestamp': '2022-06-29T21:33:10.000Z'}
942,0xe59975,0x49e39feb2c38269cb21094ebdaf59a89618681c964cdde0ced642f30e535f777:log:9,0x49e39feb2c38269cb21094ebdaf59a89618681c964cdde0ced642f30e535f777,0x220bda5c8994804ac96ebe4df184d25e5c2196d4,0x1111111254fb6c44bac0bed2854e76f90643097d,61.172293433630585,,,,ATA,erc20,"{'value': '0x0350efa4c5ef8305ec', 'address': '0xa2120b9e674d3fc3875f415a7df52e382f141225', 'decimal': '0x12'}",{'blockTimestamp': '2022-06-29T21:33:10.000Z'}
943,0xe59975,0x49e39feb2c38269cb21094ebdaf59a89618681c964cdde0ced642f30e535f777:log:6,0x49e39feb2c38269cb21094ebdaf59a89618681c964cdde0ced642f30e535f777,0x5654d65578cda52791879751141f2f3d7dc27fe4,0x220bda5c8994804ac96ebe4df184d25e5c2196d4,61.172293433630585,,,,ATA,erc20,"{'value': '0x0350efa4c5ef8305ec', 'address': '0xa2120b9e674d3fc3875f415a7df52e382f141225', 'decimal': '0x12'}",{'blockTimestamp': '2022-06-29T21:33:10.000Z'}
944,0xe59736,0x01c23ea0d6ed47993a19c5c30d3901944b50e3e3840469e27806650b94d1f013:log:182,0x01c23ea0d6ed47993a19c5c30d3901944b50e3e3840469e27806650b94d1f013,0xf05e2a70346560d3228c7002194bb7c5dc8fe100,0x28c6c06298d514db089934071355e5743bf21d60,47300.0,,,,ATA,erc20,"{'value': '0x0a04235d01dc08900000', 'address': '0xa2120b9e674d3fc3875f415a7df52e382f141225', 'decimal': '0x12'}",{'blockTimestamp': '2022-06-29T19:01:10.000Z'}
945,0xe596c5,0xca2e8d1be2e9159937e0c428b93aaa255d8a4b27e28157ee5b07dd98d66ddfe8:log:36,0xca2e8d1be2e9159937e0c428b93aaa255d8a4b27e28157ee5b07dd98d66ddfe8,0x0d0707963952f2fba59dd06f2b425ace40b492fe,0xf05e2a70346560d3228c7002194bb7c5dc8fe100,47300.0,,,,ATA,erc20,"{'value': '0x0a04235d01dc08900000', 'address': '0xa2120b9e674d3fc3875f415a7df52e382f141225', 'decimal': '0x12'}",{'blockTimestamp': '2022-06-29T18:34:43.000Z'}
946,0xe59447,0x8c61ee224874c59ca142f77432bde5e407d22ec7504343db0ec7cd6dc511e5cc:log:387,0x8c61ee224874c59ca142f77432bde5e407d22ec7504343db0ec7cd6dc511e5cc,0x95b564f3b3bae3f206aa418667ba000afafacc8a,0x50ef5abdc335a295f704b73bdc8d124020ee300b,631.52152023,,,,ATA,erc20,"{'value': '0x223c1f24b46bd07c00', 'address': '0xa2120b9e674d3fc3875f415a7df52e382f141225', 'decimal': '0x12'}",{'blockTimestamp': '2022-06-29T15:43:36.000Z'}
947,0xe59388,0xfe94716b00dc85b7cd6e4a0a85611a15a21cb2c35ad22dc7a0b708d63b14c205:log:65,0xfe94716b00dc85b7cd6e4a0a85611a15a21cb2c35ad22dc7a0b708d63b14c205,0x21a31ee1afc51d94c2efccaa2092ad1028285549,0x20e74b82e9c2b24063c516397cd1fc2eeeb17cc0,19618.0,,,,ATA,erc20,"{'value': '0x04277e70f3619d480000', 'address': '0xa2120b9e674d3fc3875f415a7df52e382f141225', 'decimal': '0x12'}",{'blockTimestamp': '2022-06-29T14:50:56.000Z'}
948,0xe59330,0x832df383f0bb27355a0c4a513d89488abfbef36423a7e3beafe9d9f5769380c9:log:492,0x832df383f0bb27355a0c4a513d89488abfbef36423a7e3beafe9d9f5769380c9,0x733c5570597e609c796399333f0a176e444386ee,0xf16e9b0d03470827a95cdfd0cb8a8a3b46969b91,55101.99999999999,,,,ATA,erc20,"{'value': '0x0bab15dd211786380000', 'address': '0xa2120b9e674d3fc3875f415a7df52e382f141225', 'decimal': '0x12'}",{'blockTimestamp': '2022-06-29T14:25:48.000Z'}
949,0xe592f2,0xcf41ca7407d4fd03d7b469bb7fad0d1fa6696aaaf28ea19666393d64ba1f68ce:log:118,0xcf41ca7407d4fd03d7b469bb7fad0d1fa6696aaaf28ea19666393d64ba1f68ce,0x28c6c06298d514db089934071355e5743bf21d60,0x733c5570597e609c796399333f0a176e444386ee,55101.99999999999,,,,ATA,erc20,"{'value': '0x0bab15dd211786380000', 'address': '0xa2120b9e674d3fc3875f415a7df52e382f141225', 'decimal': '0x12'}",{'blockTimestamp': '2022-06-29T14:06:17.000Z'}
950,0xe592cb,0x71222e83f9e4663f227e07d75ad5704f594e940421ff7dd0d5eab2995b23f2e7:log:274,0x71222e83f9e4663f227e07d75ad5704f594e940421ff7dd0d5eab2995b23f2e7,0xdfd5293d8e347dfe59e90efd55b2956a1343963d,0xedb3ce88b36ae048ec9cb49a9dc72487308c0e9b,5781.162,,,,ATA,erc20,"{'value': '0x013965bd51174ad10000', 'address': '0xa2120b9e674d3fc3875f415a7df52e382f141225', 'decimal': '0x12'}",{'blockTimestamp': '2022-06-29T13:51:58.000Z'}
951,0xe59229,0x09daa50203da0db758133c2c04c243602327a862c7641f9a9d3396bc3539f3ba:log:30,0x09daa50203da0db758133c2c04c243602327a862c7641f9a9d3396bc3539f3ba,0x21a31ee1afc51d94c2efccaa2092ad1028285549,0x8252460db46fab8d2de4a0b79e88bcf890243c6c,870.5,,,,ATA,erc20,"{'value': '0x2f309d41e4b18a0000', 'address': '0xa2120b9e674d3fc3875f415a7df52e382f141225', 'decimal': '0x12'}",{'blockTimestamp': '2022-06-29T13:07:24.000Z'}
952,0xe59186,0x5219cf5dd51a7880ada48160e03ee918f3e873539d9f132f9604a5fc2ebba339:log:91,0x5219cf5dd51a7880ada48160e03ee918f3e873539d9f132f9604a5fc2ebba339,0xb638c9ed38621892c52611fac202aca483482c0d,0xb5d85cbf7cb3ee0d56b3bb207d5fc4b82f43f511,104989.0,,,,ATA,erc20,"{'value': '0x163b77106c701e540000', 'address': '0xa2120b9e674d3fc3875f415a7df52e382f141225', 'decimal': '0x12'}",{'blockTimestamp': '2022-06-29T12:24:25.000Z'}
953,0xe59166,0x2f2aebfd292695436901ca2a037f5e700b67bd0a237dac47bcd8107b6576abd5:log:255,0x2f2aebfd292695436901ca2a037f5e700b67bd0a237dac47bcd8107b6576abd5,0x28c6c06298d514db089934071355e5743bf21d60,0xb638c9ed38621892c52611fac202aca483482c0d,104989.0,,,,ATA,erc20,"{'value': '0x163b77106c701e540000', 'address': '0xa2120b9e674d3fc3875f415a7df52e382f141225', 'decimal': '0x12'}",{'blockTimestamp': '2022-06-29T12:16:11.000Z'}
954,0xe58a37,0xabc2e88c77c326f094d2f3901874b071f50604aa0e636bb32d856dad76254fca:log:739,0xabc2e88c77c326f094d2f3901874b071f50604aa0e636bb32d856dad76254fca,0x8a9e0106326b01b5089f128566587491dbddcbc5,0x28c6c06298d514db089934071355e5743bf21d60,44641.07142857143,,,,ATA,erc20,"{'value': '0x0973ff5119c0a7b44924', 'address': '0xa2120b9e674d3fc3875f415a7df52e382f141225', 'decimal': '0x12'}",{'blockTimestamp': '2022-06-29T03:59:58.000Z'}
955,0xe58a0d,0x18fff6596fd1dbae9b911ec801f72578879e0babc761494539e589032413d6c7:log:350,0x18fff6596fd1dbae9b911ec801f72578879e0babc761494539e589032413d6c7,0xa8059754bc0337408b376851f4ee7a3ca9be3ffd,0x8a9e0106326b01b5089f128566587491dbddcbc5,44641.07142857143,,,,ATA,erc20,"{'value': '0x0973ff5119c0a7b44924', 'address': '0xa2120b9e674d3fc3875f415a7df52e382f141225', 'decimal': '0x12'}",{'blockTimestamp': '2022-06-29T03:48:10.000Z'}
956,0xe58a00,0x7f67c8af45f1fdf62d34325cfdf6e0a56933695370741d34aeed87b98a1ce749:log:16,0x7f67c8af45f1fdf62d34325cfdf6e0a56933695370741d34aeed87b98a1ce749,0xa2120b9e674d3fc3875f415a7df52e382f141225,0xa8059754bc0337408b376851f4ee7a3ca9be3ffd,44641.07142857143,,,,ATA,erc20,"{'value': '0x0973ff5119c0a7b44924', 'address': '0xa2120b9e674d3fc3875f415a7df52e382f141225', 'decimal': '0x12'}",{'blockTimestamp': '2022-06-29T03:45:14.000Z'}
957,0xe588e0,0x96eee7dea2d2b009834ca267281d583e22222e92a71e64ebc0f85af21ca4c828:log:102,0x96eee7dea2d2b009834ca267281d583e22222e92a71e64ebc0f85af21ca4c828,0x733c5570597e609c796399333f0a176e444386ee,0x738cf6903e6c4e699d1c2dd9ab8b67fcdb3121ea,14019.999999999998,,,,ATA,erc20,"{'value': '0x02f80695c6db40900000', 'address': '0xa2120b9e674d3fc3875f415a7df52e382f141225', 'decimal': '0x12'}",{'blockTimestamp': '2022-06-29T02:26:16.000Z'}
958,0xe582f6,0xeb0429220270676541d5d49bf915c903d56c3a1a48aa2a03d2c2eb922e49f8a5:log:419,0xeb0429220270676541d5d49bf915c903d56c3a1a48aa2a03d2c2eb922e49f8a5,0xf05e2a70346560d3228c7002194bb7c5dc8fe100,0x28c6c06298d514db089934071355e5743bf21d60,93292.0,,,,ATA,erc20,"{'value': '0x13c15e9485ccce300000', 'address': '0xa2120b9e674d3fc3875f415a7df52e382f141225', 'decimal': '0x12'}",{'blockTimestamp': '2022-06-28T19:31:16.000Z'}
959,0xe58289,0x2aeb7ece15e090d0c7f4321b816ed3978d8c229e132624e293eaa8c090730ad9:log:449,0x2aeb7ece15e090d0c7f4321b816ed3978d8c229e132624e293eaa8c090730ad9,0xdfd5293d8e347dfe59e90efd55b2956a1343963d,0x733c5570597e609c796399333f0a176e444386ee,14019.999999999998,,,,ATA,erc20,"{'value': '0x02f80695c6db40900000', 'address': '0xa2120b9e674d3fc3875f415a7df52e382f141225', 'decimal': '0x12'}",{'blockTimestamp': '2022-06-28T19:08:20.000Z'}
960,0xe581eb,0x565a4760a3274fba1652667385a13cb5be4672bd3fbf4f23f786084dce72c99c:log:159,0x565a4760a3274fba1652667385a13cb5be4672bd3fbf4f23f786084dce72c99c,0x0d0707963952f2fba59dd06f2b425ace40b492fe,0xf05e2a70346560d3228c7002194bb7c5dc8fe100,93292.0,,,,ATA,erc20,"{'value': '0x13c15e9485ccce300000', 'address': '0xa2120b9e674d3fc3875f415a7df52e382f141225', 'decimal': '0x12'}",{'blockTimestamp': '2022-06-28T18:26:21.000Z'}
961,0xe57f53,0x5da006e1535e54e5f247185811a83efee7f650d18f847ee3e0a645bfc6d7ec30:log:138,0x5da006e1535e54e5f247185811a83efee7f650d18f847ee3e0a645bfc6d7ec30,0x21a31ee1afc51d94c2efccaa2092ad1028285549,0xd6b38bea1b891c9064b1167fb68f8478f6829326,35406.0,,,,ATA,erc20,"{'value': '0x077f5cf482f8e8780000', 'address': '0xa2120b9e674d3fc3875f415a7df52e382f141225', 'decimal': '0x12'}",{'blockTimestamp': '2022-06-28T15:27:38.000Z'}
962,0xe57d60,0x72e5edb59a22bff79bf751791769cc2d92ac9a9c472daa780ef7f469c6847c39:log:133,0x72e5edb59a22bff79bf751791769cc2d92ac9a9c472daa780ef7f469c6847c39,0xb638c9ed38621892c52611fac202aca483482c0d,0xb5d85cbf7cb3ee0d56b3bb207d5fc4b82f43f511,46221.0,,,,ATA,erc20,"{'value': '0x09c9a53af2a582140000', 'address': '0xa2120b9e674d3fc3875f415a7df52e382f141225', 'decimal': '0x12'}",{'blockTimestamp': '2022-06-28T13:15:03.000Z'}
963,0xe57d33,0x50f72b72fdee148c2fadb10e1a4f2907132a3c9d801a6612e412c75f92d8f7cb:log:450,0x50f72b72fdee148c2fadb10e1a4f2907132a3c9d801a6612e412c75f92d8f7cb,0x28c6c06298d514db089934071355e5743bf21d60,0xb638c9ed38621892c52611fac202aca483482c0d,46221.0,,,,ATA,erc20,"{'value': '0x09c9a53af2a582140000', 'address': '0xa2120b9e674d3fc3875f415a7df52e382f141225', 'decimal': '0x12'}",{'blockTimestamp': '2022-06-28T13:02:36.000Z'}
964,0xe57c71,0xacb02f80e36ec3ac5d77be9ea1ff8815d08fda6267f3f766850ce7a0da584074:log:311,0xacb02f80e36ec3ac5d77be9ea1ff8815d08fda6267f3f766850ce7a0da584074,0x733c5570597e609c796399333f0a176e444386ee,0xf16e9b0d03470827a95cdfd0cb8a8a3b46969b91,65638.0,,,,ATA,erc20,"{'value': '0x0de63e3c72f8b1d80000', 'address': '0xa2120b9e674d3fc3875f415a7df52e382f141225', 'decimal': '0x12'}",{'blockTimestamp': '2022-06-28T12:14:50.000Z'}
965,0xe57bc9,0xcbefa5375bb2f6198ea3b2a06c51cf95ce0e96880865928b908f8178eececed4:log:246,0xcbefa5375bb2f6198ea3b2a06c51cf95ce0e96880865928b908f8178eececed4,0x3b37ec712f3e1f61982ef5c59cf87a46acf8805a,0x28c6c06298d514db089934071355e5743bf21d60,16076.02930501,,,,ATA,erc20,"{'value': '0x03677bb93673f2e07400', 'address': '0xa2120b9e674d3fc3875f415a7df52e382f141225', 'decimal': '0x12'}",{'blockTimestamp': '2022-06-28T11:30:06.000Z'}
966,0xe57bbc,0xd4a103fa0b0ac627dd2ea324dc3305650ad9491c187fd6c39507ca229fe27c99:log:193,0xd4a103fa0b0ac627dd2ea324dc3305650ad9491c187fd6c39507ca229fe27c99,0xb5d85cbf7cb3ee0d56b3bb207d5fc4b82f43f511,0x3b37ec712f3e1f61982ef5c59cf87a46acf8805a,16076.02930501,,,,ATA,erc20,"{'value': '0x03677bb93673f2e07400', 'address': '0xa2120b9e674d3fc3875f415a7df52e382f141225', 'decimal': '0x12'}",{'blockTimestamp': '2022-06-28T11:26:42.000Z'}
967,0xe57bac,0x7c99576defd8fe00bd033be612d8c75eb660f1b58401fffc320591bde7b7272c:log:279,0x7c99576defd8fe00bd033be612d8c75eb660f1b58401fffc320591bde7b7272c,0xdfd5293d8e347dfe59e90efd55b2956a1343963d,0x733c5570597e609c796399333f0a176e444386ee,65638.0,,,,ATA,erc20,"{'value': '0x0de63e3c72f8b1d80000', 'address': '0xa2120b9e674d3fc3875f415a7df52e382f141225', 'decimal': '0x12'}",{'blockTimestamp': '2022-06-28T11:21:34.000Z'}
968,0xe57afc,0x9026b5095e62946fa094bf82cd54e5fc23acfa4049a97b3219705272e261c2e0:log:519,0x9026b5095e62946fa094bf82cd54e5fc23acfa4049a97b3219705272e261c2e0,0x2a2015db46c722d25ac82282f105a46863e0760d,0xb5d85cbf7cb3ee0d56b3bb207d5fc4b82f43f511,110.0,,,,ATA,erc20,"{'value': '0x05f68e8131ecf80000', 'address': '0xa2120b9e674d3fc3875f415a7df52e382f141225', 'decimal': '0x12'}",{'blockTimestamp': '2022-06-28T10:29:10.000Z'}
969,0xe57ae5,0x0ae9fa82e442e91178399e1cd4068c58c541bf8c420c7617776f13050df98487:log:91,0x0ae9fa82e442e91178399e1cd4068c58c541bf8c420c7617776f13050df98487,0xf16e9b0d03470827a95cdfd0cb8a8a3b46969b91,0x2a2015db46c722d25ac82282f105a46863e0760d,110.0,,,,ATA,erc20,"{'value': '0x05f68e8131ecf80000', 'address': '0xa2120b9e674d3fc3875f415a7df52e382f141225', 'decimal': '0x12'}",{'blockTimestamp': '2022-06-28T10:22:28.000Z'}
970,0xe57958,0xfc9fa23c1c78f9fbb56624d3aadc4210dbbc9898644ea146eb843faca3159e3c:log:210,0xfc9fa23c1c78f9fbb56624d3aadc4210dbbc9898644ea146eb843faca3159e3c,0x21a31ee1afc51d94c2efccaa2092ad1028285549,0xa36cadac75fb676191d05d8a502d78053ae7afd1,500.0,,,,ATA,erc20,"{'value': '0x1b1ae4d6e2ef500000', 'address': '0xa2120b9e674d3fc3875f415a7df52e382f141225', 'decimal': '0x12'}",{'blockTimestamp': '2022-06-28T08:32:24.000Z'}
971,0xe57954,0xf4613d4cf584584114043aafe5a87f3373b21c36d84d58f62e3725ffd96e261b:log:115,0xf4613d4cf584584114043aafe5a87f3373b21c36d84d58f62e3725ffd96e261b,0x28c6c06298d514db089934071355e5743bf21d60,0x45c89ad67a1725541785936841f03d934a018dfe,1000.0,,,,ATA,erc20,"{'value': '0x3635c9adc5dea00000', 'address': '0xa2120b9e674d3fc3875f415a7df52e382f141225', 'decimal': '0x12'}",{'blockTimestamp': '2022-06-28T08:31:07.000Z'}
972,0xe5783f,0xcb9a0d1751731b6751760a5601245084d6841adaa7c9b91af7dc31f9b3b641de:log:196,0xcb9a0d1751731b6751760a5601245084d6841adaa7c9b91af7dc31f9b3b641de,0xb638c9ed38621892c52611fac202aca483482c0d,0xb5d85cbf7cb3ee0d56b3bb207d5fc4b82f43f511,51483.0,,,,ATA,erc20,"{'value': '0x0ae6e62653602b8c0000', 'address': '0xa2120b9e674d3fc3875f415a7df52e382f141225', 'decimal': '0x12'}",{'blockTimestamp': '2022-06-28T07:14:52.000Z'}
973,0xe57820,0x36a5f5d8b9e5cc771e4ad95cfd4f1a9e46edcb112f8bbc2f81dfff098edd4198:log:358,0x36a5f5d8b9e5cc771e4ad95cfd4f1a9e46edcb112f8bbc2f81dfff098edd4198,0xdfd5293d8e347dfe59e90efd55b2956a1343963d,0xb638c9ed38621892c52611fac202aca483482c0d,51483.0,,,,ATA,erc20,"{'value': '0x0ae6e62653602b8c0000', 'address': '0xa2120b9e674d3fc3875f415a7df52e382f141225', 'decimal': '0x12'}",{'blockTimestamp': '2022-06-28T07:04:24.000Z'}
974,0xe57816,0x34b626e722841d5dadafcefcebc32f0824e8ea1eebed0485f2efdf9973c37960:log:53,0x34b626e722841d5dadafcefcebc32f0824e8ea1eebed0485f2efdf9973c37960,0x7ecccabb5e4ff4537f70b0a5018e8c0cfd53fff4,0x28c6c06298d514db089934071355e5743bf21d60,99105.90322353,,,,ATA,erc20,"{'value': '0x14fc8ab208389a50a400', 'address': '0xa2120b9e674d3fc3875f415a7df52e382f141225', 'decimal': '0x12'}",{'blockTimestamp': '2022-06-28T07:00:58.000Z'}
975,0xe577dd,0xfe204769e30f454711ec773f82ebb0db31c12c1a71795d1d4d38785f01695ac6:log:22,0xfe204769e30f454711ec773f82ebb0db31c12c1a71795d1d4d38785f01695ac6,0xb5d85cbf7cb3ee0d56b3bb207d5fc4b82f43f511,0x7ecccabb5e4ff4537f70b0a5018e8c0cfd53fff4,99105.90322353,,,,ATA,erc20,"{'value': '0x14fc8ab208389a50a400', 'address': '0xa2120b9e674d3fc3875f415a7df52e382f141225', 'decimal': '0x12'}",{'blockTimestamp': '2022-06-28T06:48:35.000Z'}
976,0xe57788,0x1a89694d1f461b03f8d8fa6f714d2b0cb4a6804af02abec92e73ce5d6edf4e5f:log:545,0x1a89694d1f461b03f8d8fa6f714d2b0cb4a6804af02abec92e73ce5d6edf4e5f,0x21a31ee1afc51d94c2efccaa2092ad1028285549,0xd6b38bea1b891c9064b1167fb68f8478f6829326,56311.0,,,,ATA,erc20,"{'value': '0x0beca01bf7890d7c0000', 'address': '0xa2120b9e674d3fc3875f415a7df52e382f141225', 'decimal': '0x12'}",{'blockTimestamp': '2022-06-28T06:26:28.000Z'}
977,0xe573eb,0xd8b5cc755dd808efb748b10785e23d2477a733b7aed83c8c3b11f818a375782a:log:543,0xd8b5cc755dd808efb748b10785e23d2477a733b7aed83c8c3b11f818a375782a,0xb5d85cbf7cb3ee0d56b3bb207d5fc4b82f43f511,0x1aed1e5e639b8d1e11feb14e4e31d89e34caf3c9,511.44010767,,,,ATA,erc20,"{'value': '0x1bb9a8443335e25c00', 'address': '0xa2120b9e674d3fc3875f415a7df52e382f141225', 'decimal': '0x12'}",{'blockTimestamp': '2022-06-28T02:06:37.000Z'}
978,0xe5710b,0x202bcc0bd9d7cfd2089015f2ff2886a8392989c73d1779024dd0a2efecc847c3:log:677,0x202bcc0bd9d7cfd2089015f2ff2886a8392989c73d1779024dd0a2efecc847c3,0xb5d85cbf7cb3ee0d56b3bb207d5fc4b82f43f511,0xabc25adb7f88dc1dac1c69f7fa53175ca4b26752,56.131349400000005,,,,ATA,erc20,"{'value': '0x030afa9ce1f655f000', 'address': '0xa2120b9e674d3fc3875f415a7df52e382f141225', 'decimal': '0x12'}",{'blockTimestamp': '2022-06-27T22:47:48.000Z'}
979,0xe57001,0x07bd8c772ad28ebe0c43b8735b1bdb7d040a386941cde33d2ccb76b75ecca2ea:log:275,0x07bd8c772ad28ebe0c43b8735b1bdb7d040a386941cde33d2ccb76b75ecca2ea,0x8dbf7a392f92eeae3c7c4c284a920b17e21054ac,0x28c6c06298d514db089934071355e5743bf21d60,9100.020269487715,,,,ATA,erc20,"{'value': '0x01ed50267d2015aa2b6e', 'address': '0xa2120b9e674d3fc3875f415a7df52e382f141225', 'decimal': '0x12'}",{'blockTimestamp': '2022-06-27T21:38:01.000Z'}
980,0xe56e1c,0xfa87b2f363d3015894016aa0e2fc4a55fea52e883d1081ca38e70aebc4209b9d:log:259,0xfa87b2f363d3015894016aa0e2fc4a55fea52e883d1081ca38e70aebc4209b9d,0x71b3be57e127360c92815772f0af2eb7b8c5c921,0x8dbf7a392f92eeae3c7c4c284a920b17e21054ac,9100.020269487715,,,,ATA,erc20,"{'value': '0x01ed50267d2015aa2b6e', 'address': '0xa2120b9e674d3fc3875f415a7df52e382f141225', 'decimal': '0x12'}",{'blockTimestamp': '2022-06-27T19:32:58.000Z'}
981,0xe56e13,0x53a0926772aade359bdf973973751467bbbd05330f22cb2ccc5db125d6d2b354:log:160,0x53a0926772aade359bdf973973751467bbbd05330f22cb2ccc5db125d6d2b354,0x40ec5b33f54e0e8a33a975908c5ba1c14e5bbbdf,0x71b3be57e127360c92815772f0af2eb7b8c5c921,9100.020269487715,,,,ATA,erc20,"{'value': '0x01ed50267d2015aa2b6e', 'address': '0xa2120b9e674d3fc3875f415a7df52e382f141225', 'decimal': '0x12'}",{'blockTimestamp': '2022-06-27T19:30:06.000Z'}
982,0xe569f1,0xe85d528f02eeceaef50a3ec10ed5290528cb5b84ed45bf4f0b2a3e3c45228c04:log:60,0xe85d528f02eeceaef50a3ec10ed5290528cb5b84ed45bf4f0b2a3e3c45228c04,0xb5d85cbf7cb3ee0d56b3bb207d5fc4b82f43f511,0x6d59980282be1f74b11b1730e17367f795e84449,504.42963201000003,,,,ATA,erc20,"{'value': '0x1b585e0dbaf90fe400', 'address': '0xa2120b9e674d3fc3875f415a7df52e382f141225', 'decimal': '0x12'}",{'blockTimestamp': '2022-06-27T14:39:49.000Z'}
983,0xe56518,0x16aaa04296d14b0984850145cbe7b1750e6b3ed333e0b1bc9cbdaaa4b3bc363c:log:31,0x16aaa04296d14b0984850145cbe7b1750e6b3ed333e0b1bc9cbdaaa4b3bc363c,0x9dd5f07ba943ffc98368f747fb69c217b5535407,0xb5d85cbf7cb3ee0d56b3bb207d5fc4b82f43f511,222.05566015,,,,ATA,erc20,"{'value': '0x0c09a42e67b59d1c00', 'address': '0xa2120b9e674d3fc3875f415a7df52e382f141225', 'decimal': '0x12'}",{'blockTimestamp': '2022-06-27T09:15:00.000Z'}
984,0xe564ef,0x98c9da729019a3686ca2668c7bdf8afc63fa71522555431f0e32e4374dc01a3d:log:477,0x98c9da729019a3686ca2668c7bdf8afc63fa71522555431f0e32e4374dc01a3d,0x741f62b0590242e958af82bc9d39d8a05a9e6329,0x9dd5f07ba943ffc98368f747fb69c217b5535407,222.05566015,,,,ATA,erc20,"{'value': '0x0c09a42e67b59d1c00', 'address': '0xa2120b9e674d3fc3875f415a7df52e382f141225', 'decimal': '0x12'}",{'blockTimestamp': '2022-06-27T09:04:00.000Z'}
985,0xe56477,0x9279ff7db9437a4d8e3bf594a4f6036945edcefb48752b2074ea9f26ea8d11be:log:49,0x9279ff7db9437a4d8e3bf594a4f6036945edcefb48752b2074ea9f26ea8d11be,0x7ecccabb5e4ff4537f70b0a5018e8c0cfd53fff4,0x28c6c06298d514db089934071355e5743bf21d60,99919.87506013001,,,,ATA,erc20,"{'value': '0x1528aad2e9004d9dd400', 'address': '0xa2120b9e674d3fc3875f415a7df52e382f141225', 'decimal': '0x12'}",{'blockTimestamp': '2022-06-27T08:30:21.000Z'}
986,0xe5638d,0x9b0f0850632ea3448855c781d598d49bf684c0b9183d8ee5c75f3d8ee89753cb:log:31,0x9b0f0850632ea3448855c781d598d49bf684c0b9183d8ee5c75f3d8ee89753cb,0xb5d85cbf7cb3ee0d56b3bb207d5fc4b82f43f511,0x7ecccabb5e4ff4537f70b0a5018e8c0cfd53fff4,99919.87506013001,,,,ATA,erc20,"{'value': '0x1528aad2e9004d9dd400', 'address': '0xa2120b9e674d3fc3875f415a7df52e382f141225', 'decimal': '0x12'}",{'blockTimestamp': '2022-06-27T07:29:00.000Z'}
987,0xe56386,0xa5d90e520d1e2ab68f248dbf6907f5857e854d0206ed9f66522e7c45e4863889:log:56,0xa5d90e520d1e2ab68f248dbf6907f5857e854d0206ed9f66522e7c45e4863889,0xb5d85cbf7cb3ee0d56b3bb207d5fc4b82f43f511,0x741f62b0590242e958af82bc9d39d8a05a9e6329,124.18931171,,,,ATA,erc20,"{'value': '0x06bb7911045ecf2c00', 'address': '0xa2120b9e674d3fc3875f415a7df52e382f141225', 'decimal': '0x12'}",{'blockTimestamp': '2022-06-27T07:26:21.000Z'}
988,0xe56355,0xd90456e05ea42a04df5db56a14efa1b6abc2f8490aab02393405f396217ec5a9:log:212,0xd90456e05ea42a04df5db56a14efa1b6abc2f8490aab02393405f396217ec5a9,0xb5d85cbf7cb3ee0d56b3bb207d5fc4b82f43f511,0x741f62b0590242e958af82bc9d39d8a05a9e6329,97.86634844000001,,,,ATA,erc20,"{'value': '0x054e2b1d6356cdf000', 'address': '0xa2120b9e674d3fc3875f415a7df52e382f141225', 'decimal': '0x12'}",{'blockTimestamp': '2022-06-27T07:14:51.000Z'}
989,0xe5632c,0x11206ab3f7a225ac4df34cbdd813f3c1ac4ccb4574f78b9bb143e4241cf988c7:log:193,0x11206ab3f7a225ac4df34cbdd813f3c1ac4ccb4574f78b9bb143e4241cf988c7,0xf05e2a70346560d3228c7002194bb7c5dc8fe100,0x28c6c06298d514db089934071355e5743bf21d60,43741.0,,,,ATA,erc20,"{'value': '0x09433451063fe9540000', 'address': '0xa2120b9e674d3fc3875f415a7df52e382f141225', 'decimal': '0x12'}",{'blockTimestamp': '2022-06-27T07:02:53.000Z'}
990,0xe56251,0x9de5a7f08739555312b8b66c4346343f5c184e7e89cb86a96e83731cde2a918d:log:72,0x9de5a7f08739555312b8b66c4346343f5c184e7e89cb86a96e83731cde2a918d,0x0d0707963952f2fba59dd06f2b425ace40b492fe,0xf05e2a70346560d3228c7002194bb7c5dc8fe100,43741.0,,,,ATA,erc20,"{'value': '0x09433451063fe9540000', 'address': '0xa2120b9e674d3fc3875f415a7df52e382f141225', 'decimal': '0x12'}",{'blockTimestamp': '2022-06-27T06:11:37.000Z'}
991,0xe56249,0x22755c76cea681faa85832c7d8d9cd5fcfc8ad2600e7eaa85ec756700f1d3bd6:log:146,0x22755c76cea681faa85832c7d8d9cd5fcfc8ad2600e7eaa85ec756700f1d3bd6,0xb5d85cbf7cb3ee0d56b3bb207d5fc4b82f43f511,0xa0204dc8b4e33bd976df5f7a2e6a0e9f019db621,105.33429569,,,,ATA,erc20,"{'value': '0x05b5ce97d85468e400', 'address': '0xa2120b9e674d3fc3875f415a7df52e382f141225', 'decimal': '0x12'}",{'blockTimestamp': '2022-06-27T06:09:17.000Z'}
992,0xe5617c,0x81ef1d4fa3b96b84851308b7303a81285da47fef394b89a478b2dd8e6d304271:log:330,0x81ef1d4fa3b96b84851308b7303a81285da47fef394b89a478b2dd8e6d304271,0x733c5570597e609c796399333f0a176e444386ee,0xf16e9b0d03470827a95cdfd0cb8a8a3b46969b91,47280.00000000001,,,,ATA,erc20,"{'value': '0x0a030dcebbd2f4c00000', 'address': '0xa2120b9e674d3fc3875f415a7df52e382f141225', 'decimal': '0x12'}",{'blockTimestamp': '2022-06-27T05:14:36.000Z'}
993,0xe560d2,0xa5fdf4d80bdb6fbba14162ec357c73be2cfa06834ca57a61d6941fab18157016:log:491,0xa5fdf4d80bdb6fbba14162ec357c73be2cfa06834ca57a61d6941fab18157016,0x5265b55616e6cb50bb62f691f1022c56f0122dce,0x0d0707963952f2fba59dd06f2b425ace40b492fe,1985.0,,,,ATA,erc20,"{'value': '0x6b9b68a704ee640000', 'address': '0xa2120b9e674d3fc3875f415a7df52e382f141225', 'decimal': '0x12'}",{'blockTimestamp': '2022-06-27T04:33:51.000Z'}
994,0xe560d2,0x994539b3e3cf62086366138bc0a4983df3ca97ba5fead063863ce986b82683cd:log:490,0x994539b3e3cf62086366138bc0a4983df3ca97ba5fead063863ce986b82683cd,0x1f43535b250135f1e0019ce2c6a2ef93341455bd,0x0d0707963952f2fba59dd06f2b425ace40b492fe,2008.0,,,,ATA,erc20,"{'value': '0x6cda991128f8600000', 'address': '0xa2120b9e674d3fc3875f415a7df52e382f141225', 'decimal': '0x12'}",{'blockTimestamp': '2022-06-27T04:33:51.000Z'}
995,0xe560d2,0x1b7159944937f6e3975bfb5c18e5c65d50fb96577b37c6d377ee0195fa8b4b2b:log:489,0x1b7159944937f6e3975bfb5c18e5c65d50fb96577b37c6d377ee0195fa8b4b2b,0xfd4c8cb968b4d8151ccdd2229b7d948cbe26b92a,0x0d0707963952f2fba59dd06f2b425ace40b492fe,2245.738,,,,ATA,erc20,"{'value': '0x79bde01c91f4310000', 'address': '0xa2120b9e674d3fc3875f415a7df52e382f141225', 'decimal': '0x12'}",{'blockTimestamp': '2022-06-27T04:33:51.000Z'}
996,0xe560d2,0x60a218e75a9a29214b4b9dcd1691ca777248574a5a6be82141d125c6a509f5dc:log:488,0x60a218e75a9a29214b4b9dcd1691ca777248574a5a6be82141d125c6a509f5dc,0xff9087947d539a1030300c814cf6d3589ae28035,0x0d0707963952f2fba59dd06f2b425ace40b492fe,2707.275,,,,ATA,erc20,"{'value': '0x92c2fcecbe07a78000', 'address': '0xa2120b9e674d3fc3875f415a7df52e382f141225', 'decimal': '0x12'}",{'blockTimestamp': '2022-06-27T04:33:51.000Z'}
997,0xe560d2,0x6fcba4771afe66066fb772399bf33ded81a83d7cf801b54f2343b7e2b69c8da5:log:487,0x6fcba4771afe66066fb772399bf33ded81a83d7cf801b54f2343b7e2b69c8da5,0x1ece723263849ce0397928f9ed56d9ed1dd2d158,0x0d0707963952f2fba59dd06f2b425ace40b492fe,2086.03612061,,,,ATA,erc20,"{'value': '0x7115910f66d8f6d400', 'address': '0xa2120b9e674d3fc3875f415a7df52e382f141225', 'decimal': '0x12'}",{'blockTimestamp': '2022-06-27T04:33:51.000Z'}
998,0xe560d2,0xc6fe2e5f1f1d43cc7b139268cca231d34f1749fbf4d99ee5999c974d7719ddef:log:486,0xc6fe2e5f1f1d43cc7b139268cca231d34f1749fbf4d99ee5999c974d7719ddef,0x6d826ab6cc1cadb2a66a0a99066ef1ceed65f5c6,0x0d0707963952f2fba59dd06f2b425ace40b492fe,2945.328,,,,ATA,erc20,"{'value': '0x9faaa312fbc3b80000', 'address': '0xa2120b9e674d3fc3875f415a7df52e382f141225', 'decimal': '0x12'}",{'blockTimestamp': '2022-06-27T04:33:51.000Z'}
999,0xe560d2,0x92c343656ac5207c51ba34ca61cd1186a1ea3dac2794037faf69c3d4abed4401:log:485,0x92c343656ac5207c51ba34ca61cd1186a1ea3dac2794037faf69c3d4abed4401,0x478271c960137418c9d90082dddbf68aa72e4367,0x0d0707963952f2fba59dd06f2b425ace40b492fe,228000.0,,,,ATA,erc20,"{'value': '0x3047e79ec43a46800000', 'address': '0xa2120b9e674d3fc3875f415a7df52e382f141225', 'decimal': '0x12'}",{'blockTimestamp': '2022-06-27T04:33:51.000Z'}
0,0xe560d2,0x70dbba95a1593ba42fd069a27958c52ec099aec1dea89d05862ddd599a74bbac:log:484,0x70dbba95a1593ba42fd069a27958c52ec099aec1dea89d05862ddd599a74bbac,0xd6b38bea1b891c9064b1167fb68f8478f6829326,0x0d0707963952f2fba59dd06f2b425ace40b492fe,86783.0,,,,ATA,erc20,"{'value': '0x1260840f2ff5c49c0000', 'address': '0xa2120b9e674d3fc3875f415a7df52e382f141225', 'decimal': '0x12'}",{'blockTimestamp': '2022-06-27T04:33:51.000Z'}
1,0xe560be,0x3618055d27d8e8577c6d4cd194c7406056e8ad4ec9618a51300e5aaefbf0be2a:log:147,0x3618055d27d8e8577c6d4cd194c7406056e8ad4ec9618a51300e5aaefbf0be2a,0x28c6c06298d514db089934071355e5743bf21d60,0x733c5570597e609c796399333f0a176e444386ee,47280.00000000001,,,,ATA,erc20,"{'value': '0x0a030dcebbd2f4c00000', 'address': '0xa2120b9e674d3fc3875f415a7df52e382f141225', 'decimal': '0x12'}",{'blockTimestamp': '2022-06-27T04:28:29.000Z'}
2,0xe55c56,0x6c8f036ced40e8f7cb0bf98b6341d841d7756d5addec181dfcd2fdec3e98a21d:log:457,0x6c8f036ced40e8f7cb0bf98b6341d841d7756d5addec181dfcd2fdec3e98a21d,0x7ecccabb5e4ff4537f70b0a5018e8c0cfd53fff4,0x28c6c06298d514db089934071355e5743bf21d60,99222.91385406,,,,ATA,erc20,"{'value': '0x1502e28b4cbd3f713800', 'address': '0xa2120b9e674d3fc3875f415a7df52e382f141225', 'decimal': '0x12'}",{'blockTimestamp': '2022-06-26T23:15:00.000Z'}
3,0xe55c38,0xbcea24d27250b3c06ddea6c9d3e1e63459c2e909dbbe60230650cc602c60bd15:log:212,0xbcea24d27250b3c06ddea6c9d3e1e63459c2e909dbbe60230650cc602c60bd15,0x733c5570597e609c796399333f0a176e444386ee,0xf16e9b0d03470827a95cdfd0cb8a8a3b46969b91,61504.0,,,,ATA,erc20,"{'value': '0x0d06237619d799000000', 'address': '0xa2120b9e674d3fc3875f415a7df52e382f141225', 'decimal': '0x12'}",{'blockTimestamp': '2022-06-26T23:07:50.000Z'}
4,0xe55c17,0xe769c1d1c9c0871bd5d95ae5f8fda4352074a8b203772f44ab076632ee8f4373:log:196,0xe769c1d1c9c0871bd5d95ae5f8fda4352074a8b203772f44ab076632ee8f4373,0xb5d85cbf7cb3ee0d56b3bb207d5fc4b82f43f511,0x7ecccabb5e4ff4537f70b0a5018e8c0cfd53fff4,99222.91385406,,,,ATA,erc20,"{'value': '0x1502e28b4cbd3f713800', 'address': '0xa2120b9e674d3fc3875f415a7df52e382f141225', 'decimal': '0x12'}",{'blockTimestamp': '2022-06-26T22:55:52.000Z'}
5,0xe55800,0x3b4a06b363b631ae6212c6c5ac1192a6dff202cefcf2c351bf3726801370bbc9:log:80,0x3b4a06b363b631ae6212c6c5ac1192a6dff202cefcf2c351bf3726801370bbc9,0xdfd5293d8e347dfe59e90efd55b2956a1343963d,0x733c5570597e609c796399333f0a176e444386ee,61504.0,,,,ATA,erc20,"{'value': '0x0d06237619d799000000', 'address': '0xa2120b9e674d3fc3875f415a7df52e382f141225', 'decimal': '0x12'}",{'blockTimestamp': '2022-06-26T18:24:28.000Z'}
6,0xe555a1,0x3c0e7cf87038b7a348b777258277e70bba2015ed8747ed7d9a7b2d02d0ed1619:log:387,0x3c0e7cf87038b7a348b777258277e70bba2015ed8747ed7d9a7b2d02d0ed1619,0xf05e2a70346560d3228c7002194bb7c5dc8fe100,0x28c6c06298d514db089934071355e5743bf21d60,175390.0,,,,ATA,erc20,"{'value': '0x2523e9341ff431b80000', 'address': '0xa2120b9e674d3fc3875f415a7df52e382f141225', 'decimal': '0x12'}",{'blockTimestamp': '2022-06-26T15:30:02.000Z'}
7,0xe55577,0x3913e9f49649b930c00a5536be47e29c9a3bd75b550cf0c60839a12a42d64580:log:83,0x3913e9f49649b930c00a5536be47e29c9a3bd75b550cf0c60839a12a42d64580,0x0d0707963952f2fba59dd06f2b425ace40b492fe,0xf05e2a70346560d3228c7002194bb7c5dc8fe100,43209.0,,,,ATA,erc20,"{'value': '0x09265d5558e80d840000', 'address': '0xa2120b9e674d3fc3875f415a7df52e382f141225', 'decimal': '0x12'}",{'blockTimestamp': '2022-06-26T15:17:42.000Z'}
8,0xe543c5,0x368d6b252d95f945930be6d771b5ed1a99c4deb6f046ae94448a037810294d2f:log:39,0x368d6b252d95f945930be6d771b5ed1a99c4deb6f046ae94448a037810294d2f,0x0d0707963952f2fba59dd06f2b425ace40b492fe,0x2c43bcde63bfd6a2de8e0bbf6efe156c724b1218,14.0,,,,ATA,erc20,"{'value': '0xc249fdd327780000', 'address': '0xa2120b9e674d3fc3875f415a7df52e382f141225', 'decimal': '0x12'}",{'blockTimestamp': '2022-06-25T19:00:21.000Z'}
9,0xe542f0,0x1a2b8abf7f8cc969706c1fad03e6c448e94a7cf072e5101a227203de410cf714:log:126,0x1a2b8abf7f8cc969706c1fad03e6c448e94a7cf072e5101a227203de410cf714,0xb638c9ed38621892c52611fac202aca483482c0d,0xb5d85cbf7cb3ee0d56b3bb207d5fc4b82f43f511,97640.0,,,,ATA,erc20,"{'value': '0x14ad1333991bd4a00000', 'address': '0xa2120b9e674d3fc3875f415a7df52e382f141225', 'decimal': '0x12'}",{'blockTimestamp': '2022-06-25T18:00:06.000Z'}
10,0xe542e2,0xc50e5fdcecc269378e16e5bc9a2b246fa1ce326da67ae963be3d190d75044f8a:log:139,0xc50e5fdcecc269378e16e5bc9a2b246fa1ce326da67ae963be3d190d75044f8a,0xb5d85cbf7cb3ee0d56b3bb207d5fc4b82f43f511,0x0044295aff063e6552583a6bb0808bb7043f27f4,246116.31978329568,,,,ATA,erc20,"{'value': '0x341dfe0fdec257fa3374', 'address': '0xa2120b9e674d3fc3875f415a7df52e382f141225', 'decimal': '0x12'}",{'blockTimestamp': '2022-06-25T17:55:02.000Z'}
11,0xe542d9,0x56f8ffee6d7548982edff30829de5168c05286cd2e1a96cc60fd1093bf62c7e6:log:113,0x56f8ffee6d7548982edff30829de5168c05286cd2e1a96cc60fd1093bf62c7e6,0x21a31ee1afc51d94c2efccaa2092ad1028285549,0xb638c9ed38621892c52611fac202aca483482c0d,97640.0,,,,ATA,erc20,"{'value': '0x14ad1333991bd4a00000', 'address': '0xa2120b9e674d3fc3875f415a7df52e382f141225', 'decimal': '0x12'}",{'blockTimestamp': '2022-06-25T17:52:29.000Z'}
12,0xe53fae,0xc8e5b2f35c85690bec6336f17310ccf4ce8c8bf14f2e4219cac919e762d4c84e:log:376,0xc8e5b2f35c85690bec6336f17310ccf4ce8c8bf14f2e4219cac919e762d4c84e,0x733c5570597e609c796399333f0a176e444386ee,0x738cf6903e6c4e699d1c2dd9ab8b67fcdb3121ea,74241.0,,,,ATA,erc20,"{'value': '0x0fb89cd83a52ef640000', 'address': '0xa2120b9e674d3fc3875f415a7df52e382f141225', 'decimal': '0x12'}",{'blockTimestamp': '2022-06-25T14:13:24.000Z'}
13,0xe53ea5,0x55767a078b4312e45034d45444a5e3920c79ef0af2454912278828793aa852fb:log:43,0x55767a078b4312e45034d45444a5e3920c79ef0af2454912278828793aa852fb,0x28c6c06298d514db089934071355e5743bf21d60,0x733c5570597e609c796399333f0a176e444386ee,74241.0,,,,ATA,erc20,"{'value': '0x0fb89cd83a52ef640000', 'address': '0xa2120b9e674d3fc3875f415a7df52e382f141225', 'decimal': '0x12'}",{'blockTimestamp': '2022-06-25T12:52:27.000Z'}
14,0xe53e52,0xbbe7f440f0d40e372dc3c4d5e194e2295edd461248c25a3dac1bb20b836d5256:log:303,0xbbe7f440f0d40e372dc3c4d5e194e2295edd461248c25a3dac1bb20b836d5256,0xe5719bd33042dbb6d82ba95a7467a1f0d1fc56b1,0xb5d85cbf7cb3ee0d56b3bb207d5fc4b82f43f511,99.98839398,,,,ATA,erc20,"{'value': '0x056b9e229047b4d800', 'address': '0xa2120b9e674d3fc3875f415a7df52e382f141225', 'decimal': '0x12'}",{'blockTimestamp': '2022-06-25T12:30:06.000Z'}
15,0xe53e31,0xfc4e996ac466b1060cf939db44d159cf99546b550a0c7269ab7bfbcdfb9cd694:log:436,0xfc4e996ac466b1060cf939db44d159cf99546b550a0c7269ab7bfbcdfb9cd694,0x01eeb8b289ed1a943930bb95530273a1082c2fdb,0xe5719bd33042dbb6d82ba95a7467a1f0d1fc56b1,99.98839398,,,,ATA,erc20,"{'value': '0x056b9e229047b4d800', 'address': '0xa2120b9e674d3fc3875f415a7df52e382f141225', 'decimal': '0x12'}",{'blockTimestamp': '2022-06-25T12:21:22.000Z'}
16,0xe534a5,0xde4cb18a62f7eb3555729e6183e9ee2c7054b2d88bd44987ef47f2cc714a43cb:log:342,0xde4cb18a62f7eb3555729e6183e9ee2c7054b2d88bd44987ef47f2cc714a43cb,0xc59cf04703c4f78f0aa3ac98c4478f5812ba9b51,0x28c6c06298d514db089934071355e5743bf21d60,2243.0,,,,ATA,erc20,"{'value': '0x7997e0c813a12c0000', 'address': '0xa2120b9e674d3fc3875f415a7df52e382f141225', 'decimal': '0x12'}",{'blockTimestamp': '2022-06-25T01:30:17.000Z'}
17,0xe5342a,0x5a5c99026ac99c3613e0a6d64d9b5bed5ad78d7bbfdba36d10e2c4bbe383229a:log:116,0x5a5c99026ac99c3613e0a6d64d9b5bed5ad78d7bbfdba36d10e2c4bbe383229a,0x3c02290922a3618a4646e3bbca65853ea45fe7c6,0xc59cf04703c4f78f0aa3ac98c4478f5812ba9b51,2243.0,,,,ATA,erc20,"{'value': '0x7997e0c813a12c0000', 'address': '0xa2120b9e674d3fc3875f415a7df52e382f141225', 'decimal': '0x12'}",{'blockTimestamp': '2022-06-25T00:57:59.000Z'}
18,0xe52fe4,0x3625e525b85867c9b41d36f51fc0cb16f4448342ce482d30aab3dcdfa59090ca:log:213,0x3625e525b85867c9b41d36f51fc0cb16f4448342ce482d30aab3dcdfa59090ca,0xb5d85cbf7cb3ee0d56b3bb207d5fc4b82f43f511,0x5fe68d603796d3e83cfd9b74e8c50034fe4238b7,99.18175054999999,,,,ATA,erc20,"{'value': '0x05606c5ca346275c00', 'address': '0xa2120b9e674d3fc3875f415a7df52e382f141225', 'decimal': '0x12'}",{'blockTimestamp': '2022-06-24T20:04:56.000Z'}
19,0xe52f9c,0xbc0973a0a0878e0e2241f3727a1332b74fd44a0e484e87fe029b1080e25fcac5:log:93,0xbc0973a0a0878e0e2241f3727a1332b74fd44a0e484e87fe029b1080e25fcac5,0xb5d85cbf7cb3ee0d56b3bb207d5fc4b82f43f511,0x01eeb8b289ed1a943930bb95530273a1082c2fdb,99.98839398,,,,ATA,erc20,"{'value': '0x056b9e229047b4d800', 'address': '0xa2120b9e674d3fc3875f415a7df52e382f141225', 'decimal': '0x12'}",{'blockTimestamp': '2022-06-24T19:45:58.000Z'}
20,0xe52e79,0xe8cb44809e9c48e03781e006e6d84c326495a69e1b4f56f45d35e72ec47a2cce:log:76,0xe8cb44809e9c48e03781e006e6d84c326495a69e1b4f56f45d35e72ec47a2cce,0xdfd5293d8e347dfe59e90efd55b2956a1343963d,0xd87975ec0a8161e649d1ad3a6a10277cce27df79,4926.025000000001,,,,ATA,erc20,"{'value': '0x010b0a54664d0d9a8000', 'address': '0xa2120b9e674d3fc3875f415a7df52e382f141225', 'decimal': '0x12'}",{'blockTimestamp': '2022-06-24T18:29:26.000Z'}
21,0xe52dfd,0x24dfa669baffcf09ea88699e92ab2fae519000d73c6f230f599e3f44b691ef81:log:38,0x24dfa669baffcf09ea88699e92ab2fae519000d73c6f230f599e3f44b691ef81,0xb638c9ed38621892c52611fac202aca483482c0d,0xb5d85cbf7cb3ee0d56b3bb207d5fc4b82f43f511,133406.0,,,,ATA,erc20,"{'value': '0x1c3ff42908b821b80000', 'address': '0xa2120b9e674d3fc3875f415a7df52e382f141225', 'decimal': '0x12'}",{'blockTimestamp': '2022-06-24T17:50:37.000Z'}
22,0xe52d9d,0xe37a470d9e161ecafb4225483e5742c13e23884aadc4c743c5587d531eb5a8ed:log:222,0xe37a470d9e161ecafb4225483e5742c13e23884aadc4c743c5587d531eb5a8ed,0x21a31ee1afc51d94c2efccaa2092ad1028285549,0xb638c9ed38621892c52611fac202aca483482c0d,133406.0,,,,ATA,erc20,"{'value': '0x1c3ff42908b821b80000', 'address': '0xa2120b9e674d3fc3875f415a7df52e382f141225', 'decimal': '0x12'}",{'blockTimestamp': '2022-06-24T17:26:38.000Z'}
23,0xe52cab,0x9370835fc762a864e4b4ee5c71404bbd77306d38b9e74dce01c475612816006a:log:457,0x9370835fc762a864e4b4ee5c71404bbd77306d38b9e74dce01c475612816006a,0x28c6c06298d514db089934071355e5743bf21d60,0xd6b38bea1b891c9064b1167fb68f8478f6829326,45020.0,,,,ATA,erc20,"{'value': '0x09888a01d1d135f00000', 'address': '0xa2120b9e674d3fc3875f415a7df52e382f141225', 'decimal': '0x12'}",{'blockTimestamp': '2022-06-24T16:25:50.000Z'}
24,0xe527db,0x282d4f6356fcaa791ba7430297a117777ac9eac251afc6fac56f68e9407bd878:log:217,0x282d4f6356fcaa791ba7430297a117777ac9eac251afc6fac56f68e9407bd878,0x6767526a362ec6c6b1df185478e4f01506b73ff3,0x28c6c06298d514db089934071355e5743bf21d60,33238.0,,,,ATA,erc20,"{'value': '0x0709d5e9418751980000', 'address': '0xa2120b9e674d3fc3875f415a7df52e382f141225', 'decimal': '0x12'}",{'blockTimestamp': '2022-06-24T10:59:47.000Z'}
25,0xe527d7,0x70f31493c170613e3d1ddc175b7ae2a6112343b2720395be59c02f2ac642a7d0:log:490,0x70f31493c170613e3d1ddc175b7ae2a6112343b2720395be59c02f2ac642a7d0,0x3c02290922a3618a4646e3bbca65853ea45fe7c6,0x6767526a362ec6c6b1df185478e4f01506b73ff3,33238.0,,,,ATA,erc20,"{'value': '0x0709d5e9418751980000', 'address': '0xa2120b9e674d3fc3875f415a7df52e382f141225', 'decimal': '0x12'}",{'blockTimestamp': '2022-06-24T10:58:05.000Z'}
26,0xe52577,0x15641393d1fea8084c8f128b4c467ae40a972d3c92fa91fea0e4d0667948c2d9:log:76,0x15641393d1fea8084c8f128b4c467ae40a972d3c92fa91fea0e4d0667948c2d9,0x59a9f2fc6c9f0d1c94a67909887a43f288cba7dd,0x28c6c06298d514db089934071355e5743bf21d60,4798.000000000001,,,,ATA,erc20,"{'value': '0x010419a03b1b44380000', 'address': '0xa2120b9e674d3fc3875f415a7df52e382f141225', 'decimal': '0x12'}",{'blockTimestamp': '2022-06-24T08:11:20.000Z'}
27,0xe52147,0xe8ce5a7f767d93b8c8b4529519af5cfa69a8b2212a671a51faf6e822f644afe1:log:89,0xe8ce5a7f767d93b8c8b4529519af5cfa69a8b2212a671a51faf6e822f644afe1,0xe66b31678d6c16e9ebf358268a790b763c133750,0x949ad54e1cd4f4d10b2c6ea499cfe0ed02bbbc0a,178.53071914796368,,,,ATA,erc20,"{'value': '0x09ad9c872b356767ab', 'address': '0xa2120b9e674d3fc3875f415a7df52e382f141225', 'decimal': '0x12'}",{'blockTimestamp': '2022-06-24T03:16:53.000Z'}
28,0xe52147,0xe8ce5a7f767d93b8c8b4529519af5cfa69a8b2212a671a51faf6e822f644afe1:log:86,0xe8ce5a7f767d93b8c8b4529519af5cfa69a8b2212a671a51faf6e822f644afe1,0x5654d65578cda52791879751141f2f3d7dc27fe4,0xe66b31678d6c16e9ebf358268a790b763c133750,178.53071914796368,,,,ATA,erc20,"{'value': '0x09ad9c872b356767ab', 'address': '0xa2120b9e674d3fc3875f415a7df52e382f141225', 'decimal': '0x12'}",{'blockTimestamp': '2022-06-24T03:16:53.000Z'}
29,0xe51ed1,0x4db82dcae743ebf7ffcbad0e348b0bf3c0bf56b184840ea4ff4e6313df51114b:log:119,0x4db82dcae743ebf7ffcbad0e348b0bf3c0bf56b184840ea4ff4e6313df51114b,0x1b6ccc5509bc04cfc32f72716588da4bf807cf4e,0x28c6c06298d514db089934071355e5743bf21d60,14880.357142857143,,,,ATA,erc20,"{'value': '0x0326aa705deae2916db7', 'address': '0xa2120b9e674d3fc3875f415a7df52e382f141225', 'decimal': '0x12'}",{'blockTimestamp': '2022-06-24T00:32:40.000Z'}
30,0xe5164e,0x75d5656edf586096f5bc0984d575528e7eee1411b8c9e0d3b0d5c6fe40bfeef0:log:577,0x75d5656edf586096f5bc0984d575528e7eee1411b8c9e0d3b0d5c6fe40bfeef0,0x0635cf48342199b3ae93630ce651f31e37320c6a,0x738cf6903e6c4e699d1c2dd9ab8b67fcdb3121ea,1341.9299294938487,,,,ATA,erc20,"{'value': '0x48bf04d10671d64b34', 'address': '0xa2120b9e674d3fc3875f415a7df52e382f141225', 'decimal': '0x12'}",{'blockTimestamp': '2022-06-23T14:45:20.000Z'}
31,0xe51593,0xa4075f9e2dd29ac3a511871ad421e3ff3a833acfde4d64f47a54c1e71e13d655:log:30,0xa4075f9e2dd29ac3a511871ad421e3ff3a833acfde4d64f47a54c1e71e13d655,0x5654d65578cda52791879751141f2f3d7dc27fe4,0x0635cf48342199b3ae93630ce651f31e37320c6a,1341.9299294938487,,,,ATA,erc20,"{'value': '0x48bf04d10671d64b34', 'address': '0xa2120b9e674d3fc3875f415a7df52e382f141225', 'decimal': '0x12'}",{'blockTimestamp': '2022-06-23T13:52:05.000Z'}
32,0xe51592,0xf5a374d014517828dde2b8f2e5b5d1dc4285de80568b269107c54993693154f4:log:96,0xf5a374d014517828dde2b8f2e5b5d1dc4285de80568b269107c54993693154f4,0x882d04c3d8410ddf2061b3cba2c3522854316feb,0x40ec5b33f54e0e8a33a975908c5ba1c14e5bbbdf,1541.7470731837564,,,,ATA,erc20,"{'value': '0x539409ea88d7f87195', 'address': '0xa2120b9e674d3fc3875f415a7df52e382f141225', 'decimal': '0x12'}",{'blockTimestamp': '2022-06-23T13:51:49.000Z'}
33,0xe51592,0xf5a374d014517828dde2b8f2e5b5d1dc4285de80568b269107c54993693154f4:log:92,0xf5a374d014517828dde2b8f2e5b5d1dc4285de80568b269107c54993693154f4,0x5654d65578cda52791879751141f2f3d7dc27fe4,0x882d04c3d8410ddf2061b3cba2c3522854316feb,1541.7470731837564,,,,ATA,erc20,"{'value': '0x539409ea88d7f87195', 'address': '0xa2120b9e674d3fc3875f415a7df52e382f141225', 'decimal': '0x12'}",{'blockTimestamp': '2022-06-23T13:51:49.000Z'}
34,0xe51592,0xf63c7829166aa8542c1bcf739ac499617259c197073c030286254d395ed3bbdb:log:85,0xf63c7829166aa8542c1bcf739ac499617259c197073c030286254d395ed3bbdb,0xe66b31678d6c16e9ebf358268a790b763c133750,0x5654d65578cda52791879751141f2f3d7dc27fe4,3013.0708132028485,,,,ATA,erc20,"{'value': '0xa356c1e4acb525625c', 'address': '0xa2120b9e674d3fc3875f415a7df52e382f141225', 'decimal': '0x12'}",{'blockTimestamp': '2022-06-23T13:51:49.000Z'}
35,0xe51592,0xf63c7829166aa8542c1bcf739ac499617259c197073c030286254d395ed3bbdb:log:82,0xf63c7829166aa8542c1bcf739ac499617259c197073c030286254d395ed3bbdb,0x9faab740414c7cb090fe65aeb3349dc41223f56c,0xe66b31678d6c16e9ebf358268a790b763c133750,3013.0708132028485,,,,ATA,erc20,"{'value': '0xa356c1e4acb525625c', 'address': '0xa2120b9e674d3fc3875f415a7df52e382f141225', 'decimal': '0x12'}",{'blockTimestamp': '2022-06-23T13:51:49.000Z'}
36,0xe51592,0xf63c7829166aa8542c1bcf739ac499617259c197073c030286254d395ed3bbdb:log:80,0xf63c7829166aa8542c1bcf739ac499617259c197073c030286254d395ed3bbdb,0x9faab740414c7cb090fe65aeb3349dc41223f56c,0x382ffce2287252f930e1c8dc9328dac5bf282ba1,30.43505871922069,,,,ATA,erc20,"{'value': '0x01a65f0ca73d4df410', 'address': '0xa2120b9e674d3fc3875f415a7df52e382f141225', 'decimal': '0x12'}",{'blockTimestamp': '2022-06-23T13:51:49.000Z'}
37,0xe51491,0xf2e982e79eed40aec6c01b39fcc6cf9100b28754a526d47eaf089811fdd9223f:log:124,0xf2e982e79eed40aec6c01b39fcc6cf9100b28754a526d47eaf089811fdd9223f,0x0d0707963952f2fba59dd06f2b425ace40b492fe,0xf05e2a70346560d3228c7002194bb7c5dc8fe100,43501.0,,,,ATA,erc20,"{'value': '0x093631a5bdd2fb940000', 'address': '0xa2120b9e674d3fc3875f415a7df52e382f141225', 'decimal': '0x12'}",{'blockTimestamp': '2022-06-23T12:46:56.000Z'}
38,0xe513d3,0x7eb1e78cb9ff5841e54736a34148a8917d23f45f9cbaa3f5ae4d4abeb82be2c2:log:426,0x7eb1e78cb9ff5841e54736a34148a8917d23f45f9cbaa3f5ae4d4abeb82be2c2,0x70031213c95deecfa44a6c438bca25134a292eef,0x10f90dd36517c9de5b8a1586220013a21002fa2e,20832.5,,,,ATA,erc20,"{'value': '0x04695503b6af3d320000', 'address': '0xa2120b9e674d3fc3875f415a7df52e382f141225', 'decimal': '0x12'}",{'blockTimestamp': '2022-06-23T11:52:30.000Z'}
39,0xe513d0,0x385b627bb187f7f87c4f8137707fe42fe4398ef83e352e6adf68170d458b0959:log:141,0x385b627bb187f7f87c4f8137707fe42fe4398ef83e352e6adf68170d458b0959,0xa2120b9e674d3fc3875f415a7df52e382f141225,0x70031213c95deecfa44a6c438bca25134a292eef,20832.5,,,,ATA,erc20,"{'value': '0x04695503b6af3d320000', 'address': '0xa2120b9e674d3fc3875f415a7df52e382f141225', 'decimal': '0x12'}",{'blockTimestamp': '2022-06-23T11:51:18.000Z'}
40,0xe5098e,0xac7e39f8f23d37b1a156ad82790ae94ce820586433dec034b2262eb302bd2c05:log:172,0xac7e39f8f23d37b1a156ad82790ae94ce820586433dec034b2262eb302bd2c05,0xb638c9ed38621892c52611fac202aca483482c0d,0xb5d85cbf7cb3ee0d56b3bb207d5fc4b82f43f511,68676.0,,,,ATA,erc20,"{'value': '0x0e8aeef49af526900000', 'address': '0xa2120b9e674d3fc3875f415a7df52e382f141225', 'decimal': '0x12'}",{'blockTimestamp': '2022-06-22T23:54:56.000Z'}
41,0xe50970,0x33b5caf04c06ece3c8054973843a7f470fbfe6b1a37b5a0004343f4683f9f228:log:207,0x33b5caf04c06ece3c8054973843a7f470fbfe6b1a37b5a0004343f4683f9f228,0xdfd5293d8e347dfe59e90efd55b2956a1343963d,0xb638c9ed38621892c52611fac202aca483482c0d,68676.0,,,,ATA,erc20,"{'value': '0x0e8aeef49af526900000', 'address': '0xa2120b9e674d3fc3875f415a7df52e382f141225', 'decimal': '0x12'}",{'blockTimestamp': '2022-06-22T23:47:42.000Z'}
42,0xe503d0,0x52dc8b1854329ac60cabf17ac1489278b601b8a0f13e95cc4482416785db2eb2:log:165,0x52dc8b1854329ac60cabf17ac1489278b601b8a0f13e95cc4482416785db2eb2,0x0d0707963952f2fba59dd06f2b425ace40b492fe,0xf05e2a70346560d3228c7002194bb7c5dc8fe100,44806.0,,,,ATA,erc20,"{'value': '0x097cf02917a348580000', 'address': '0xa2120b9e674d3fc3875f415a7df52e382f141225', 'decimal': '0x12'}",{'blockTimestamp': '2022-06-22T17:25:12.000Z'}
43,0xe50004,0x97e01e8ebaa0dabef02167f306907457405c8c2c092feeff5242ab433b1f98df:log:165,0x97e01e8ebaa0dabef02167f306907457405c8c2c092feeff5242ab433b1f98df,0x21a31ee1afc51d94c2efccaa2092ad1028285549,0xd6b38bea1b891c9064b1167fb68f8478f6829326,41763.0,,,,ATA,erc20,"{'value': '0x08d7fa0d5e248eac0000', 'address': '0xa2120b9e674d3fc3875f415a7df52e382f141225', 'decimal': '0x12'}",{'blockTimestamp': '2022-06-22T13:02:02.000Z'}
44,0xe4fb0f,0x62125036eb5b421a4ecba34eebc70815badbc7e32fe46fd5d66fb2201b167b6d:log:295,0x62125036eb5b421a4ecba34eebc70815badbc7e32fe46fd5d66fb2201b167b6d,0x733c5570597e609c796399333f0a176e444386ee,0x738cf6903e6c4e699d1c2dd9ab8b67fcdb3121ea,12697.0,,,,ATA,erc20,"{'value': '0x02b04e4594692ec40000', 'address': '0xa2120b9e674d3fc3875f415a7df52e382f141225', 'decimal': '0x12'}",{'blockTimestamp': '2022-06-22T07:17:53.000Z'}
45,0xe4f9dd,0xd30250e1a0291cb855382fd53c62b3e3a4c605248b24b0f168963b50bd8fcb82:log:230,0xd30250e1a0291cb855382fd53c62b3e3a4c605248b24b0f168963b50bd8fcb82,0x28c6c06298d514db089934071355e5743bf21d60,0x733c5570597e609c796399333f0a176e444386ee,12697.0,,,,ATA,erc20,"{'value': '0x02b04e4594692ec40000', 'address': '0xa2120b9e674d3fc3875f415a7df52e382f141225', 'decimal': '0x12'}",{'blockTimestamp': '2022-06-22T06:01:16.000Z'}
46,0xe4f7cd,0xb4da56d4e67fa71613a3f1fe36426d7edfe93777c8f9deb1c58c59838e6e6ed6:log:377,0xb4da56d4e67fa71613a3f1fe36426d7edfe93777c8f9deb1c58c59838e6e6ed6,0x0d0707963952f2fba59dd06f2b425ace40b492fe,0xf05e2a70346560d3228c7002194bb7c5dc8fe100,43874.00000000001,,,,ATA,erc20,"{'value': '0x094a6a0ff195e0480000', 'address': '0xa2120b9e674d3fc3875f415a7df52e382f141225', 'decimal': '0x12'}",{'blockTimestamp': '2022-06-22T03:35:15.000Z'}
47,0xe4f474,0xe2a96053d118f1cb9521d0cb011a95f807fb30518c3c2fb7405d132fa6bab347:log:360,0xe2a96053d118f1cb9521d0cb011a95f807fb30518c3c2fb7405d132fa6bab347,0x6c7b2b48aa25bf33112e773717978633e7dcc48d,0xb5d85cbf7cb3ee0d56b3bb207d5fc4b82f43f511,54.51,,,,ATA,erc20,"{'value': '0x02f47a6c31928b0000', 'address': '0xa2120b9e674d3fc3875f415a7df52e382f141225', 'decimal': '0x12'}",{'blockTimestamp': '2022-06-21T23:40:00.000Z'}
48,0xe4f461,0xd2ca68dce79580f7ba129f5c3f93beea44efd6fc0a3ed4b4903a85266a5bbb2a:log:33,0xd2ca68dce79580f7ba129f5c3f93beea44efd6fc0a3ed4b4903a85266a5bbb2a,0xe5719bd33042dbb6d82ba95a7467a1f0d1fc56b1,0xb5d85cbf7cb3ee0d56b3bb207d5fc4b82f43f511,122.39558445,,,,ATA,erc20,"{'value': '0x06a2947793e2931400', 'address': '0xa2120b9e674d3fc3875f415a7df52e382f141225', 'decimal': '0x12'}",{'blockTimestamp': '2022-06-21T23:35:00.000Z'}
49,0xe4f44f,0x44e2bb6cbe26ece351a1f6de144504d9e9b77691126ae06f4f24fb947e999ca3:log:93,0x44e2bb6cbe26ece351a1f6de144504d9e9b77691126ae06f4f24fb947e999ca3,0x9e396b27e32518448cbdb2277070ae2ab2984e79,0x28c6c06298d514db089934071355e5743bf21d60,312500.0,,,,ATA,erc20,"{'value': '0x422ca8b0a00a42500000', 'address': '0xa2120b9e674d3fc3875f415a7df52e382f141225', 'decimal': '0x12'}",{'blockTimestamp': '2022-06-21T23:30:03.000Z'}
50,0xe4f44b,0xf44510b16057531c3a04bb0630cb8eadf9c03be24cead8d4d6a7817dd69cec91:log:609,0xf44510b16057531c3a04bb0630cb8eadf9c03be24cead8d4d6a7817dd69cec91,0xb09d8ccc60c2ad5711272475f8fff9d0ac0ca8bd,0x9e396b27e32518448cbdb2277070ae2ab2984e79,312500.0,,,,ATA,erc20,"{'value': '0x422ca8b0a00a42500000', 'address': '0xa2120b9e674d3fc3875f415a7df52e382f141225', 'decimal': '0x12'}",{'blockTimestamp': '2022-06-21T23:28:31.000Z'}
51,0xe4f449,0xcc3af584aedccc560a70fca6cd1951603e7f14591b9031a145db70a418fa378f:log:535,0xcc3af584aedccc560a70fca6cd1951603e7f14591b9031a145db70a418fa378f,0xa2120b9e674d3fc3875f415a7df52e382f141225,0xb09d8ccc60c2ad5711272475f8fff9d0ac0ca8bd,312500.0,,,,ATA,erc20,"{'value': '0x422ca8b0a00a42500000', 'address': '0xa2120b9e674d3fc3875f415a7df52e382f141225', 'decimal': '0x12'}",{'blockTimestamp': '2022-06-21T23:27:49.000Z'}
52,0xe4f440,0x6815de2117a73f2bddc5f231fa06fb349c49b59543c2adf28f2be631068a12b8:log:65,0x6815de2117a73f2bddc5f231fa06fb349c49b59543c2adf28f2be631068a12b8,0x0d0707963952f2fba59dd06f2b425ace40b492fe,0x6c7b2b48aa25bf33112e773717978633e7dcc48d,54.51,,,,ATA,erc20,"{'value': '0x02f47a6c31928b0000', 'address': '0xa2120b9e674d3fc3875f415a7df52e382f141225', 'decimal': '0x12'}",{'blockTimestamp': '2022-06-21T23:25:12.000Z'}
53,0xe4f43f,0x7ed403656f1ec7640e2d7651f59215a22a1a0f0ffbf2ab1e64455b929b48084a:log:74,0x7ed403656f1ec7640e2d7651f59215a22a1a0f0ffbf2ab1e64455b929b48084a,0x01eeb8b289ed1a943930bb95530273a1082c2fdb,0xe5719bd33042dbb6d82ba95a7467a1f0d1fc56b1,122.39558445,,,,ATA,erc20,"{'value': '0x06a2947793e2931400', 'address': '0xa2120b9e674d3fc3875f415a7df52e382f141225', 'decimal': '0x12'}",{'blockTimestamp': '2022-06-21T23:25:04.000Z'}
54,0xe4f2b9,0x89862a6d99969829f6b08e5db0f7c852e5f00f77bd0d981acbd70a68cea212df:log:92,0x89862a6d99969829f6b08e5db0f7c852e5f00f77bd0d981acbd70a68cea212df,0x28c6c06298d514db089934071355e5743bf21d60,0xdfd5293d8e347dfe59e90efd55b2956a1343963d,877063.0090000001,,,,ATA,erc20,"{'value': '0xb9b9ae553e85a6b68000', 'address': '0xa2120b9e674d3fc3875f415a7df52e382f141225', 'decimal': '0x12'}",{'blockTimestamp': '2022-06-21T21:40:26.000Z'}
55,0xe4f2a0,0xc1291ab4a7a6210d69d782b1cf1726c35fd0cb78742b564fdd8accb6980bda5f:log:103,0xc1291ab4a7a6210d69d782b1cf1726c35fd0cb78742b564fdd8accb6980bda5f,0xb638c9ed38621892c52611fac202aca483482c0d,0xb5d85cbf7cb3ee0d56b3bb207d5fc4b82f43f511,124234.0,,,,ATA,erc20,"{'value': '0x1a4ebd172c0ed6e80000', 'address': '0xa2120b9e674d3fc3875f415a7df52e382f141225', 'decimal': '0x12'}",{'blockTimestamp': '2022-06-21T21:34:49.000Z'}
56,0xe4f288,0x780a3af866ce495db785d4d9926b4312c56977db6aa9c70fe4de0a1134d795af:log:258,0x780a3af866ce495db785d4d9926b4312c56977db6aa9c70fe4de0a1134d795af,0xdfd5293d8e347dfe59e90efd55b2956a1343963d,0xb638c9ed38621892c52611fac202aca483482c0d,124234.0,,,,ATA,erc20,"{'value': '0x1a4ebd172c0ed6e80000', 'address': '0xa2120b9e674d3fc3875f415a7df52e382f141225', 'decimal': '0x12'}",{'blockTimestamp': '2022-06-21T21:25:55.000Z'}
57,0xe4f0f0,0xc8b5e0f4d365b196bf9c86cbd82cf06b449e84827507cce64d9e1849909fb51b:log:122,0xc8b5e0f4d365b196bf9c86cbd82cf06b449e84827507cce64d9e1849909fb51b,0xb5d85cbf7cb3ee0d56b3bb207d5fc4b82f43f511,0x8e06c2792ba953daf79766535fc1293c9f6ab3df,981.37381193,,,,ATA,erc20,"{'value': '0x35334c2a68b6a80400', 'address': '0xa2120b9e674d3fc3875f415a7df52e382f141225', 'decimal': '0x12'}",{'blockTimestamp': '2022-06-21T19:42:52.000Z'}
58,0xe4f01e,0x0dbde82f7565df2a011f36e5dd5b5fc41f0863709fa16153408c1803fc793f7a:log:195,0x0dbde82f7565df2a011f36e5dd5b5fc41f0863709fa16153408c1803fc793f7a,0xb5d85cbf7cb3ee0d56b3bb207d5fc4b82f43f511,0x6fcc4876a87bbec8f6b2502789828d55849d7f9f,523.99916161,,,,ATA,erc20,"{'value': '0x1c67f2fd37be8de400', 'address': '0xa2120b9e674d3fc3875f415a7df52e382f141225', 'decimal': '0x12'}",{'blockTimestamp': '2022-06-21T18:44:57.000Z'}
59,0xe4ee96,0xff9a6a96ae3d82d81cf4e4f673f1b06a106657b57d9cdb00b437cb31a2ca6e4d:log:77,0xff9a6a96ae3d82d81cf4e4f673f1b06a106657b57d9cdb00b437cb31a2ca6e4d,0xb638c9ed38621892c52611fac202aca483482c0d,0xb5d85cbf7cb3ee0d56b3bb207d5fc4b82f43f511,83728.0,,,,ATA,erc20,"{'value': '0x11bae76ae60b32400000', 'address': '0xa2120b9e674d3fc3875f415a7df52e382f141225', 'decimal': '0x12'}",{'blockTimestamp': '2022-06-21T17:00:05.000Z'}
60,0xe4ee7b,0x97269275be0b6c0435c5106f628fdb439fc7d4a4d2659a9474b5cb37e2098463:log:65,0x97269275be0b6c0435c5106f628fdb439fc7d4a4d2659a9474b5cb37e2098463,0x21a31ee1afc51d94c2efccaa2092ad1028285549,0xb638c9ed38621892c52611fac202aca483482c0d,83728.0,,,,ATA,erc20,"{'value': '0x11bae76ae60b32400000', 'address': '0xa2120b9e674d3fc3875f415a7df52e382f141225', 'decimal': '0x12'}",{'blockTimestamp': '2022-06-21T16:51:58.000Z'}
61,0xe4ec38,0xd2330b0aecf586f5bd58fe23e733db79dd40853c07d34c8c5af15cdcdc924c65:log:113,0xd2330b0aecf586f5bd58fe23e733db79dd40853c07d34c8c5af15cdcdc924c65,0x733c5570597e609c796399333f0a176e444386ee,0xf16e9b0d03470827a95cdfd0cb8a8a3b46969b91,72842.0,,,,ATA,erc20,"{'value': '0x0f6cc5d1ca8b2be80000', 'address': '0xa2120b9e674d3fc3875f415a7df52e382f141225', 'decimal': '0x12'}",{'blockTimestamp': '2022-06-21T14:14:12.000Z'}
62,0xe4ec06,0x53c2741187bd2c9259f3e0625ac135b913d630e95d082f2819bf4cbb3fae85d8:log:22,0x53c2741187bd2c9259f3e0625ac135b913d630e95d082f2819bf4cbb3fae85d8,0x7ecccabb5e4ff4537f70b0a5018e8c0cfd53fff4,0x28c6c06298d514db089934071355e5743bf21d60,99353.77410625,,,,ATA,erc20,"{'value': '0x1509fa984ec75a6ce400', 'address': '0xa2120b9e674d3fc3875f415a7df52e382f141225', 'decimal': '0x12'}",{'blockTimestamp': '2022-06-21T14:00:06.000Z'}
63,0xe4ebb0,0x91811d45509bc70de68ee27cb57e620e7b7906dee4bd49a14d5074a488f3a1b6:log:266,0x91811d45509bc70de68ee27cb57e620e7b7906dee4bd49a14d5074a488f3a1b6,0xb5d85cbf7cb3ee0d56b3bb207d5fc4b82f43f511,0x7ecccabb5e4ff4537f70b0a5018e8c0cfd53fff4,99353.77410625,,,,ATA,erc20,"{'value': '0x1509fa984ec75a6ce400', 'address': '0xa2120b9e674d3fc3875f415a7df52e382f141225', 'decimal': '0x12'}",{'blockTimestamp': '2022-06-21T13:35:23.000Z'}
64,0xe4eba2,0x45a41348be5d4a83947edcb443d94b260e654eac4e45769c0f00d46acc764d28:log:427,0x45a41348be5d4a83947edcb443d94b260e654eac4e45769c0f00d46acc764d28,0x919947f59fe8d7b8c828e64947dfc6269091545c,0x28c6c06298d514db089934071355e5743bf21d60,99999.99999999999,,,,ATA,erc20,"{'value': '0x152d02c7e14af6800000', 'address': '0xa2120b9e674d3fc3875f415a7df52e382f141225', 'decimal': '0x12'}",{'blockTimestamp': '2022-06-21T13:30:40.000Z'}
65,0xe4eb96,0x13c54b6e92fabfcd03a36a471e96cd1012ce9f5debe1f29925ae14cce1221e63:log:77,0x13c54b6e92fabfcd03a36a471e96cd1012ce9f5debe1f29925ae14cce1221e63,0x28c6c06298d514db089934071355e5743bf21d60,0x733c5570597e609c796399333f0a176e444386ee,18990.0,,,,ATA,erc20,"{'value': '0x04057330c2aafbf80000', 'address': '0xa2120b9e674d3fc3875f415a7df52e382f141225', 'decimal': '0x12'}",{'blockTimestamp': '2022-06-21T13:26:35.000Z'}
66,0xe4eb64,0x2725ce1e76cf46ed0d7cd00aacdfb084c0488b1a14ee57cf245515ad6c956029:log:200,0x2725ce1e76cf46ed0d7cd00aacdfb084c0488b1a14ee57cf245515ad6c956029,0x18576e1ab285845cfd8efe8b70e2e70bf426adce,0x919947f59fe8d7b8c828e64947dfc6269091545c,99999.99999999999,,,,ATA,erc20,"{'value': '0x152d02c7e14af6800000', 'address': '0xa2120b9e674d3fc3875f415a7df52e382f141225', 'decimal': '0x12'}",{'blockTimestamp': '2022-06-21T13:11:57.000Z'}
67,0xe4eace,0xff8715dd515334999055134c78a5b820bad2fd73228ba35235e13aa113b15939:log:365,0xff8715dd515334999055134c78a5b820bad2fd73228ba35235e13aa113b15939,0xf05e2a70346560d3228c7002194bb7c5dc8fe100,0x28c6c06298d514db089934071355e5743bf21d60,296686.0,,,,ATA,erc20,"{'value': '0x3ed3615a8233f6f80000', 'address': '0xa2120b9e674d3fc3875f415a7df52e382f141225', 'decimal': '0x12'}",{'blockTimestamp': '2022-06-21T12:30:32.000Z'}
68,0xe4eaa6,0xcc4719f43ccc71a5c46d297ef312523cfa52ef510199a5dee3ee6206fe7cee01:log:445,0xcc4719f43ccc71a5c46d297ef312523cfa52ef510199a5dee3ee6206fe7cee01,0xdfd5293d8e347dfe59e90efd55b2956a1343963d,0x733c5570597e609c796399333f0a176e444386ee,53852.0,,,,ATA,erc20,"{'value': '0x0b6752a107e02ff00000', 'address': '0xa2120b9e674d3fc3875f415a7df52e382f141225', 'decimal': '0x12'}",{'blockTimestamp': '2022-06-21T12:20:46.000Z'}
69,0xe4ea13,0xffbd5f8383cda3ca5778fcf4ad1d21e0fda137353407bfe2b0cb27153f91ff91:log:496,0xffbd5f8383cda3ca5778fcf4ad1d21e0fda137353407bfe2b0cb27153f91ff91,0x0d0707963952f2fba59dd06f2b425ace40b492fe,0xf05e2a70346560d3228c7002194bb7c5dc8fe100,85698.0,,,,ATA,erc20,"{'value': '0x1225b2a8d88951c80000', 'address': '0xa2120b9e674d3fc3875f415a7df52e382f141225', 'decimal': '0x12'}",{'blockTimestamp': '2022-06-21T11:42:30.000Z'}
70,0xe4e96b,0x4d408f47de3799108d9650470a60733d308e3f9f1e0c73ca424d7a746b186256:log:430,0x4d408f47de3799108d9650470a60733d308e3f9f1e0c73ca424d7a746b186256,0x1a8f10c7f36723bd4ad1ceb6cba78a4426a10da4,0x28c6c06298d514db089934071355e5743bf21d60,17776.740444314866,,,,ATA,erc20,"{'value': '0x03c3add4f0e59b3b6b3d', 'address': '0xa2120b9e674d3fc3875f415a7df52e382f141225', 'decimal': '0x12'}",{'blockTimestamp': '2022-06-21T11:00:05.000Z'}
71,0xe4e96b,0xa37b5fa7f8fe21eabcc64a8fda47274ae5949a1dc6fc60fb25c147b3b870d298:log:423,0xa37b5fa7f8fe21eabcc64a8fda47274ae5949a1dc6fc60fb25c147b3b870d298,0x7ecccabb5e4ff4537f70b0a5018e8c0cfd53fff4,0x28c6c06298d514db089934071355e5743bf21d60,696127.8878783999,,,,ATA,erc20,"{'value': '0x93692b1d75c8a95a0000', 'address': '0xa2120b9e674d3fc3875f415a7df52e382f141225', 'decimal': '0x12'}",{'blockTimestamp': '2022-06-21T11:00:05.000Z'}
72,0xe4e899,0x5c27b68792b77e436d781038ca4e47f9961c56e266df94cdd236d6ef2a0d3b42:log:242,0x5c27b68792b77e436d781038ca4e47f9961c56e266df94cdd236d6ef2a0d3b42,0x733c5570597e609c796399333f0a176e444386ee,0xf16e9b0d03470827a95cdfd0cb8a8a3b46969b91,132677.0,,,,ATA,erc20,"{'value': '0x1c186f40c32075f40000', 'address': '0xa2120b9e674d3fc3875f415a7df52e382f141225', 'decimal': '0x12'}",{'blockTimestamp': '2022-06-21T10:07:12.000Z'}
73,0xe4e883,0xae8c3c964587070de95c05b9e6e6c91391a0f94aa929e875fb994d5a0f47a930:log:309,0xae8c3c964587070de95c05b9e6e6c91391a0f94aa929e875fb994d5a0f47a930,0x3250f29f8208be1200b93e9d98ed2d3d6af8b74d,0xc864ec182fac0447a0c46056139e9d71d10a386c,267846.4285714286,,,,ATA,erc20,"{'value': '0x38b7fbe69a83ee39b6db', 'address': '0xa2120b9e674d3fc3875f415a7df52e382f141225', 'decimal': '0x12'}",{'blockTimestamp': '2022-06-21T09:59:55.000Z'}
74,0xe4e83f,0xd3db995b1f8841aefe7caae83aadc9d75be2117c3c7b747062217447c181975b:log:329,0xd3db995b1f8841aefe7caae83aadc9d75be2117c3c7b747062217447c181975b,0xa2120b9e674d3fc3875f415a7df52e382f141225,0x3250f29f8208be1200b93e9d98ed2d3d6af8b74d,267846.4285714286,,,,ATA,erc20,"{'value': '0x38b7fbe69a83ee39b6db', 'address': '0xa2120b9e674d3fc3875f415a7df52e382f141225', 'decimal': '0x12'}",{'blockTimestamp': '2022-06-21T09:43:31.000Z'}
75,0xe4e77a,0x5a001e58766a51245ded976a34796000c4e0b8b828ef95663e70df6423d59753:log:181,0x5a001e58766a51245ded976a34796000c4e0b8b828ef95663e70df6423d59753,0xb5d85cbf7cb3ee0d56b3bb207d5fc4b82f43f511,0xeb1e066137eefed80691c047848fb2504fd26792,160.811597,,,,ATA,erc20,"{'value': '0x08b7b58f748445d000', 'address': '0xa2120b9e674d3fc3875f415a7df52e382f141225', 'decimal': '0x12'}",{'blockTimestamp': '2022-06-21T08:55:23.000Z'}
76,0xe4e6f5,0x08ea5ebe755188b6d94997de593d2747516c5c7b185b84bcdca7611eceff6449:log:313,0x08ea5ebe755188b6d94997de593d2747516c5c7b185b84bcdca7611eceff6449,0x21a31ee1afc51d94c2efccaa2092ad1028285549,0x733c5570597e609c796399333f0a176e444386ee,12696.0,,,,ATA,erc20,"{'value': '0x02b04064ddb587600000', 'address': '0xa2120b9e674d3fc3875f415a7df52e382f141225', 'decimal': '0x12'}",{'blockTimestamp': '2022-06-21T08:22:36.000Z'}
77,0xe4e5f9,0xf0521f19725294d8f160c4acda8968ce82e613bdb0ba886d86bc8be17009f6c7:log:110,0xf0521f19725294d8f160c4acda8968ce82e613bdb0ba886d86bc8be17009f6c7,0xb638c9ed38621892c52611fac202aca483482c0d,0xb5d85cbf7cb3ee0d56b3bb207d5fc4b82f43f511,81086.0,,,,ATA,erc20,"{'value': '0x112bae4d5bf5ac380000', 'address': '0xa2120b9e674d3fc3875f415a7df52e382f141225', 'decimal': '0x12'}",{'blockTimestamp': '2022-06-21T07:19:57.000Z'}
78,0xe4e5df,0x578d966a79c6f9f29c78209dc90101771b68690c448d5e88753e9c58cf6702f3:log:582,0x578d966a79c6f9f29c78209dc90101771b68690c448d5e88753e9c58cf6702f3,0x28c6c06298d514db089934071355e5743bf21d60,0xb638c9ed38621892c52611fac202aca483482c0d,81086.0,,,,ATA,erc20,"{'value': '0x112bae4d5bf5ac380000', 'address': '0xa2120b9e674d3fc3875f415a7df52e382f141225', 'decimal': '0x12'}",{'blockTimestamp': '2022-06-21T07:12:29.000Z'}
79,0xe4e578,0xf98e99904303237c988cc6f28a4d83d5ba95510f69621f57142686d5829b441d:log:91,0xf98e99904303237c988cc6f28a4d83d5ba95510f69621f57142686d5829b441d,0x0d0707963952f2fba59dd06f2b425ace40b492fe,0xf05e2a70346560d3228c7002194bb7c5dc8fe100,98457.0,,,,ATA,erc20,"{'value': '0x14d95d5aac750ac40000', 'address': '0xa2120b9e674d3fc3875f415a7df52e382f141225', 'decimal': '0x12'}",{'blockTimestamp': '2022-06-21T06:42:06.000Z'}
80,0xe4e44f,0x61fba373ab96d85e941b0aed590f77a8c5e824a1401a0712b210b96d52e9a843:log:416,0x61fba373ab96d85e941b0aed590f77a8c5e824a1401a0712b210b96d52e9a843,0xb5d85cbf7cb3ee0d56b3bb207d5fc4b82f43f511,0x7ecccabb5e4ff4537f70b0a5018e8c0cfd53fff4,99178.60428551,,,,ATA,erc20,"{'value': '0x15007ba016e7b9df3c00', 'address': '0xa2120b9e674d3fc3875f415a7df52e382f141225', 'decimal': '0x12'}",{'blockTimestamp': '2022-06-21T05:20:29.000Z'}
81,0xe4e409,0x7ba7d6ddb55ce63fc89ea93b134507628baaf47aff05eff741f49d0a15ea1039:log:400,0x7ba7d6ddb55ce63fc89ea93b134507628baaf47aff05eff741f49d0a15ea1039,0xb5d85cbf7cb3ee0d56b3bb207d5fc4b82f43f511,0x7ecccabb5e4ff4537f70b0a5018e8c0cfd53fff4,99195.04063222001,,,,ATA,erc20,"{'value': '0x15015fb9b92788951800', 'address': '0xa2120b9e674d3fc3875f415a7df52e382f141225', 'decimal': '0x12'}",{'blockTimestamp': '2022-06-21T05:02:50.000Z'}
82,0xe4e3c4,0x366e4fdec8ac4404b66f9713db6f3eabe8de5fec7b7d863b1a83d34c871fc0b1:log:198,0x366e4fdec8ac4404b66f9713db6f3eabe8de5fec7b7d863b1a83d34c871fc0b1,0xb5d85cbf7cb3ee0d56b3bb207d5fc4b82f43f511,0xc6dc40e9017d40a907d69b5af45b5246bdbd9bc7,9.26707455,,,,ATA,erc20,"{'value': '0x809b433443d01c00', 'address': '0xa2120b9e674d3fc3875f415a7df52e382f141225', 'decimal': '0x12'}",{'blockTimestamp': '2022-06-21T04:44:01.000Z'}
83,0xe4e3c4,0x72e065b2755fb725a3f3c62096a613d0fb37cdf37c22dfd757bdea45e30ec424:log:57,0x72e065b2755fb725a3f3c62096a613d0fb37cdf37c22dfd757bdea45e30ec424,0x73b3342cc5faab60dd314360bc67ad6ce694e9b5,0x8992a7c145bf2e7e19cd55d38318b11328d3e7ad,49999.99999999999,,,,ATA,erc20,"{'value': '0x0a968163f0a57b400000', 'address': '0xa2120b9e674d3fc3875f415a7df52e382f141225', 'decimal': '0x12'}",{'blockTimestamp': '2022-06-21T04:44:01.000Z'}
84,0xe4e3b2,0xe1cf16569e3b3517ccb3860f9cac6ffdb8e4bea46c24e5fc739acb8a842b1540:log:290,0xe1cf16569e3b3517ccb3860f9cac6ffdb8e4bea46c24e5fc739acb8a842b1540,0xdfd5293d8e347dfe59e90efd55b2956a1343963d,0x733c5570597e609c796399333f0a176e444386ee,119693.0,,,,ATA,erc20,"{'value': '0x1958920e5b4e9e140000', 'address': '0xa2120b9e674d3fc3875f415a7df52e382f141225', 'decimal': '0x12'}",{'blockTimestamp': '2022-06-21T04:39:19.000Z'}
85,0xe4e2f7,0x42430ee7520d3cedfdbe97efd2052aa0c6bb3b1b00fcecfb52aa8dff1b36c79b:log:372,0x42430ee7520d3cedfdbe97efd2052aa0c6bb3b1b00fcecfb52aa8dff1b36c79b,0x0d0707963952f2fba59dd06f2b425ace40b492fe,0xf05e2a70346560d3228c7002194bb7c5dc8fe100,54697.0,,,,ATA,erc20,"{'value': '0x0b95215c16dfb5040000', 'address': '0xa2120b9e674d3fc3875f415a7df52e382f141225', 'decimal': '0x12'}",{'blockTimestamp': '2022-06-21T03:48:46.000Z'}
86,0xe4e2bf,0x53b5431aa391fd4783ff3406a43b4a80f548a781ba76f906b999ae72f343b9e9:log:187,0x53b5431aa391fd4783ff3406a43b4a80f548a781ba76f906b999ae72f343b9e9,0x21a31ee1afc51d94c2efccaa2092ad1028285549,0x733c5570597e609c796399333f0a176e444386ee,288.0,,,,ATA,erc20,"{'value': '0x0f9ccd8a1c50800000', 'address': '0xa2120b9e674d3fc3875f415a7df52e382f141225', 'decimal': '0x12'}",{'blockTimestamp': '2022-06-21T03:36:33.000Z'}
87,0xe4e222,0xaf429b47d954800aa74341fd29662f13c9846535f3c5ab50c298e19f0dba4bfc:log:141,0xaf429b47d954800aa74341fd29662f13c9846535f3c5ab50c298e19f0dba4bfc,0x0d0707963952f2fba59dd06f2b425ace40b492fe,0xf05e2a70346560d3228c7002194bb7c5dc8fe100,57834.0,,,,ATA,erc20,"{'value': '0x0c3f2ffae655e5680000', 'address': '0xa2120b9e674d3fc3875f415a7df52e382f141225', 'decimal': '0x12'}",{'blockTimestamp': '2022-06-21T02:54:35.000Z'}
88,0xe4e1c6,0x80f540e1bb3563047b9492510ca93beb4892987b2f8c596733627a18f10a0aef:log:97,0x80f540e1bb3563047b9492510ca93beb4892987b2f8c596733627a18f10a0aef,0xd8259173fb6ae1fb2462213bc1fe951c41a35a59,0x28c6c06298d514db089934071355e5743bf21d60,9221.0,,,,ATA,erc20,"{'value': '0x01f3df14d50c54f40000', 'address': '0xa2120b9e674d3fc3875f415a7df52e382f141225', 'decimal': '0x12'}",{'blockTimestamp': '2022-06-21T02:30:12.000Z'}
89,0xe4e045,0xefff0450a05e27c0a8ff1eba0dbc004df3bb5bf35deaa49877b3cf7837c52277:log:247,0xefff0450a05e27c0a8ff1eba0dbc004df3bb5bf35deaa49877b3cf7837c52277,0xf431666bdc13d00bc0d2661ef756755f0c7086dd,0x3c02290922a3618a4646e3bbca65853ea45fe7c6,15596.000000000002,,,,ATA,erc20,"{'value': '0x034d75fa88d9c0300000', 'address': '0xa2120b9e674d3fc3875f415a7df52e382f141225', 'decimal': '0x12'}",{'blockTimestamp': '2022-06-21T00:51:23.000Z'}
90,0xe4e012,0x04ff32a0904ac0a06646473507ccb50430763736b74b4cc8b4515db3ec141801:log:86,0x04ff32a0904ac0a06646473507ccb50430763736b74b4cc8b4515db3ec141801,0xf16e9b0d03470827a95cdfd0cb8a8a3b46969b91,0xf431666bdc13d00bc0d2661ef756755f0c7086dd,15596.000000000002,,,,ATA,erc20,"{'value': '0x034d75fa88d9c0300000', 'address': '0xa2120b9e674d3fc3875f415a7df52e382f141225', 'decimal': '0x12'}",{'blockTimestamp': '2022-06-21T00:38:47.000Z'}
91,0xe4dc9a,0xbbe111bb0405f69b92fa0a3fe6e71fe8f73abe2d89775cc548c031fa1eb34211:log:661,0xbbe111bb0405f69b92fa0a3fe6e71fe8f73abe2d89775cc548c031fa1eb34211,0xb5d85cbf7cb3ee0d56b3bb207d5fc4b82f43f511,0x7ecccabb5e4ff4537f70b0a5018e8c0cfd53fff4,99792.60301086999,,,,ATA,erc20,"{'value': '0x1521c491c283f34c9c00', 'address': '0xa2120b9e674d3fc3875f415a7df52e382f141225', 'decimal': '0x12'}",{'blockTimestamp': '2022-06-20T21:08:12.000Z'}
92,0xe4dc2a,0x4efdf1b3a27a53f81b2eed20b20e0d5daa5aea143cfb11b2e7d89ff9a480562e:log:126,0x4efdf1b3a27a53f81b2eed20b20e0d5daa5aea143cfb11b2e7d89ff9a480562e,0xb638c9ed38621892c52611fac202aca483482c0d,0xb5d85cbf7cb3ee0d56b3bb207d5fc4b82f43f511,190760.0,,,,ATA,erc20,"{'value': '0x28651ecd5e342ba00000', 'address': '0xa2120b9e674d3fc3875f415a7df52e382f141225', 'decimal': '0x12'}",{'blockTimestamp': '2022-06-20T20:40:02.000Z'}
93,0xe4dc11,0x2f444e27635710105b99c05b09846d0b2038eb0363b7c0c5996a69938613111b:log:123,0x2f444e27635710105b99c05b09846d0b2038eb0363b7c0c5996a69938613111b,0xb5d85cbf7cb3ee0d56b3bb207d5fc4b82f43f511,0x0044295aff063e6552583a6bb0808bb7043f27f4,355207.63929622003,,,,ATA,erc20,"{'value': '0x4b37d83ef12e77eab9fc', 'address': '0xa2120b9e674d3fc3875f415a7df52e382f141225', 'decimal': '0x12'}",{'blockTimestamp': '2022-06-20T20:33:57.000Z'}
94,0xe4dbfc,0x26acc0ebef02a1cb6553ee011d825ead8ed350dbbcfbc35cbd61bb230d60c8db:log:639,0x26acc0ebef02a1cb6553ee011d825ead8ed350dbbcfbc35cbd61bb230d60c8db,0x28c6c06298d514db089934071355e5743bf21d60,0xb638c9ed38621892c52611fac202aca483482c0d,190760.0,,,,ATA,erc20,"{'value': '0x28651ecd5e342ba00000', 'address': '0xa2120b9e674d3fc3875f415a7df52e382f141225', 'decimal': '0x12'}",{'blockTimestamp': '2022-06-20T20:28:52.000Z'}
95,0xe4dbf5,0x99969d329ddc5eeea9e2042dd8f31897733a5c04983d66ae5a6c3b66a9e38d2c:log:160,0x99969d329ddc5eeea9e2042dd8f31897733a5c04983d66ae5a6c3b66a9e38d2c,0xb5d85cbf7cb3ee0d56b3bb207d5fc4b82f43f511,0x8a1c1c89f5b7a3ec7bb3c6cfca92a53f7f14463c,4.96524329,,,,ATA,erc20,"{'value': '0x44e816771bd78400', 'address': '0xa2120b9e674d3fc3875f415a7df52e382f141225', 'decimal': '0x12'}",{'blockTimestamp': '2022-06-20T20:27:31.000Z'}
96,0xe4db33,0x8b4cddd9a9f7273143767bed9a1127eacb10fb8be0aea86ba251666306d7974a:log:260,0x8b4cddd9a9f7273143767bed9a1127eacb10fb8be0aea86ba251666306d7974a,0xb5d85cbf7cb3ee0d56b3bb207d5fc4b82f43f511,0x5ad9ac4c45fcffb5c68daf741f09695e1868547a,3.76320478,,,,ATA,erc20,"{'value': '0x343996cf20f3b800', 'address': '0xa2120b9e674d3fc3875f415a7df52e382f141225', 'decimal': '0x12'}",{'blockTimestamp': '2022-06-20T19:41:02.000Z'}
97,0xe4da3c,0xdab9cb731c02aae697d0e1ab748aa1fdb71bd9c9fff1c73bfbbb9ca72e50955c:log:582,0xdab9cb731c02aae697d0e1ab748aa1fdb71bd9c9fff1c73bfbbb9ca72e50955c,0xb638c9ed38621892c52611fac202aca483482c0d,0xb5d85cbf7cb3ee0d56b3bb207d5fc4b82f43f511,110660.00000000001,,,,ATA,erc20,"{'value': '0x176ee3ffb23136900000', 'address': '0xa2120b9e674d3fc3875f415a7df52e382f141225', 'decimal': '0x12'}",{'blockTimestamp': '2022-06-20T18:39:43.000Z'}
98,0xe4da19,0x224260d5090de5555c9b860611ed6db1b707ee5aed3edbb878adb43d181a549e:log:279,0x224260d5090de5555c9b860611ed6db1b707ee5aed3edbb878adb43d181a549e,0xdfd5293d8e347dfe59e90efd55b2956a1343963d,0xb638c9ed38621892c52611fac202aca483482c0d,110660.00000000001,,,,ATA,erc20,"{'value': '0x176ee3ffb23136900000', 'address': '0xa2120b9e674d3fc3875f415a7df52e382f141225', 'decimal': '0x12'}",{'blockTimestamp': '2022-06-20T18:32:26.000Z'}
99,0xe4d921,0x2579b6aea062b7413644cf0700433de765a8ac2aa91921c834a25e610633a25d:log:326,0x2579b6aea062b7413644cf0700433de765a8ac2aa91921c834a25e610633a25d,0xb5d85cbf7cb3ee0d56b3bb207d5fc4b82f43f511,0x0044295aff063e6552583a6bb0808bb7043f27f4,262610.2077051819,,,,ATA,erc20,"{'value': '0x379c20bd1b59e6dd2f18', 'address': '0xa2120b9e674d3fc3875f415a7df52e382f141225', 'decimal': '0x12'}",{'blockTimestamp': '2022-06-20T17:34:21.000Z'}
100,0xe4d83a,0xde850d9f5a74d38705c99a962a8259b7cc74322421bdbb50fde9bdf85f87593e:log:431,0xde850d9f5a74d38705c99a962a8259b7cc74322421bdbb50fde9bdf85f87593e,0x511dbe9e6b7ede607f47d00a681bd5c7a6d397a1,0x1a8f10c7f36723bd4ad1ceb6cba78a4426a10da4,17776.740444314866,,,,ATA,erc20,"{'value': '0x03c3add4f0e59b3b6b3d', 'address': '0xa2120b9e674d3fc3875f415a7df52e382f141225', 'decimal': '0x12'}",{'blockTimestamp': '2022-06-20T16:33:32.000Z'}
101,0xe4d82f,0x711d85c24554d54ba0eaf6a3ccd4d6913b2f0f27a12ef3e6bd92ad7d66486f1f:log:128,0x711d85c24554d54ba0eaf6a3ccd4d6913b2f0f27a12ef3e6bd92ad7d66486f1f,0x40ec5b33f54e0e8a33a975908c5ba1c14e5bbbdf,0x511dbe9e6b7ede607f47d00a681bd5c7a6d397a1,17776.740444314866,,,,ATA,erc20,"{'value': '0x03c3add4f0e59b3b6b3d', 'address': '0xa2120b9e674d3fc3875f415a7df52e382f141225', 'decimal': '0x12'}",{'blockTimestamp': '2022-06-20T16:29:39.000Z'}
102,0xe4d774,0x7131016f7b600de5dcaada576633be24fa062badb374fd21f4881fc8e86dab24:log:380,0x7131016f7b600de5dcaada576633be24fa062badb374fd21f4881fc8e86dab24,0x3c02290922a3618a4646e3bbca65853ea45fe7c6,0xd8259173fb6ae1fb2462213bc1fe951c41a35a59,2982.0,,,,ATA,erc20,"{'value': '0xa1a79030afd6d80000', 'address': '0xa2120b9e674d3fc3875f415a7df52e382f141225', 'decimal': '0x12'}",{'blockTimestamp': '2022-06-20T15:43:52.000Z'}
103,0xe4d729,0x5b91e4a4870bedc0e90393b85f3299f1c459ec5d79c6c0913340639a0348c1cd:log:247,0x5b91e4a4870bedc0e90393b85f3299f1c459ec5d79c6c0913340639a0348c1cd,0xb638c9ed38621892c52611fac202aca483482c0d,0xb5d85cbf7cb3ee0d56b3bb207d5fc4b82f43f511,71018.0,,,,ATA,erc20,"{'value': '0x0f09e4bc0a8283680000', 'address': '0xa2120b9e674d3fc3875f415a7df52e382f141225', 'decimal': '0x12'}",{'blockTimestamp': '2022-06-20T15:24:53.000Z'}
104,0xe4d70f,0x6a114b76ab54437bf2dec20b5415c541b97a88a37da893b5b01e44e35a31bee3:log:66,0x6a114b76ab54437bf2dec20b5415c541b97a88a37da893b5b01e44e35a31bee3,0x3c02290922a3618a4646e3bbca65853ea45fe7c6,0xd8259173fb6ae1fb2462213bc1fe951c41a35a59,6239.0,,,,ATA,erc20,"{'value': '0x01523784a45c7e1c0000', 'address': '0xa2120b9e674d3fc3875f415a7df52e382f141225', 'decimal': '0x12'}",{'blockTimestamp': '2022-06-20T15:18:08.000Z'}
105,0xe4d704,0x3305c5bf4bc87ab94f2a345917b30cf192310a8ae6caae7f83b35689f647a570:log:104,0x3305c5bf4bc87ab94f2a345917b30cf192310a8ae6caae7f83b35689f647a570,0x21a31ee1afc51d94c2efccaa2092ad1028285549,0xb638c9ed38621892c52611fac202aca483482c0d,71018.0,,,,ATA,erc20,"{'value': '0x0f09e4bc0a8283680000', 'address': '0xa2120b9e674d3fc3875f415a7df52e382f141225', 'decimal': '0x12'}",{'blockTimestamp': '2022-06-20T15:15:30.000Z'}
106,0xe4d571,0x340abc2cd3f7340682871816aa1513199c28214933ab972e36398fa21af8f4c2:log:188,0x340abc2cd3f7340682871816aa1513199c28214933ab972e36398fa21af8f4c2,0xe66b31678d6c16e9ebf358268a790b763c133750,0x14b60190863e8c7205070f5b9df4ffa1b89157ee,467.2339924260658,,,,ATA,erc20,"{'value': '0x19542c98998735484d', 'address': '0xa2120b9e674d3fc3875f415a7df52e382f141225', 'decimal': '0x12'}",{'blockTimestamp': '2022-06-20T13:38:58.000Z'}
107,0xe4d571,0x340abc2cd3f7340682871816aa1513199c28214933ab972e36398fa21af8f4c2:log:185,0x340abc2cd3f7340682871816aa1513199c28214933ab972e36398fa21af8f4c2,0x5654d65578cda52791879751141f2f3d7dc27fe4,0xe66b31678d6c16e9ebf358268a790b763c133750,467.2339924260658,,,,ATA,erc20,"{'value': '0x19542c98998735484d', 'address': '0xa2120b9e674d3fc3875f415a7df52e382f141225', 'decimal': '0x12'}",{'blockTimestamp': '2022-06-20T13:38:58.000Z'}
108,0xe4d51f,0x1fb1ee3a9b56f31890086dcca7a2b0332b061a1cb175dc52ec9dbd27c20dae01:log:214,0x1fb1ee3a9b56f31890086dcca7a2b0332b061a1cb175dc52ec9dbd27c20dae01,0xb638c9ed38621892c52611fac202aca483482c0d,0xb5d85cbf7cb3ee0d56b3bb207d5fc4b82f43f511,50137.00000000001,,,,ATA,erc20,"{'value': '0x0a9deea5b6ca0fc40000', 'address': '0xa2120b9e674d3fc3875f415a7df52e382f141225', 'decimal': '0x12'}",{'blockTimestamp': '2022-06-20T13:19:59.000Z'}
109,0xe4d4fe,0x80d77dd8ee816763dbcc546b10c3b233f0474e1295dda3c133418f88cb152ea1:log:254,0x80d77dd8ee816763dbcc546b10c3b233f0474e1295dda3c133418f88cb152ea1,0x28c6c06298d514db089934071355e5743bf21d60,0xb638c9ed38621892c52611fac202aca483482c0d,50137.00000000001,,,,ATA,erc20,"{'value': '0x0a9deea5b6ca0fc40000', 'address': '0xa2120b9e674d3fc3875f415a7df52e382f141225', 'decimal': '0x12'}",{'blockTimestamp': '2022-06-20T13:11:15.000Z'}
110,0xe4d4e5,0x6c18701d9a75d240e212a72a83317a5c1592f18ec95f9e9bee9cb5768d7f8740:log:84,0x6c18701d9a75d240e212a72a83317a5c1592f18ec95f9e9bee9cb5768d7f8740,0xb638c9ed38621892c52611fac202aca483482c0d,0xb5d85cbf7cb3ee0d56b3bb207d5fc4b82f43f511,45309.99999999999,,,,ATA,erc20,"{'value': '0x09984290c954d5380000', 'address': '0xa2120b9e674d3fc3875f415a7df52e382f141225', 'decimal': '0x12'}",{'blockTimestamp': '2022-06-20T13:05:01.000Z'}
111,0xe4d4dc,0x16e59d30ca2790ed376052fc3ec62fae27f8dfa524f9cabc0ec22244d096e24d:log:177,0x16e59d30ca2790ed376052fc3ec62fae27f8dfa524f9cabc0ec22244d096e24d,0xb5d85cbf7cb3ee0d56b3bb207d5fc4b82f43f511,0x0044295aff063e6552583a6bb0808bb7043f27f4,287855.8232120305,,,,ATA,erc20,"{'value': '0x3cf4b208a5d391e2cbcb', 'address': '0xa2120b9e674d3fc3875f415a7df52e382f141225', 'decimal': '0x12'}",{'blockTimestamp': '2022-06-20T13:02:30.000Z'}
112,0xe4d4d8,0x51a375b81575842e6baec86e57f2fadd1e6f44c4a175efc23c131f1878f498cc:log:235,0x51a375b81575842e6baec86e57f2fadd1e6f44c4a175efc23c131f1878f498cc,0x28c6c06298d514db089934071355e5743bf21d60,0x21a31ee1afc51d94c2efccaa2092ad1028285549,921610.0,,,,ATA,erc20,"{'value': '0xc328940584f2c9e80000', 'address': '0xa2120b9e674d3fc3875f415a7df52e382f141225', 'decimal': '0x12'}",{'blockTimestamp': '2022-06-20T13:00:38.000Z'}
113,0xe4d4c0,0xc2d9ccb744c261840bf3366083bcc1ed1277946a19ebef20ca9cf0e10bdc4191:log:546,0xc2d9ccb744c261840bf3366083bcc1ed1277946a19ebef20ca9cf0e10bdc4191,0xb638c9ed38621892c52611fac202aca483482c0d,0xb5d85cbf7cb3ee0d56b3bb207d5fc4b82f43f511,125290.0,,,,ATA,erc20,"{'value': '0x1a87fc08d12153680000', 'address': '0xa2120b9e674d3fc3875f415a7df52e382f141225', 'decimal': '0x12'}",{'blockTimestamp': '2022-06-20T12:55:03.000Z'}
114,0xe4d4a6,0x1a96daf76335411526343b1ddcdf04ae6ef28dac482f80683c9982c437eeadd9:log:437,0x1a96daf76335411526343b1ddcdf04ae6ef28dac482f80683c9982c437eeadd9,0xdfd5293d8e347dfe59e90efd55b2956a1343963d,0xb638c9ed38621892c52611fac202aca483482c0d,45309.99999999999,,,,ATA,erc20,"{'value': '0x09984290c954d5380000', 'address': '0xa2120b9e674d3fc3875f415a7df52e382f141225', 'decimal': '0x12'}",{'blockTimestamp': '2022-06-20T12:50:00.000Z'}
115,0xe4d49c,0x1a0c3bcf7882bc1bff0c321519a9ac4e88d5b7ae7a123002d793269b0b5e3d2e:log:554,0x1a0c3bcf7882bc1bff0c321519a9ac4e88d5b7ae7a123002d793269b0b5e3d2e,0x21a31ee1afc51d94c2efccaa2092ad1028285549,0xb638c9ed38621892c52611fac202aca483482c0d,125290.0,,,,ATA,erc20,"{'value': '0x1a87fc08d12153680000', 'address': '0xa2120b9e674d3fc3875f415a7df52e382f141225', 'decimal': '0x12'}",{'blockTimestamp': '2022-06-20T12:46:00.000Z'}
116,0xe4d279,0x25ac321d33d68d35adc69e45173c336149d07c35eb95d5ce28dd272989102aa1:log:77,0x25ac321d33d68d35adc69e45173c336149d07c35eb95d5ce28dd272989102aa1,0xb638c9ed38621892c52611fac202aca483482c0d,0xb5d85cbf7cb3ee0d56b3bb207d5fc4b82f43f511,101970.0,,,,ATA,erc20,"{'value': '0x1597ce05d3c916080000', 'address': '0xa2120b9e674d3fc3875f415a7df52e382f141225', 'decimal': '0x12'}",{'blockTimestamp': '2022-06-20T10:35:02.000Z'}
117,0xe4d251,0xcb8a53003964d6f58b7a9e1f8f453260a93998e2236ee370d7e64ee63a9db6f4:log:563,0xcb8a53003964d6f58b7a9e1f8f453260a93998e2236ee370d7e64ee63a9db6f4,0x28c6c06298d514db089934071355e5743bf21d60,0xb638c9ed38621892c52611fac202aca483482c0d,101970.0,,,,ATA,erc20,"{'value': '0x1597ce05d3c916080000', 'address': '0xa2120b9e674d3fc3875f415a7df52e382f141225', 'decimal': '0x12'}",{'blockTimestamp': '2022-06-20T10:26:26.000Z'}
118,0xe4d237,0xd82f741d924ea2f443cb04215a1ed4cf77c993ef59cd73973b84a2620306dad9:log:326,0xd82f741d924ea2f443cb04215a1ed4cf77c993ef59cd73973b84a2620306dad9,0xb5d85cbf7cb3ee0d56b3bb207d5fc4b82f43f511,0x7ecccabb5e4ff4537f70b0a5018e8c0cfd53fff4,99526.33023665,,,,ATA,erc20,"{'value': '0x1513554ad522ce68a400', 'address': '0xa2120b9e674d3fc3875f415a7df52e382f141225', 'decimal': '0x12'}",{'blockTimestamp': '2022-06-20T10:21:17.000Z'}
119,0xe4d20a,0x25d857c228d692ba470606ab584d02ec0d44ab72977483eb91b26a56ea3287b3:log:357,0x25d857c228d692ba470606ab584d02ec0d44ab72977483eb91b26a56ea3287b3,0xb5d85cbf7cb3ee0d56b3bb207d5fc4b82f43f511,0x7ecccabb5e4ff4537f70b0a5018e8c0cfd53fff4,99051.92712466001,,,,ATA,erc20,"{'value': '0x14f99da06846c69a0800', 'address': '0xa2120b9e674d3fc3875f415a7df52e382f141225', 'decimal': '0x12'}",{'blockTimestamp': '2022-06-20T10:12:39.000Z'}
120,0xe4d10c,0x55127d9514074b60f355da5261815963b6853d39533058603b7b1a0d0fcb6bd7:log:242,0x55127d9514074b60f355da5261815963b6853d39533058603b7b1a0d0fcb6bd7,0xb638c9ed38621892c52611fac202aca483482c0d,0xb5d85cbf7cb3ee0d56b3bb207d5fc4b82f43f511,140010.0,,,,ATA,erc20,"{'value': '0x1da5f5122b3a49680000', 'address': '0xa2120b9e674d3fc3875f415a7df52e382f141225', 'decimal': '0x12'}",{'blockTimestamp': '2022-06-20T09:14:40.000Z'}
121,0xe4d0ef,0xa8062c6e3239e53b103ec92df33ecefb322748006dc49f5b0bd8162ea33e7a47:log:58,0xa8062c6e3239e53b103ec92df33ecefb322748006dc49f5b0bd8162ea33e7a47,0xdfd5293d8e347dfe59e90efd55b2956a1343963d,0xb638c9ed38621892c52611fac202aca483482c0d,140010.0,,,,ATA,erc20,"{'value': '0x1da5f5122b3a49680000', 'address': '0xa2120b9e674d3fc3875f415a7df52e382f141225', 'decimal': '0x12'}",{'blockTimestamp': '2022-06-20T09:06:53.000Z'}
122,0xe4d0cb,0x1620b874103ef86f934cabf9510389811d656f5b4f87474153fca9982458644d:log:396,0x1620b874103ef86f934cabf9510389811d656f5b4f87474153fca9982458644d,0x3c02290922a3618a4646e3bbca65853ea45fe7c6,0xa80df76f21f6fb7cf97a5050b389b4b43f0faebe,865.2803358399999,,,,ATA,erc20,"{'value': '0x2ee82d48fea9e6c000', 'address': '0xa2120b9e674d3fc3875f415a7df52e382f141225', 'decimal': '0x12'}",{'blockTimestamp': '2022-06-20T08:58:02.000Z'}
123,0xe4d098,0x7229f58b020e99d9cda4ec7b5b60fef09753086a142c0fd71533e09a4af7eb64:log:600,0x7229f58b020e99d9cda4ec7b5b60fef09753086a142c0fd71533e09a4af7eb64,0x3c02290922a3618a4646e3bbca65853ea45fe7c6,0xa80df76f21f6fb7cf97a5050b389b4b43f0faebe,44.0,,,,ATA,erc20,"{'value': '0x02629f66e0c5300000', 'address': '0xa2120b9e674d3fc3875f415a7df52e382f141225', 'decimal': '0x12'}",{'blockTimestamp': '2022-06-20T08:41:35.000Z'}
124,0xe4d064,0xa0b0875f3f4bb3f61f20043141d4ec8bcedd50ed2bd6605a17a7c1c8d2c368fa:log:420,0xa0b0875f3f4bb3f61f20043141d4ec8bcedd50ed2bd6605a17a7c1c8d2c368fa,0xf05e2a70346560d3228c7002194bb7c5dc8fe100,0x28c6c06298d514db089934071355e5743bf21d60,165733.0,,,,ATA,erc20,"{'value': '0x2318676820eec6740000', 'address': '0xa2120b9e674d3fc3875f415a7df52e382f141225', 'decimal': '0x12'}",{'blockTimestamp': '2022-06-20T08:30:15.000Z'}
125,0xe4d058,0x8264afaa17b666c4b2589e8a0def0d0bdbf5f6b7458ec77c0f200e0d2b5e8a36:log:258,0x8264afaa17b666c4b2589e8a0def0d0bdbf5f6b7458ec77c0f200e0d2b5e8a36,0xb638c9ed38621892c52611fac202aca483482c0d,0xb5d85cbf7cb3ee0d56b3bb207d5fc4b82f43f511,223540.0,,,,ATA,erc20,"{'value': '0x2f5620afc25204500000', 'address': '0xa2120b9e674d3fc3875f415a7df52e382f141225', 'decimal': '0x12'}",{'blockTimestamp': '2022-06-20T08:24:57.000Z'}
126,0xe4d035,0xdb5579c40663d846a1fc0a271e4c433f8f36e8ff5872735017d39ae0951a989e:log:150,0xdb5579c40663d846a1fc0a271e4c433f8f36e8ff5872735017d39ae0951a989e,0x21a31ee1afc51d94c2efccaa2092ad1028285549,0xb638c9ed38621892c52611fac202aca483482c0d,223540.0,,,,ATA,erc20,"{'value': '0x2f5620afc25204500000', 'address': '0xa2120b9e674d3fc3875f415a7df52e382f141225', 'decimal': '0x12'}",{'blockTimestamp': '2022-06-20T08:16:44.000Z'}
127,0xe4ceec,0x44303ad07dede66c5818205cba9df5680e2d4de4c731a6e301132dcb6f1a4f4d:log:478,0x44303ad07dede66c5818205cba9df5680e2d4de4c731a6e301132dcb6f1a4f4d,0xb638c9ed38621892c52611fac202aca483482c0d,0xb5d85cbf7cb3ee0d56b3bb207d5fc4b82f43f511,57994.0,,,,ATA,erc20,"{'value': '0x0c47dc6d169e83e80000', 'address': '0xa2120b9e674d3fc3875f415a7df52e382f141225', 'decimal': '0x12'}",{'blockTimestamp': '2022-06-20T06:49:47.000Z'}
128,0xe4cec2,0x33cf7a35873fb2a68c4924a2a67aa87c2c6939a5cd3be84a5855a6a9e11c19a5:log:145,0x33cf7a35873fb2a68c4924a2a67aa87c2c6939a5cd3be84a5855a6a9e11c19a5,0x28c6c06298d514db089934071355e5743bf21d60,0xb638c9ed38621892c52611fac202aca483482c0d,57994.0,,,,ATA,erc20,"{'value': '0x0c47dc6d169e83e80000', 'address': '0xa2120b9e674d3fc3875f415a7df52e382f141225', 'decimal': '0x12'}",{'blockTimestamp': '2022-06-20T06:40:24.000Z'}
129,0xe4cea3,0x149082ffb22301e483f58bac91958f7be4e20e82bace983e51e53084a024b56e:log:203,0x149082ffb22301e483f58bac91958f7be4e20e82bace983e51e53084a024b56e,0x6767526a362ec6c6b1df185478e4f01506b73ff3,0x28c6c06298d514db089934071355e5743bf21d60,30563.0,,,,ATA,erc20,"{'value': '0x0678d2d42a4937ac0000', 'address': '0xa2120b9e674d3fc3875f415a7df52e382f141225', 'decimal': '0x12'}",{'blockTimestamp': '2022-06-20T06:30:11.000Z'}
130,0xe4cda7,0xbdbd8c415dcb51a2e3a2476bb2eb4ef949746b10c4f24d5ee8d8657be9e7bfe4:log:58,0xbdbd8c415dcb51a2e3a2476bb2eb4ef949746b10c4f24d5ee8d8657be9e7bfe4,0x3c02290922a3618a4646e3bbca65853ea45fe7c6,0x6767526a362ec6c6b1df185478e4f01506b73ff3,30563.0,,,,ATA,erc20,"{'value': '0x0678d2d42a4937ac0000', 'address': '0xa2120b9e674d3fc3875f415a7df52e382f141225', 'decimal': '0x12'}",{'blockTimestamp': '2022-06-20T05:22:11.000Z'}
131,0xe4cda1,0x4c19dacd576880f61c4026575408e87b674f3d9567baca56c2b2651bc8ab4b81:log:350,0x4c19dacd576880f61c4026575408e87b674f3d9567baca56c2b2651bc8ab4b81,0xb5d85cbf7cb3ee0d56b3bb207d5fc4b82f43f511,0x7ecccabb5e4ff4537f70b0a5018e8c0cfd53fff4,99723.71039791,,,,ATA,erc20,"{'value': '0x151e087e08097a06dc00', 'address': '0xa2120b9e674d3fc3875f415a7df52e382f141225', 'decimal': '0x12'}",{'blockTimestamp': '2022-06-20T05:20:25.000Z'}
132,0xe4ccdd,0x8de620bb7da048cf563cde7bc0f20c54ee29a0a09bb7083ad9022bdbbbeb8848:log:67,0x8de620bb7da048cf563cde7bc0f20c54ee29a0a09bb7083ad9022bdbbbeb8848,0xb5d85cbf7cb3ee0d56b3bb207d5fc4b82f43f511,0x7ecccabb5e4ff4537f70b0a5018e8c0cfd53fff4,99659.67219058001,,,,ATA,erc20,"{'value': '0x151a8fc89dc2648f8800', 'address': '0xa2120b9e674d3fc3875f415a7df52e382f141225', 'decimal': '0x12'}",{'blockTimestamp': '2022-06-20T04:36:48.000Z'}
133,0xe4cb7a,0x2c153bd0253b9be3ff67c858be3467172134f2aee308918b3a4c7f2e86e03b34:log:210,0x2c153bd0253b9be3ff67c858be3467172134f2aee308918b3a4c7f2e86e03b34,0xb638c9ed38621892c52611fac202aca483482c0d,0xb5d85cbf7cb3ee0d56b3bb207d5fc4b82f43f511,149500.0,,,,ATA,erc20,"{'value': '0x1fa86946fb0d82700000', 'address': '0xa2120b9e674d3fc3875f415a7df52e382f141225', 'decimal': '0x12'}",{'blockTimestamp': '2022-06-20T03:14:58.000Z'}
134,0xe4cb5b,0x9b96d46aec3bd969b635652a7d2a2b8f9d710c6ab972f31770247af5b4d96aef:log:347,0x9b96d46aec3bd969b635652a7d2a2b8f9d710c6ab972f31770247af5b4d96aef,0xdfd5293d8e347dfe59e90efd55b2956a1343963d,0xb638c9ed38621892c52611fac202aca483482c0d,149500.0,,,,ATA,erc20,"{'value': '0x1fa86946fb0d82700000', 'address': '0xa2120b9e674d3fc3875f415a7df52e382f141225', 'decimal': '0x12'}",{'blockTimestamp': '2022-06-20T03:04:34.000Z'}
135,0xe4cb4a,0x61747927cf782aa232afb68cf817afcb335780994d78cd25d80dc94572439371:log:294,0x61747927cf782aa232afb68cf817afcb335780994d78cd25d80dc94572439371,0x0d0707963952f2fba59dd06f2b425ace40b492fe,0xf05e2a70346560d3228c7002194bb7c5dc8fe100,165733.0,,,,ATA,erc20,"{'value': '0x2318676820eec6740000', 'address': '0xa2120b9e674d3fc3875f415a7df52e382f141225', 'decimal': '0x12'}",{'blockTimestamp': '2022-06-20T03:01:41.000Z'}
136,0xe4c9e0,0x12fbd901dc7f42a25d8566e893cbd24545e0c80fd7c6b7f909870b5a67e30a1c:log:536,0x12fbd901dc7f42a25d8566e893cbd24545e0c80fd7c6b7f909870b5a67e30a1c,0x7ecccabb5e4ff4537f70b0a5018e8c0cfd53fff4,0x28c6c06298d514db089934071355e5743bf21d60,99196.72145882,,,,ATA,erc20,"{'value': '0x1501770d380aae9c2800', 'address': '0xa2120b9e674d3fc3875f415a7df52e382f141225', 'decimal': '0x12'}",{'blockTimestamp': '2022-06-20T01:30:07.000Z'}
137,0xe4c7b9,0xf0db1b83cd8202e8836d94c148e64dc8efb3ee908dc633546d35941abfae2c45:log:346,0xf0db1b83cd8202e8836d94c148e64dc8efb3ee908dc633546d35941abfae2c45,0x21a31ee1afc51d94c2efccaa2092ad1028285549,0xafc40fb7ed3b99310bd7f96d954bf8f44dd0d18d,1549.0,,,,ATA,erc20,"{'value': '0x53f8b17d0bd8140000', 'address': '0xa2120b9e674d3fc3875f415a7df52e382f141225', 'decimal': '0x12'}",{'blockTimestamp': '2022-06-19T23:13:12.000Z'}
138,0xe4c769,0x05e16adc118c20e135b9cda8781bccbb0b71cad149379bb11723ae5f73969436:log:68,0x05e16adc118c20e135b9cda8781bccbb0b71cad149379bb11723ae5f73969436,0x30c5312d9cf0d873994f000e72f1cbf561d0209c,0x5654d65578cda52791879751141f2f3d7dc27fe4,1403.39,,,,ATA,erc20,"{'value': '0x4c13f2d98567730000', 'address': '0xa2120b9e674d3fc3875f415a7df52e382f141225', 'decimal': '0x12'}",{'blockTimestamp': '2022-06-19T22:51:44.000Z'}
139,0xe4c767,0x1945983497fe10a39981010cdb8eef43d81dc5c072f4fb6c1ccaa28956d6d809:log:128,0x1945983497fe10a39981010cdb8eef43d81dc5c072f4fb6c1ccaa28956d6d809,0x0d0707963952f2fba59dd06f2b425ace40b492fe,0x30c5312d9cf0d873994f000e72f1cbf561d0209c,1403.39,,,,ATA,erc20,"{'value': '0x4c13f2d98567730000', 'address': '0xa2120b9e674d3fc3875f415a7df52e382f141225', 'decimal': '0x12'}",{'blockTimestamp': '2022-06-19T22:51:16.000Z'}
140,0xe4c74f,0xc578229a8463f922574c969bc356d27784ff265497e95761073a0afb9031045d:log:96,0xc578229a8463f922574c969bc356d27784ff265497e95761073a0afb9031045d,0xafc40fb7ed3b99310bd7f96d954bf8f44dd0d18d,0x5654d65578cda52791879751141f2f3d7dc27fe4,1500.0,,,,ATA,erc20,"{'value': '0x5150ae84a8cdf00000', 'address': '0xa2120b9e674d3fc3875f415a7df52e382f141225', 'decimal': '0x12'}",{'blockTimestamp': '2022-06-19T22:47:49.000Z'}
141,0xe4c74d,0x24a9ad851b5cc89a00c2b6f745d5f3ce650bf2eba2133c71adda9c5c9302dc53:log:30,0x24a9ad851b5cc89a00c2b6f745d5f3ce650bf2eba2133c71adda9c5c9302dc53,0xe66b31678d6c16e9ebf358268a790b763c133750,0x9faab740414c7cb090fe65aeb3349dc41223f56c,3043.5058719220688,,,,ATA,erc20,"{'value': '0xa4fd20f153f273566c', 'address': '0xa2120b9e674d3fc3875f415a7df52e382f141225', 'decimal': '0x12'}",{'blockTimestamp': '2022-06-19T22:47:15.000Z'}
142,0xe4c74d,0x24a9ad851b5cc89a00c2b6f745d5f3ce650bf2eba2133c71adda9c5c9302dc53:log:27,0x24a9ad851b5cc89a00c2b6f745d5f3ce650bf2eba2133c71adda9c5c9302dc53,0x5654d65578cda52791879751141f2f3d7dc27fe4,0xe66b31678d6c16e9ebf358268a790b763c133750,3043.5058719220688,,,,ATA,erc20,"{'value': '0xa4fd20f153f273566c', 'address': '0xa2120b9e674d3fc3875f415a7df52e382f141225', 'decimal': '0x12'}",{'blockTimestamp': '2022-06-19T22:47:15.000Z'}
143,0xe4c715,0x2509404eefd23ffe3210a55d2429288c706183ba8e76b62c0509719f4011af09:log:101,0x2509404eefd23ffe3210a55d2429288c706183ba8e76b62c0509719f4011af09,0x73f9b272abda7a97cb1b237d85f9a7236edb6f16,0x28c6c06298d514db089934071355e5743bf21d60,99999.2,,,,ATA,erc20,"{'value': '0x152cf7adb5880a300000', 'address': '0xa2120b9e674d3fc3875f415a7df52e382f141225', 'decimal': '0x12'}",{'blockTimestamp': '2022-06-19T22:31:33.000Z'}
144,0xe4c6e0,0xbe108ee8ea4bcbf2acedb0312ae37e7bf66e4e616d07c0751697de6e0e9ad89a:log:292,0xbe108ee8ea4bcbf2acedb0312ae37e7bf66e4e616d07c0751697de6e0e9ad89a,0xb5d85cbf7cb3ee0d56b3bb207d5fc4b82f43f511,0x73f9b272abda7a97cb1b237d85f9a7236edb6f16,99999.2,,,,ATA,erc20,"{'value': '0x152cf7adb5880a300000', 'address': '0xa2120b9e674d3fc3875f415a7df52e382f141225', 'decimal': '0x12'}",{'blockTimestamp': '2022-06-19T22:14:31.000Z'}
145,0xe4c6d3,0x43e677b4ae4762f3afda6922741c4e93039607a8e0fd7c4560ce6e7bc720cb43:log:495,0x43e677b4ae4762f3afda6922741c4e93039607a8e0fd7c4560ce6e7bc720cb43,0xb5d85cbf7cb3ee0d56b3bb207d5fc4b82f43f511,0x7ecccabb5e4ff4537f70b0a5018e8c0cfd53fff4,99196.72145882,,,,ATA,erc20,"{'value': '0x1501770d380aae9c2800', 'address': '0xa2120b9e674d3fc3875f415a7df52e382f141225', 'decimal': '0x12'}",{'blockTimestamp': '2022-06-19T22:11:33.000Z'}
146,0xe4c5b6,0x1b11b7f859016231c08e6ff7914df7647d8226c0c74414407a2eef1a6ec452f0:log:231,0x1b11b7f859016231c08e6ff7914df7647d8226c0c74414407a2eef1a6ec452f0,0xb638c9ed38621892c52611fac202aca483482c0d,0xb5d85cbf7cb3ee0d56b3bb207d5fc4b82f43f511,67843.0,,,,ATA,erc20,"{'value': '0x0e5dc6c21c617a2c0000', 'address': '0xa2120b9e674d3fc3875f415a7df52e382f141225', 'decimal': '0x12'}",{'blockTimestamp': '2022-06-19T20:55:03.000Z'}
147,0xe4c595,0x5573480d7ae9cdc02d484f7320d99f754804de8e300037a1abcad6c218888fc3:log:199,0x5573480d7ae9cdc02d484f7320d99f754804de8e300037a1abcad6c218888fc3,0x28c6c06298d514db089934071355e5743bf21d60,0xb638c9ed38621892c52611fac202aca483482c0d,67843.0,,,,ATA,erc20,"{'value': '0x0e5dc6c21c617a2c0000', 'address': '0xa2120b9e674d3fc3875f415a7df52e382f141225', 'decimal': '0x12'}",{'blockTimestamp': '2022-06-19T20:45:29.000Z'}
148,0xe4c553,0x3188de77cf8653d4ce4a68f7150256f632a46c930fe99e17c9c2c2325c8750b8:log:648,0x3188de77cf8653d4ce4a68f7150256f632a46c930fe99e17c9c2c2325c8750b8,0x7ecccabb5e4ff4537f70b0a5018e8c0cfd53fff4,0x28c6c06298d514db089934071355e5743bf21d60,199703.06614125002,,,,ATA,erc20,"{'value': '0x2a49ecc6c746893c1400', 'address': '0xa2120b9e674d3fc3875f415a7df52e382f141225', 'decimal': '0x12'}",{'blockTimestamp': '2022-06-19T20:30:17.000Z'}
149,0xe4c51a,0xaec42476ed221aaad03308708adb43ca050034210417ef6ce64190c11eab2424:log:123,0xaec42476ed221aaad03308708adb43ca050034210417ef6ce64190c11eab2424,0xb5d85cbf7cb3ee0d56b3bb207d5fc4b82f43f511,0x7ecccabb5e4ff4537f70b0a5018e8c0cfd53fff4,99975.33384200001,,,,ATA,erc20,"{'value': '0x152bac7815475ad72000', 'address': '0xa2120b9e674d3fc3875f415a7df52e382f141225', 'decimal': '0x12'}",{'blockTimestamp': '2022-06-19T20:18:41.000Z'}
150,0xe4c50f,0xe2b24d5d503a9eaf9811932d97b02031d871271a645c6d4c566e3aea016f2c9a:log:38,0xe2b24d5d503a9eaf9811932d97b02031d871271a645c6d4c566e3aea016f2c9a,0xb5d85cbf7cb3ee0d56b3bb207d5fc4b82f43f511,0x7ecccabb5e4ff4537f70b0a5018e8c0cfd53fff4,99727.73229925,,,,ATA,erc20,"{'value': '0x151e404eb1ff2e64f400', 'address': '0xa2120b9e674d3fc3875f415a7df52e382f141225', 'decimal': '0x12'}",{'blockTimestamp': '2022-06-19T20:16:33.000Z'}
151,0xe4c4d2,0xd32af1275b3dd3f536b96a763d540118db6dfec7810b32ea51ac6c0299632338:log:628,0xd32af1275b3dd3f536b96a763d540118db6dfec7810b32ea51ac6c0299632338,0x7ecccabb5e4ff4537f70b0a5018e8c0cfd53fff4,0x28c6c06298d514db089934071355e5743bf21d60,99487.55969832999,,,,ATA,erc20,"{'value': '0x15113b3e35f2f4238400', 'address': '0xa2120b9e674d3fc3875f415a7df52e382f141225', 'decimal': '0x12'}",{'blockTimestamp': '2022-06-19T19:59:56.000Z'}
152,0xe4c327,0x31b934b3d169e3a64f11ee7c9be780861e6090c7485aab9c8c0d5ee4d2a5f7bb:log:127,0x31b934b3d169e3a64f11ee7c9be780861e6090c7485aab9c8c0d5ee4d2a5f7bb,0xb5d85cbf7cb3ee0d56b3bb207d5fc4b82f43f511,0x7ecccabb5e4ff4537f70b0a5018e8c0cfd53fff4,99487.55969832999,,,,ATA,erc20,"{'value': '0x15113b3e35f2f4238400', 'address': '0xa2120b9e674d3fc3875f415a7df52e382f141225', 'decimal': '0x12'}",{'blockTimestamp': '2022-06-19T18:20:37.000Z'}
153,0xe4be4d,0x27035c88fef1fd0c52b3cf8f56eb5a336fafd79cc4442f3f48e0cabe4e9b924d:log:32,0x27035c88fef1fd0c52b3cf8f56eb5a336fafd79cc4442f3f48e0cabe4e9b924d,0xb638c9ed38621892c52611fac202aca483482c0d,0xb5d85cbf7cb3ee0d56b3bb207d5fc4b82f43f511,72354.0,,,,ATA,erc20,"{'value': '0x0f525175841415480000', 'address': '0xa2120b9e674d3fc3875f415a7df52e382f141225', 'decimal': '0x12'}",{'blockTimestamp': '2022-06-19T13:04:59.000Z'}
154,0xe4be32,0xd4620b40a6f2331d70d67e0f3879fd162cb54b898fd32df7b032ceac51461cbe:log:342,0xd4620b40a6f2331d70d67e0f3879fd162cb54b898fd32df7b032ceac51461cbe,0xdfd5293d8e347dfe59e90efd55b2956a1343963d,0xb638c9ed38621892c52611fac202aca483482c0d,72354.0,,,,ATA,erc20,"{'value': '0x0f525175841415480000', 'address': '0xa2120b9e674d3fc3875f415a7df52e382f141225', 'decimal': '0x12'}",{'blockTimestamp': '2022-06-19T12:57:14.000Z'}
155,0xe4bdb7,0xeb5e913f3d53be1f8327e691be3ff9cc046a39d8016c02ec8b6f34cfa265e411:log:502,0xeb5e913f3d53be1f8327e691be3ff9cc046a39d8016c02ec8b6f34cfa265e411,0xac35cad58ff00046e44ebd10178e2d4069ad076b,0x4379ec8fc5ec00ee0f699163dd673d08925f8d66,183.827,,,,ATA,erc20,"{'value': '0x09f71cb28af5bb8000', 'address': '0xa2120b9e674d3fc3875f415a7df52e382f141225', 'decimal': '0x12'}",{'blockTimestamp': '2022-06-19T12:27:49.000Z'}
156,0xe4bbc5,0x1ea8ecb969d0260218476ceae977e4dc4b7a0fce4d85d481953af504cf9410ae:log:299,0x1ea8ecb969d0260218476ceae977e4dc4b7a0fce4d85d481953af504cf9410ae,0xb5d85cbf7cb3ee0d56b3bb207d5fc4b82f43f511,0xd0ad08e0b6fa7ac1e9f64f8b931acc29722928af,1.50593016,,,,ATA,erc20,"{'value': '0x14e623807358e000', 'address': '0xa2120b9e674d3fc3875f415a7df52e382f141225', 'decimal': '0x12'}",{'blockTimestamp': '2022-06-19T10:23:34.000Z'}
157,0xe4b880,0x84ccaac0d17de65c5c486e32e6a5d61bdcf2626b20beb8bedb6e2050f61d1c3e:log:179,0x84ccaac0d17de65c5c486e32e6a5d61bdcf2626b20beb8bedb6e2050f61d1c3e,0xb5d85cbf7cb3ee0d56b3bb207d5fc4b82f43f511,0x01eeb8b289ed1a943930bb95530273a1082c2fdb,54.01473796,,,,ATA,erc20,"{'value': '0x02ed9ae5fe059b9000', 'address': '0xa2120b9e674d3fc3875f415a7df52e382f141225', 'decimal': '0x12'}",{'blockTimestamp': '2022-06-19T06:52:50.000Z'}
158,0xe4b6ab,0xfe988a9f67fd271229d9069643c72829772a11ad0b34419adc6be95bc14a1f0f:log:611,0xfe988a9f67fd271229d9069643c72829772a11ad0b34419adc6be95bc14a1f0f,0xcbbc8d8963a44349843b44c9018587c99ef5c28e,0x1b6ccc5509bc04cfc32f72716588da4bf807cf4e,14880.357142857143,,,,ATA,erc20,"{'value': '0x0326aa705deae2916db7', 'address': '0xa2120b9e674d3fc3875f415a7df52e382f141225', 'decimal': '0x12'}",{'blockTimestamp': '2022-06-19T04:56:12.000Z'}
159,0xe4b6a9,0xd6d131994e713ae8ccf7496ff008ec3179aca7730c7de3fa4349b5dda425b420:log:331,0xd6d131994e713ae8ccf7496ff008ec3179aca7730c7de3fa4349b5dda425b420,0xa2120b9e674d3fc3875f415a7df52e382f141225,0xcbbc8d8963a44349843b44c9018587c99ef5c28e,14880.357142857143,,,,ATA,erc20,"{'value': '0x0326aa705deae2916db7', 'address': '0xa2120b9e674d3fc3875f415a7df52e382f141225', 'decimal': '0x12'}",{'blockTimestamp': '2022-06-19T04:54:36.000Z'}
160,0xe4b653,0x170abfef3c03f471ef460f9836b115ad4ab061a141167e7fa7243a0a0c39c0a9:log:306,0x170abfef3c03f471ef460f9836b115ad4ab061a141167e7fa7243a0a0c39c0a9,0xb638c9ed38621892c52611fac202aca483482c0d,0xb5d85cbf7cb3ee0d56b3bb207d5fc4b82f43f511,421039.0,,,,ATA,erc20,"{'value': '0x592891e69bc59d5c0000', 'address': '0xa2120b9e674d3fc3875f415a7df52e382f141225', 'decimal': '0x12'}",{'blockTimestamp': '2022-06-19T04:34:53.000Z'}
161,0xe4b635,0xf8393562b73ffcd1c0d9aab8ef21b625e716f6a3eb29742296f95f8f465093d6:log:549,0xf8393562b73ffcd1c0d9aab8ef21b625e716f6a3eb29742296f95f8f465093d6,0x21a31ee1afc51d94c2efccaa2092ad1028285549,0xb638c9ed38621892c52611fac202aca483482c0d,421039.0,,,,ATA,erc20,"{'value': '0x592891e69bc59d5c0000', 'address': '0xa2120b9e674d3fc3875f415a7df52e382f141225', 'decimal': '0x12'}",{'blockTimestamp': '2022-06-19T04:24:56.000Z'}
162,0xe4b5da,0x47d6be76606439dcd333c669be79a9330714e1fd24a63b10a4ccbc34fbeaf017:log:294,0x47d6be76606439dcd333c669be79a9330714e1fd24a63b10a4ccbc34fbeaf017,0x15f76a8fdd85a28f42f03e1a3fbb06150bc5674e,0x28c6c06298d514db089934071355e5743bf21d60,3469.735215,,,,ATA,erc20,"{'value': '0xbc183fc298f29df000', 'address': '0xa2120b9e674d3fc3875f415a7df52e382f141225', 'decimal': '0x12'}",{'blockTimestamp': '2022-06-19T04:03:18.000Z'}
163,0xe4b218,0x41443c05f5f47caa474a29a6866dd7b0bebeec7f8c248b06fbeb111987a2121f:log:51,0x41443c05f5f47caa474a29a6866dd7b0bebeec7f8c248b06fbeb111987a2121f,0xb5d85cbf7cb3ee0d56b3bb207d5fc4b82f43f511,0x94993f7ac9bdb33c4196f6aac9acd4afd9cf9a74,56.00286268000001,,,,ATA,erc20,"{'value': '0x03093222e43e617000', 'address': '0xa2120b9e674d3fc3875f415a7df52e382f141225', 'decimal': '0x12'}",{'blockTimestamp': '2022-06-18T23:56:12.000Z'}
164,0xe4b120,0x1cad38587d170b048830b870ab4cd85e183e771fa8b7d92bd3ce213caceb0956:log:377,0x1cad38587d170b048830b870ab4cd85e183e771fa8b7d92bd3ce213caceb0956,0x7ecccabb5e4ff4537f70b0a5018e8c0cfd53fff4,0x28c6c06298d514db089934071355e5743bf21d60,298564.64662107,,,,ATA,erc20,"{'value': '0x3f3938d00e91dc320c00', 'address': '0xa2120b9e674d3fc3875f415a7df52e382f141225', 'decimal': '0x12'}",{'blockTimestamp': '2022-06-18T23:00:20.000Z'}
165,0xe4b09b,0x60903a8ef04c6d624060940a9390f3e56a448571fb9d9f2f8203ea61333fa481:log:565,0x60903a8ef04c6d624060940a9390f3e56a448571fb9d9f2f8203ea61333fa481,0xb5d85cbf7cb3ee0d56b3bb207d5fc4b82f43f511,0x7ecccabb5e4ff4537f70b0a5018e8c0cfd53fff4,99660.56716844,,,,ATA,erc20,"{'value': '0x151a9c34376197b33000', 'address': '0xa2120b9e674d3fc3875f415a7df52e382f141225', 'decimal': '0x12'}",{'blockTimestamp': '2022-06-18T22:26:18.000Z'}
166,0xe4afe0,0x6bb228f0b1f6243a048893913baad8a685b7eb3551e064d48af403323a434323:log:132,0x6bb228f0b1f6243a048893913baad8a685b7eb3551e064d48af403323a434323,0x0cc4bf7cc0b1f76807e899437bdde1c96bed427a,0x9c1aac071db506de48c3f77091d991fb0b02a4b5,679.47913167,,,,ATA,erc20,"{'value': '0x24d5aace3819395c00', 'address': '0xa2120b9e674d3fc3875f415a7df52e382f141225', 'decimal': '0x12'}",{'blockTimestamp': '2022-06-18T21:39:48.000Z'}
167,0xe4afa9,0x0d5a35ae524ae3400fdee104042ba840782631efbea7589fed50d92ee6b33a39:log:223,0x0d5a35ae524ae3400fdee104042ba840782631efbea7589fed50d92ee6b33a39,0xb5d85cbf7cb3ee0d56b3bb207d5fc4b82f43f511,0x66cefcb2951de3e8313ffbdf5aef5691dc7628ba,1.02354145,,,,ATA,erc20,"{'value': '0x0e3459869c236400', 'address': '0xa2120b9e674d3fc3875f415a7df52e382f141225', 'decimal': '0x12'}",{'blockTimestamp': '2022-06-18T21:24:24.000Z'}
168,0xe4ae92,0xfc61f8e4ce782a3d399fbc5a6fb6d61663a71e9acbd23bb818389ae53d41b8a5:log:443,0xfc61f8e4ce782a3d399fbc5a6fb6d61663a71e9acbd23bb818389ae53d41b8a5,0xb5d85cbf7cb3ee0d56b3bb207d5fc4b82f43f511,0x7ecccabb5e4ff4537f70b0a5018e8c0cfd53fff4,99893.68928404,,,,ATA,erc20,"{'value': '0x15273f6c5862b13fd000', 'address': '0xa2120b9e674d3fc3875f415a7df52e382f141225', 'decimal': '0x12'}",{'blockTimestamp': '2022-06-18T20:14:14.000Z'}
169,0xe4a995,0xfc4f3bd79ae4177bfc3b9756a3882f1425834a1d746412954bd38013845d1fe2:log:142,0xfc4f3bd79ae4177bfc3b9756a3882f1425834a1d746412954bd38013845d1fe2,0x0d0707963952f2fba59dd06f2b425ace40b492fe,0x5941c2078b2dbd2691c8e2c6b5ad886bfad0e684,351.693714,,,,ATA,erc20,"{'value': '0x1310bb1187a3d32000', 'address': '0xa2120b9e674d3fc3875f415a7df52e382f141225', 'decimal': '0x12'}",{'blockTimestamp': '2022-06-18T15:04:10.000Z'}
170,0xe4a81f,0x5b9b5bae780b0ae01127c88312859156f03fb5a9e30002d35c8f4ebf732a2882:log:135,0x5b9b5bae780b0ae01127c88312859156f03fb5a9e30002d35c8f4ebf732a2882,0xb638c9ed38621892c52611fac202aca483482c0d,0xb5d85cbf7cb3ee0d56b3bb207d5fc4b82f43f511,223410.99999999997,,,,ATA,erc20,"{'value': '0x2f4f2273b1caaaec0000', 'address': '0xa2120b9e674d3fc3875f415a7df52e382f141225', 'decimal': '0x12'}",{'blockTimestamp': '2022-06-18T13:35:03.000Z'}
171,0xe4a7fb,0x27aa0a20db48ef65f19e68d029af188c0bcdc0d925dd067c497cc7cc426a336c:log:394,0x27aa0a20db48ef65f19e68d029af188c0bcdc0d925dd067c497cc7cc426a336c,0x28c6c06298d514db089934071355e5743bf21d60,0xb638c9ed38621892c52611fac202aca483482c0d,223410.99999999997,,,,ATA,erc20,"{'value': '0x2f4f2273b1caaaec0000', 'address': '0xa2120b9e674d3fc3875f415a7df52e382f141225', 'decimal': '0x12'}",{'blockTimestamp': '2022-06-18T13:25:47.000Z'}
172,0xe4a518,0x585b357888a0146f5bf07b682f8b2e144a8b615e9f0fbcb06841ad179d28bb55:log:411,0x585b357888a0146f5bf07b682f8b2e144a8b615e9f0fbcb06841ad179d28bb55,0xb5d85cbf7cb3ee0d56b3bb207d5fc4b82f43f511,0x1d40b54a45776e2de6e1bf3e4bcb472649272cbc,40934.99999999999,,,,ATA,erc20,"{'value': '0x08ab173e7113273c0000', 'address': '0xa2120b9e674d3fc3875f415a7df52e382f141225', 'decimal': '0x12'}",{'blockTimestamp': '2022-06-18T10:25:43.000Z'}
173,0xe4a4dc,0xe8a283f91f805e0f695c9d67f1b172354bfa480e3274e9ad75228ca9c784e2e5:log:251,0xe8a283f91f805e0f695c9d67f1b172354bfa480e3274e9ad75228ca9c784e2e5,0xb5d85cbf7cb3ee0d56b3bb207d5fc4b82f43f511,0x7ecccabb5e4ff4537f70b0a5018e8c0cfd53fff4,99010.39016858999,,,,ATA,erc20,"{'value': '0x14f75d2f7ecd933f0c00', 'address': '0xa2120b9e674d3fc3875f415a7df52e382f141225', 'decimal': '0x12'}",{'blockTimestamp': '2022-06-18T10:10:01.000Z'}
174,0xe4a48b,0xb84fe63c46ce89bd5658a90d902dbd8c702fc2d1f93e09552545e6dc6fc59629:log:131,0xb84fe63c46ce89bd5658a90d902dbd8c702fc2d1f93e09552545e6dc6fc59629,0x65916bbafcfef27503772410ec791fe458c094e4,0xb5d85cbf7cb3ee0d56b3bb207d5fc4b82f43f511,40939.952163999995,,,,ATA,erc20,"{'value': '0x08ab5bf80ffec0b64000', 'address': '0xa2120b9e674d3fc3875f415a7df52e382f141225', 'decimal': '0x12'}",{'blockTimestamp': '2022-06-18T09:49:59.000Z'}
175,0xe4a45c,0x643181739752c155732f9d801214fd194d4da795e526201643ac3652097da6c5:log:99,0x643181739752c155732f9d801214fd194d4da795e526201643ac3652097da6c5,0x0d0707963952f2fba59dd06f2b425ace40b492fe,0x65916bbafcfef27503772410ec791fe458c094e4,40939.952163999995,,,,ATA,erc20,"{'value': '0x08ab5bf80ffec0b64000', 'address': '0xa2120b9e674d3fc3875f415a7df52e382f141225', 'decimal': '0x12'}",{'blockTimestamp': '2022-06-18T09:39:21.000Z'}
176,0xe4a2be,0x5b5749061e1ba29ef8b53c52828f4d9bd999bc249251a9c0ad6daff380b40a24:log:136,0x5b5749061e1ba29ef8b53c52828f4d9bd999bc249251a9c0ad6daff380b40a24,0xb5d85cbf7cb3ee0d56b3bb207d5fc4b82f43f511,0xf8403b78764a8e22988a29e0db942d7d1ee80b38,891.92793931,,,,ATA,erc20,"{'value': '0x3059fc972a6ab7cc00', 'address': '0xa2120b9e674d3fc3875f415a7df52e382f141225', 'decimal': '0x12'}",{'blockTimestamp': '2022-06-18T07:57:01.000Z'}
177,0xe4a110,0xa32dc31925c6a25dda9188c9e45f38afd1342c70e99cf0a9ed99e95049980040:log:40,0xa32dc31925c6a25dda9188c9e45f38afd1342c70e99cf0a9ed99e95049980040,0x4916d5420de6c649f0ec61a2b0dd5df87658ad05,0x5654d65578cda52791879751141f2f3d7dc27fe4,941.009,,,,ATA,erc20,"{'value': '0x33031f8bd2158e8000', 'address': '0xa2120b9e674d3fc3875f415a7df52e382f141225', 'decimal': '0x12'}",{'blockTimestamp': '2022-06-18T05:59:01.000Z'}
178,0xe4a10e,0xb6d7c34abf8bafac80362ae76a06c98a37ebbd0f78e27ea7cecdd24f7d5036ba:log:95,0xb6d7c34abf8bafac80362ae76a06c98a37ebbd0f78e27ea7cecdd24f7d5036ba,0xdfd5293d8e347dfe59e90efd55b2956a1343963d,0x4916d5420de6c649f0ec61a2b0dd5df87658ad05,941.009,,,,ATA,erc20,"{'value': '0x33031f8bd2158e8000', 'address': '0xa2120b9e674d3fc3875f415a7df52e382f141225', 'decimal': '0x12'}",{'blockTimestamp': '2022-06-18T05:57:51.000Z'}
179,0xe49db1,0xeaf9ec1b597fd5bd8d7b73c91b43f57b726a4567992cd7bd08f460ac1fc3117e:log:235,0xeaf9ec1b597fd5bd8d7b73c91b43f57b726a4567992cd7bd08f460ac1fc3117e,0x21a31ee1afc51d94c2efccaa2092ad1028285549,0xa0db7d520573c8c0bc7bf8961c6dff24846d8d6b,69.0,,,,ATA,erc20,"{'value': '0x03bd913e6c1df40000', 'address': '0xa2120b9e674d3fc3875f415a7df52e382f141225', 'decimal': '0x12'}",{'blockTimestamp': '2022-06-18T02:26:07.000Z'}
180,0xe49b6a,0x9d68eac48a3afa7497058f6d7602e2965bf61bf166ae8c205403d115febba591:log:261,0x9d68eac48a3afa7497058f6d7602e2965bf61bf166ae8c205403d115febba591,0x7ecccabb5e4ff4537f70b0a5018e8c0cfd53fff4,0x28c6c06298d514db089934071355e5743bf21d60,300778.74575631,,,,ATA,erc20,"{'value': '0x3fb13f9c574543f65c00', 'address': '0xa2120b9e674d3fc3875f415a7df52e382f141225', 'decimal': '0x12'}",{'blockTimestamp': '2022-06-18T00:00:07.000Z'}
181,0xe496e1,0xc7c72a4a0973449351794c3fde73804ff36f7f03cefe7d1fce2012e7080bf722:log:62,0xc7c72a4a0973449351794c3fde73804ff36f7f03cefe7d1fce2012e7080bf722,0xb5d85cbf7cb3ee0d56b3bb207d5fc4b82f43f511,0x7ecccabb5e4ff4537f70b0a5018e8c0cfd53fff4,99434.82989319,,,,ATA,erc20,"{'value': '0x150e5f784f8c76df3c00', 'address': '0xa2120b9e674d3fc3875f415a7df52e382f141225', 'decimal': '0x12'}",{'blockTimestamp': '2022-06-17T19:18:59.000Z'}
182,0xe495af,0x9a58233a95939ac4059c3f2d0a75be40fc637ef81fba7430a7bbd378449fd3f4:log:75,0x9a58233a95939ac4059c3f2d0a75be40fc637ef81fba7430a7bbd378449fd3f4,0xe66b31678d6c16e9ebf358268a790b763c133750,0x6570d0d69512de564b3715e5dbc03662a10c574a,380.9741643825027,,,,ATA,erc20,"{'value': '0x14a7142004ac594079', 'address': '0xa2120b9e674d3fc3875f415a7df52e382f141225', 'decimal': '0x12'}",{'blockTimestamp': '2022-06-17T17:58:53.000Z'}
183,0xe495af,0x9a58233a95939ac4059c3f2d0a75be40fc637ef81fba7430a7bbd378449fd3f4:log:72,0x9a58233a95939ac4059c3f2d0a75be40fc637ef81fba7430a7bbd378449fd3f4,0x5654d65578cda52791879751141f2f3d7dc27fe4,0xe66b31678d6c16e9ebf358268a790b763c133750,380.9741643825027,,,,ATA,erc20,"{'value': '0x14a7142004ac594079', 'address': '0xa2120b9e674d3fc3875f415a7df52e382f141225', 'decimal': '0x12'}",{'blockTimestamp': '2022-06-17T17:58:53.000Z'}
184,0xe495a4,0x60e3f036450943c96baedbe772df94b4a82e3cb013ae0a5f898093caac36f87f:log:331,0x60e3f036450943c96baedbe772df94b4a82e3cb013ae0a5f898093caac36f87f,0xa850b2ade716017814d5cd8b9345eb4b33fece31,0xb5d85cbf7cb3ee0d56b3bb207d5fc4b82f43f511,122.0,,,,ATA,erc20,"{'value': '0x069d17119dc5a80000', 'address': '0xa2120b9e674d3fc3875f415a7df52e382f141225', 'decimal': '0x12'}",{'blockTimestamp': '2022-06-17T17:55:26.000Z'}
185,0xe493f3,0xf1e9c9422a605136aedf30419b827330304e72a39b71b2caabc9c2533ab17b59:log:193,0xf1e9c9422a605136aedf30419b827330304e72a39b71b2caabc9c2533ab17b59,0x28c6c06298d514db089934071355e5743bf21d60,0xa850b2ade716017814d5cd8b9345eb4b33fece31,122.0,,,,ATA,erc20,"{'value': '0x069d17119dc5a80000', 'address': '0xa2120b9e674d3fc3875f415a7df52e382f141225', 'decimal': '0x12'}",{'blockTimestamp': '2022-06-17T16:10:27.000Z'}
186,0xe493e5,0x3f6f1ca65efbc6f1abd0d25e9b40f30a919d03263511573487f48087ef638b63:log:297,0x3f6f1ca65efbc6f1abd0d25e9b40f30a919d03263511573487f48087ef638b63,0x36f17795b6fb7a37b3367aaf8f5093fe1367bf28,0x28c6c06298d514db089934071355e5743bf21d60,1459.8360000000002,,,,ATA,erc20,"{'value': '0x4f234b537517260000', 'address': '0xa2120b9e674d3fc3875f415a7df52e382f141225', 'decimal': '0x12'}",{'blockTimestamp': '2022-06-17T16:06:58.000Z'}
187,0xe49248,0xbe29f0fdb2f3ee728c78814a76eb25dad32455b2ba4eee33f1f9c75b74c707a4:log:396,0xbe29f0fdb2f3ee728c78814a76eb25dad32455b2ba4eee33f1f9c75b74c707a4,0xb5d85cbf7cb3ee0d56b3bb207d5fc4b82f43f511,0x01eeb8b289ed1a943930bb95530273a1082c2fdb,68.38084649,,,,ATA,erc20,"{'value': '0x03b4f99195dcf78400', 'address': '0xa2120b9e674d3fc3875f415a7df52e382f141225', 'decimal': '0x12'}",{'blockTimestamp': '2022-06-17T14:27:29.000Z'}
188,0xe4911b,0xf237ded52bc658807ef152fef1c569a23619f53308e78f2f1739677a7a134755:log:63,0xf237ded52bc658807ef152fef1c569a23619f53308e78f2f1739677a7a134755,0x8f40982df850951bc7a79308ffec05201d080e04,0x36f17795b6fb7a37b3367aaf8f5093fe1367bf28,1459.8360000000002,,,,ATA,erc20,"{'value': '0x4f234b537517260000', 'address': '0xa2120b9e674d3fc3875f415a7df52e382f141225', 'decimal': '0x12'}",{'blockTimestamp': '2022-06-17T13:15:26.000Z'}
189,0xe4906f,0x8d27e8edb9c2b5c595fe9952f488f92ce027d7559631c725062ecbe1f66d6a8c:log:56,0x8d27e8edb9c2b5c595fe9952f488f92ce027d7559631c725062ecbe1f66d6a8c,0xb638c9ed38621892c52611fac202aca483482c0d,0xb5d85cbf7cb3ee0d56b3bb207d5fc4b82f43f511,60456.0,,,,ATA,erc20,"{'value': '0x0ccd538a2a6257a00000', 'address': '0xa2120b9e674d3fc3875f415a7df52e382f141225', 'decimal': '0x12'}",{'blockTimestamp': '2022-06-17T12:35:07.000Z'}
190,0xe49054,0xd8e1056d529222f8ac791656d9d4e40e50c38672e75ca8373416ba0c53a7d65f:log:109,0xd8e1056d529222f8ac791656d9d4e40e50c38672e75ca8373416ba0c53a7d65f,0xb5d85cbf7cb3ee0d56b3bb207d5fc4b82f43f511,0x7ba9b004478dda9e289b2707c6060de427165d98,2.72298344,,,,ATA,erc20,"{'value': '0x25c9fb02fe78a000', 'address': '0xa2120b9e674d3fc3875f415a7df52e382f141225', 'decimal': '0x12'}",{'blockTimestamp': '2022-06-17T12:28:04.000Z'}
191,0xe4904f,0xc23549bbc0cebd7ac0bac9b840b72e67236235aa95d01fb6f9703342f2f23eba:log:202,0xc23549bbc0cebd7ac0bac9b840b72e67236235aa95d01fb6f9703342f2f23eba,0xdfd5293d8e347dfe59e90efd55b2956a1343963d,0xb638c9ed38621892c52611fac202aca483482c0d,60456.0,,,,ATA,erc20,"{'value': '0x0ccd538a2a6257a00000', 'address': '0xa2120b9e674d3fc3875f415a7df52e382f141225', 'decimal': '0x12'}",{'blockTimestamp': '2022-06-17T12:25:24.000Z'}
192,0xe48d05,0xf37fa5c2cd2f58409c549dacdc51f58adeaca37aa705aeb5d469c8ab7330c1d6:log:561,0xf37fa5c2cd2f58409c549dacdc51f58adeaca37aa705aeb5d469c8ab7330c1d6,0xd8259173fb6ae1fb2462213bc1fe951c41a35a59,0x28c6c06298d514db089934071355e5743bf21d60,2456.0,,,,ATA,erc20,"{'value': '0x8523d8cb8de7600000', 'address': '0xa2120b9e674d3fc3875f415a7df52e382f141225', 'decimal': '0x12'}",{'blockTimestamp': '2022-06-17T09:00:21.000Z'}
193,0xe48a2c,0xbed946862736d5f887f710d934ad465f64c10ede22c32438aa22c0cfc7234874:log:361,0xbed946862736d5f887f710d934ad465f64c10ede22c32438aa22c0cfc7234874,0x5654d65578cda52791879751141f2f3d7dc27fe4,0x0cc63ba6015ff29451a78eaed979dc3cb7b23e8d,154.30940842331813,,,,ATA,erc20,"{'value': '0x085d7925650c8c123d', 'address': '0xa2120b9e674d3fc3875f415a7df52e382f141225', 'decimal': '0x12'}",{'blockTimestamp': '2022-06-17T05:52:12.000Z'}
194,0xe486e4,0x2e773fca22bb895f184286ff77dda0f95c03e41410d45da6cb4e96312260e10c:log:364,0x2e773fca22bb895f184286ff77dda0f95c03e41410d45da6cb4e96312260e10c,0xf05e2a70346560d3228c7002194bb7c5dc8fe100,0x28c6c06298d514db089934071355e5743bf21d60,324156.0,,,,ATA,erc20,"{'value': '0x44a4882f43e7c3700000', 'address': '0xa2120b9e674d3fc3875f415a7df52e382f141225', 'decimal': '0x12'}",{'blockTimestamp': '2022-06-17T02:30:36.000Z'}
195,0xe4812b,0x3b8ae22bbcb485cf34af60102aec92eca8721505473553d70f43d81582ef444e:log:42,0x3b8ae22bbcb485cf34af60102aec92eca8721505473553d70f43d81582ef444e,0x0d0707963952f2fba59dd06f2b425ace40b492fe,0xf05e2a70346560d3228c7002194bb7c5dc8fe100,50089.0,,,,ATA,erc20,"{'value': '0x0a9b5483751aad040000', 'address': '0xa2120b9e674d3fc3875f415a7df52e382f141225', 'decimal': '0x12'}",{'blockTimestamp': '2022-06-16T20:22:08.000Z'}
196,0xe480d7,0x123489ae58f287bdf83b68dc7e817e08badf269526e25fac1165438ce61e8a15:log:260,0x123489ae58f287bdf83b68dc7e817e08badf269526e25fac1165438ce61e8a15,0xb5d85cbf7cb3ee0d56b3bb207d5fc4b82f43f511,0x7ecccabb5e4ff4537f70b0a5018e8c0cfd53fff4,99066.32019136,,,,ATA,erc20,"{'value': '0x14fa655eda2eb09b0000', 'address': '0xa2120b9e674d3fc3875f415a7df52e382f141225', 'decimal': '0x12'}",{'blockTimestamp': '2022-06-16T20:01:34.000Z'}
197,0xe4807e,0x92ca8470da7c88b327bcd0d45aa7b35cdafa558a4ee54069db9d6ffcc97bb85a:log:267,0x92ca8470da7c88b327bcd0d45aa7b35cdafa558a4ee54069db9d6ffcc97bb85a,0xb638c9ed38621892c52611fac202aca483482c0d,0xb5d85cbf7cb3ee0d56b3bb207d5fc4b82f43f511,150123.0,,,,ATA,erc20,"{'value': '0x1fca2f239a41decc0000', 'address': '0xa2120b9e674d3fc3875f415a7df52e382f141225', 'decimal': '0x12'}",{'blockTimestamp': '2022-06-16T19:39:52.000Z'}
198,0xe4805a,0x237cc80db35247a013d1b27438820032ab602bed43070c262a5aa9493d29f359:log:163,0x237cc80db35247a013d1b27438820032ab602bed43070c262a5aa9493d29f359,0x21a31ee1afc51d94c2efccaa2092ad1028285549,0xb638c9ed38621892c52611fac202aca483482c0d,150123.0,,,,ATA,erc20,"{'value': '0x1fca2f239a41decc0000', 'address': '0xa2120b9e674d3fc3875f415a7df52e382f141225', 'decimal': '0x12'}",{'blockTimestamp': '2022-06-16T19:30:04.000Z'}
199,0xe48005,0x5684f63445006936cb9b29b8df0e448a05065abeefef3d0ab642f69fb54bf6fd:log:132,0x5684f63445006936cb9b29b8df0e448a05065abeefef3d0ab642f69fb54bf6fd,0xde2609543dfca96f5067919711311705693c1b71,0xb5d85cbf7cb3ee0d56b3bb207d5fc4b82f43f511,127966.0,,,,ATA,erc20,"{'value': '0x1b190cfe9f1314b80000', 'address': '0xa2120b9e674d3fc3875f415a7df52e382f141225', 'decimal': '0x12'}",{'blockTimestamp': '2022-06-16T19:10:00.000Z'}
200,0xe47fe7,0x49ee18a751827bdbc4e935279a57eedc47143c2770991d569f32295dc304e0c9:log:191,0x49ee18a751827bdbc4e935279a57eedc47143c2770991d569f32295dc304e0c9,0x28c6c06298d514db089934071355e5743bf21d60,0xde2609543dfca96f5067919711311705693c1b71,127913.0,,,,ATA,erc20,"{'value': '0x1b162d78cbe16d040000', 'address': '0xa2120b9e674d3fc3875f415a7df52e382f141225', 'decimal': '0x12'}",{'blockTimestamp': '2022-06-16T19:03:25.000Z'}
201,0xe47f9b,0x4e02eefd0e421862d9f9ddcf998d04c13db22412f19e7a12e1557819d7a52d17:log:184,0x4e02eefd0e421862d9f9ddcf998d04c13db22412f19e7a12e1557819d7a52d17,0xdfd5293d8e347dfe59e90efd55b2956a1343963d,0xde2609543dfca96f5067919711311705693c1b71,53.0,,,,ATA,erc20,"{'value': '0x02df85d331a7b40000', 'address': '0xa2120b9e674d3fc3875f415a7df52e382f141225', 'decimal': '0x12'}",{'blockTimestamp': '2022-06-16T18:44:41.000Z'}
202,0xe47f82,0x911c47ee7017388ddb781f704159b3b4c5e10bfc8ee534585e6cab9c8f4c4f15:log:678,0x911c47ee7017388ddb781f704159b3b4c5e10bfc8ee534585e6cab9c8f4c4f15,0xb5d85cbf7cb3ee0d56b3bb207d5fc4b82f43f511,0x7ecccabb5e4ff4537f70b0a5018e8c0cfd53fff4,99618.26293526,,,,ATA,erc20,"{'value': '0x1518511d637102819800', 'address': '0xa2120b9e674d3fc3875f415a7df52e382f141225', 'decimal': '0x12'}",{'blockTimestamp': '2022-06-16T18:38:34.000Z'}
203,0xe47f68,0xf8179b9bb90357a6ec958213f73aaea8f6bc3fadbb86ae4192f1bfc74b98f9b3:log:378,0xf8179b9bb90357a6ec958213f73aaea8f6bc3fadbb86ae4192f1bfc74b98f9b3,0xb5d85cbf7cb3ee0d56b3bb207d5fc4b82f43f511,0x7ecccabb5e4ff4537f70b0a5018e8c0cfd53fff4,2659.3327365,,,,ATA,erc20,"{'value': '0x9029a7ca1919fa8800', 'address': '0xa2120b9e674d3fc3875f415a7df52e382f141225', 'decimal': '0x12'}",{'blockTimestamp': '2022-06-16T18:34:02.000Z'}
204,0xe47ef4,0x71aacd61a47993ecb7cc5701c36b631dc0646ac022d9085c5301fe27ba633829:log:339,0x71aacd61a47993ecb7cc5701c36b631dc0646ac022d9085c5301fe27ba633829,0xf96dde9c7c84d6dc8a353f72a62e4dae68c7519d,0xb5d85cbf7cb3ee0d56b3bb207d5fc4b82f43f511,590.3576902503125,,,,ATA,erc20,"{'value': '0x2000dbd76efdf7d8e7', 'address': '0xa2120b9e674d3fc3875f415a7df52e382f141225', 'decimal': '0x12'}",{'blockTimestamp': '2022-06-16T18:05:10.000Z'}
205,0xe47ed2,0x6d87dfb2b20faa4ec7b2ec4362ceeb27d3c29db48e1ebbbcf9dc2bae7c5f4304:log:51,0x6d87dfb2b20faa4ec7b2ec4362ceeb27d3c29db48e1ebbbcf9dc2bae7c5f4304,0xf726435562391fa8c9aa99a2c33000d805aaea05,0xf96dde9c7c84d6dc8a353f72a62e4dae68c7519d,590.3576902503125,,,,ATA,erc20,"{'value': '0x2000dbd76efdf7d8e7', 'address': '0xa2120b9e674d3fc3875f415a7df52e382f141225', 'decimal': '0x12'}",{'blockTimestamp': '2022-06-16T17:56:19.000Z'}
206,0xe47df2,0x0fb6b9828312e92ccae9ef7ecc468e9d9eb82815c422e419f92cd618fd46e34a:log:358,0x0fb6b9828312e92ccae9ef7ecc468e9d9eb82815c422e419f92cd618fd46e34a,0x1a8f10c7f36723bd4ad1ceb6cba78a4426a10da4,0x28c6c06298d514db089934071355e5743bf21d60,26953.516747831072,,,,ATA,erc20,"{'value': '0x05b5272fa44cdcf6fa3c', 'address': '0xa2120b9e674d3fc3875f415a7df52e382f141225', 'decimal': '0x12'}",{'blockTimestamp': '2022-06-16T17:00:50.000Z'}
207,0xe47df2,0xdb00f180647d7134ac34f1357c697a7fb980230f3f145fe0bcf7e44b3a825ea1:log:328,0xdb00f180647d7134ac34f1357c697a7fb980230f3f145fe0bcf7e44b3a825ea1,0xaad60b6615b9eb13a9b0212af7b298f26dd74e7f,0x28c6c06298d514db089934071355e5743bf21d60,16814.0,,,,ATA,erc20,"{'value': '0x038f7d1fcb9c29f80000', 'address': '0xa2120b9e674d3fc3875f415a7df52e382f141225', 'decimal': '0x12'}",{'blockTimestamp': '2022-06-16T17:00:50.000Z'}
208,0xe47da3,0xd8e5d9ff6a7392bc24cb98385e45b492b1dee7dfbf919f50e39ddfb83eabe810:log:36,0xd8e5d9ff6a7392bc24cb98385e45b492b1dee7dfbf919f50e39ddfb83eabe810,0x0d0707963952f2fba59dd06f2b425ace40b492fe,0xf05e2a70346560d3228c7002194bb7c5dc8fe100,97570.0,,,,ATA,erc20,"{'value': '0x14a947c1a3fc0f480000', 'address': '0xa2120b9e674d3fc3875f415a7df52e382f141225', 'decimal': '0x12'}",{'blockTimestamp': '2022-06-16T16:40:05.000Z'}
209,0xe47ca8,0x62550e045920491b3266a7ded3a7eb4a4daa7fe390190e1fbad8d5541ad54310:log:35,0x62550e045920491b3266a7ded3a7eb4a4daa7fe390190e1fbad8d5541ad54310,0xe66b31678d6c16e9ebf358268a790b763c133750,0x6570d0d69512de564b3715e5dbc03662a10c574a,540.6926389774574,,,,ATA,erc20,"{'value': '0x1d4f9e227007debccb', 'address': '0xa2120b9e674d3fc3875f415a7df52e382f141225', 'decimal': '0x12'}",{'blockTimestamp': '2022-06-16T15:42:38.000Z'}
210,0xe47ca8,0x62550e045920491b3266a7ded3a7eb4a4daa7fe390190e1fbad8d5541ad54310:log:32,0x62550e045920491b3266a7ded3a7eb4a4daa7fe390190e1fbad8d5541ad54310,0x5654d65578cda52791879751141f2f3d7dc27fe4,0xe66b31678d6c16e9ebf358268a790b763c133750,540.6926389774574,,,,ATA,erc20,"{'value': '0x1d4f9e227007debccb', 'address': '0xa2120b9e674d3fc3875f415a7df52e382f141225', 'decimal': '0x12'}",{'blockTimestamp': '2022-06-16T15:42:38.000Z'}
211,0xe47c85,0xd3050a4e110398260804a4e39920165252fdcb087e408c8ee2d40e7f59d1b973:log:406,0xd3050a4e110398260804a4e39920165252fdcb087e408c8ee2d40e7f59d1b973,0x1bc1c76aada4e97fee8b5baadebe2549001bce73,0xb5d85cbf7cb3ee0d56b3bb207d5fc4b82f43f511,143149.28425357002,,,,ATA,erc20,"{'value': '0x1e502364473572909400', 'address': '0xa2120b9e674d3fc3875f415a7df52e382f141225', 'decimal': '0x12'}",{'blockTimestamp': '2022-06-16T15:34:24.000Z'}
212,0xe47c71,0xb8f1c064f24fe675113a41b692719afc01253f1c7c1303f8c8dd555b0caf94cb:log:154,0xb8f1c064f24fe675113a41b692719afc01253f1c7c1303f8c8dd555b0caf94cb,0x4310d2b49efe5f705a5d5d117a21c6dee36c1cd8,0xb5d85cbf7cb3ee0d56b3bb207d5fc4b82f43f511,978956.0,,,,ATA,erc20,"{'value': '0xcf4d4fa424d198b00000', 'address': '0xa2120b9e674d3fc3875f415a7df52e382f141225', 'decimal': '0x12'}",{'blockTimestamp': '2022-06-16T15:29:58.000Z'}
213,0xe47c58,0xa6348f1d602e2129ad890de7c0e49610b4630f446c064f69c0348f4ee75eacaf:log:285,0xa6348f1d602e2129ad890de7c0e49610b4630f446c064f69c0348f4ee75eacaf,0xf16e9b0d03470827a95cdfd0cb8a8a3b46969b91,0x1bc1c76aada4e97fee8b5baadebe2549001bce73,143149.28425357002,,,,ATA,erc20,"{'value': '0x1e502364473572909400', 'address': '0xa2120b9e674d3fc3875f415a7df52e382f141225', 'decimal': '0x12'}",{'blockTimestamp': '2022-06-16T15:23:34.000Z'}
214,0xe47c45,0x771409a880adf32c0a65298b0b009f494fbb32d8f91eb2db74ebd263a2901aa3:log:230,0x771409a880adf32c0a65298b0b009f494fbb32d8f91eb2db74ebd263a2901aa3,0x28c6c06298d514db089934071355e5743bf21d60,0x21a31ee1afc51d94c2efccaa2092ad1028285549,1307482.5259999998,,,,ATA,erc20,"{'value': '0x0114dec50ee9af55030000', 'address': '0xa2120b9e674d3fc3875f415a7df52e382f141225', 'decimal': '0x12'}",{'blockTimestamp': '2022-06-16T15:20:54.000Z'}
215,0xe47c43,0x0b0fe76c14968343727d2fc59e8e1faa478bfae6d84b79531d365abdf1ece13a:log:229,0x0b0fe76c14968343727d2fc59e8e1faa478bfae6d84b79531d365abdf1ece13a,0x21a31ee1afc51d94c2efccaa2092ad1028285549,0x4310d2b49efe5f705a5d5d117a21c6dee36c1cd8,978956.0,,,,ATA,erc20,"{'value': '0xcf4d4fa424d198b00000', 'address': '0xa2120b9e674d3fc3875f415a7df52e382f141225', 'decimal': '0x12'}",{'blockTimestamp': '2022-06-16T15:19:19.000Z'}
216,0xe47b58,0x76e68ad637cbeebb72fb15390f1206096fc03bf3bd3707cf229e79d766876886:log:282,0x76e68ad637cbeebb72fb15390f1206096fc03bf3bd3707cf229e79d766876886,0x4310d2b49efe5f705a5d5d117a21c6dee36c1cd8,0xb5d85cbf7cb3ee0d56b3bb207d5fc4b82f43f511,19953.000000000004,,,,ATA,erc20,"{'value': '0x0439a7800879a9240000', 'address': '0xa2120b9e674d3fc3875f415a7df52e382f141225', 'decimal': '0x12'}",{'blockTimestamp': '2022-06-16T14:25:01.000Z'}
217,0xe47b42,0xf122a9028e53725da4a2b7f1c5f4e508c917a517237a2cd88a3a620da973a683:log:240,0xf122a9028e53725da4a2b7f1c5f4e508c917a517237a2cd88a3a620da973a683,0x0d0707963952f2fba59dd06f2b425ace40b492fe,0xf05e2a70346560d3228c7002194bb7c5dc8fe100,86348.0,,,,ATA,erc20,"{'value': '0x1248ef38bcb055b00000', 'address': '0xa2120b9e674d3fc3875f415a7df52e382f141225', 'decimal': '0x12'}",{'blockTimestamp': '2022-06-16T14:20:56.000Z'}
218,0xe47b1e,0xee5d247d1a8725b146f04ee4b75421b86d47647f32a133b86638517f5b456a25:log:505,0xee5d247d1a8725b146f04ee4b75421b86d47647f32a133b86638517f5b456a25,0x28c6c06298d514db089934071355e5743bf21d60,0x4310d2b49efe5f705a5d5d117a21c6dee36c1cd8,19953.000000000004,,,,ATA,erc20,"{'value': '0x0439a7800879a9240000', 'address': '0xa2120b9e674d3fc3875f415a7df52e382f141225', 'decimal': '0x12'}",{'blockTimestamp': '2022-06-16T14:12:49.000Z'}
219,0xe4799c,0x88265a43a50b91f39a9eabd7918c117f2cdd2021cb33d4efbda1932679ee2430:log:171,0x88265a43a50b91f39a9eabd7918c117f2cdd2021cb33d4efbda1932679ee2430,0x3c02290922a3618a4646e3bbca65853ea45fe7c6,0x59a9f2fc6c9f0d1c94a67909887a43f288cba7dd,4798.000000000001,,,,ATA,erc20,"{'value': '0x010419a03b1b44380000', 'address': '0xa2120b9e674d3fc3875f415a7df52e382f141225', 'decimal': '0x12'}",{'blockTimestamp': '2022-06-16T12:34:12.000Z'}
220,0xe47526,0x259cb143a0d16e5b5fa74581eae5871a1b47545e35cc02e59f3dafc22aac8519:log:96,0x259cb143a0d16e5b5fa74581eae5871a1b47545e35cc02e59f3dafc22aac8519,0xd18ae893e2487f9d751f1fcdf24bda5ebc6e4d9d,0xb5d85cbf7cb3ee0d56b3bb207d5fc4b82f43f511,41.0,,,,ATA,erc20,"{'value': '0x0238fd42c5cf040000', 'address': '0xa2120b9e674d3fc3875f415a7df52e382f141225', 'decimal': '0x12'}",{'blockTimestamp': '2022-06-16T07:46:18.000Z'}
221,0xe47471,0x36a06f5fea29d9057d9ab9136fcc222d15e878c62dbd689627e86d5fb72cd4df:log:122,0x36a06f5fea29d9057d9ab9136fcc222d15e878c62dbd689627e86d5fb72cd4df,0x0d0707963952f2fba59dd06f2b425ace40b492fe,0xf05e2a70346560d3228c7002194bb7c5dc8fe100,47039.0,,,,ATA,erc20,"{'value': '0x09f5fd42bcb25f9c0000', 'address': '0xa2120b9e674d3fc3875f415a7df52e382f141225', 'decimal': '0x12'}",{'blockTimestamp': '2022-06-16T07:01:34.000Z'}
222,0xe473e1,0x86923f4f8168bef207f13b1d7c0126e4835aeb37aa6a0c8a91c2a43429f8bc63:log:439,0x86923f4f8168bef207f13b1d7c0126e4835aeb37aa6a0c8a91c2a43429f8bc63,0x0d0707963952f2fba59dd06f2b425ace40b492fe,0xf05e2a70346560d3228c7002194bb7c5dc8fe100,43110.0,,,,ATA,erc20,"{'value': '0x0920ff6eb16e51d80000', 'address': '0xa2120b9e674d3fc3875f415a7df52e382f141225', 'decimal': '0x12'}",{'blockTimestamp': '2022-06-16T06:28:27.000Z'}
223,0xe470b2,0x6683bae3d77f2bbeec19dfe2441020fb23e9ab70fc17066f4165ab481596d246:log:521,0x6683bae3d77f2bbeec19dfe2441020fb23e9ab70fc17066f4165ab481596d246,0xf05e2a70346560d3228c7002194bb7c5dc8fe100,0x28c6c06298d514db089934071355e5743bf21d60,327768.0,,,,ATA,erc20,"{'value': '0x456856c112b58a600000', 'address': '0xa2120b9e674d3fc3875f415a7df52e382f141225', 'decimal': '0x12'}",{'blockTimestamp': '2022-06-16T03:01:11.000Z'}
224,0xe46f0c,0xe6b6b62d28f6fe6bef7c85a8c033f22a24cc9e9e77bd7ca6dfc6af91c2482bb8:log:131,0xe6b6b62d28f6fe6bef7c85a8c033f22a24cc9e9e77bd7ca6dfc6af91c2482bb8,0x0d0707963952f2fba59dd06f2b425ace40b492fe,0xf05e2a70346560d3228c7002194bb7c5dc8fe100,140369.0,,,,ATA,erc20,"{'value': '0x1db96b32612a06a40000', 'address': '0xa2120b9e674d3fc3875f415a7df52e382f141225', 'decimal': '0x12'}",{'blockTimestamp': '2022-06-16T01:23:31.000Z'}
225,0xe46d1d,0xc8c417f86637910abe0d2f1cc716e8cc61670188a4878a751058d152c28445af:log:27,0xc8c417f86637910abe0d2f1cc716e8cc61670188a4878a751058d152c28445af,0x0d0707963952f2fba59dd06f2b425ace40b492fe,0xf05e2a70346560d3228c7002194bb7c5dc8fe100,187399.0,,,,ATA,erc20,"{'value': '0x27aeeb8eb18b83bc0000', 'address': '0xa2120b9e674d3fc3875f415a7df52e382f141225', 'decimal': '0x12'}",{'blockTimestamp': '2022-06-15T23:22:21.000Z'}
226,0xe46c7b,0x7e42f0c677cf83641e739851d412bf3900b1fd7665ecdceb7f8a1096b80cbbde:log:86,0x7e42f0c677cf83641e739851d412bf3900b1fd7665ecdceb7f8a1096b80cbbde,0x28c6c06298d514db089934071355e5743bf21d60,0xdfd5293d8e347dfe59e90efd55b2956a1343963d,1049355.8130570902,,,,ATA,erc20,"{'value': '0xde35b14efa0bf4dc1400', 'address': '0xa2120b9e674d3fc3875f415a7df52e382f141225', 'decimal': '0x12'}",{'blockTimestamp': '2022-06-15T22:40:33.000Z'}
227,0xe46c51,0x9743eb7f3276796b0934261e8710efc129afcb149fb1a91c1867350ac16831e6:log:394,0x9743eb7f3276796b0934261e8710efc129afcb149fb1a91c1867350ac16831e6,0xf05e2a70346560d3228c7002194bb7c5dc8fe100,0x28c6c06298d514db089934071355e5743bf21d60,769525.0,,,,ATA,erc20,"{'value': '0xa2f408a9add006b40000', 'address': '0xa2120b9e674d3fc3875f415a7df52e382f141225', 'decimal': '0x12'}",{'blockTimestamp': '2022-06-15T22:29:43.000Z'}
228,0xe46c42,0xa34bca4b4cf2608af933f3610b62fa1f9110be73c10ffb68d1bd9e7225ad32eb:log:259,0xa34bca4b4cf2608af933f3610b62fa1f9110be73c10ffb68d1bd9e7225ad32eb,0x0d0707963952f2fba59dd06f2b425ace40b492fe,0xf05e2a70346560d3228c7002194bb7c5dc8fe100,130906.0,,,,ATA,erc20,"{'value': '0x1bb86db0d64975280000', 'address': '0xa2120b9e674d3fc3875f415a7df52e382f141225', 'decimal': '0x12'}",{'blockTimestamp': '2022-06-15T22:25:25.000Z'}
229,0xe46c34,0xaea40d9f30272bffd5727672e4e90459c3199b0e76c212c163da7d74282160b3:log:317,0xaea40d9f30272bffd5727672e4e90459c3199b0e76c212c163da7d74282160b3,0xdfd5293d8e347dfe59e90efd55b2956a1343963d,0x478271c960137418c9d90082dddbf68aa72e4367,228000.0,,,,ATA,erc20,"{'value': '0x3047e79ec43a46800000', 'address': '0xa2120b9e674d3fc3875f415a7df52e382f141225', 'decimal': '0x12'}",{'blockTimestamp': '2022-06-15T22:20:53.000Z'}
230,0xe46bdf,0xa1430fbcdd3a46a9cf9e7d7ac6cc135ada0274cb849bbb6e5fed76c7515eed7c:log:245,0xa1430fbcdd3a46a9cf9e7d7ac6cc135ada0274cb849bbb6e5fed76c7515eed7c,0xe66b31678d6c16e9ebf358268a790b763c133750,0xf726435562391fa8c9aa99a2c33000d805aaea05,589.7042435384699,,,,ATA,erc20,"{'value': '0x1ff7ca551c7af0dee8', 'address': '0xa2120b9e674d3fc3875f415a7df52e382f141225', 'decimal': '0x12'}",{'blockTimestamp': '2022-06-15T21:58:36.000Z'}
231,0xe46bdf,0xa1430fbcdd3a46a9cf9e7d7ac6cc135ada0274cb849bbb6e5fed76c7515eed7c:log:242,0xa1430fbcdd3a46a9cf9e7d7ac6cc135ada0274cb849bbb6e5fed76c7515eed7c,0x5654d65578cda52791879751141f2f3d7dc27fe4,0xe66b31678d6c16e9ebf358268a790b763c133750,589.7042435384699,,,,ATA,erc20,"{'value': '0x1ff7ca551c7af0dee8', 'address': '0xa2120b9e674d3fc3875f415a7df52e382f141225', 'decimal': '0x12'}",{'blockTimestamp': '2022-06-15T21:58:36.000Z'}
232,0xe46bc4,0xa20812b62ac259d8fe2aa51d3c4d1bf62ba9dcd006f0d0f7a22ce7e424c3e304:log:104,0xa20812b62ac259d8fe2aa51d3c4d1bf62ba9dcd006f0d0f7a22ce7e424c3e304,0x0d0707963952f2fba59dd06f2b425ace40b492fe,0xf05e2a70346560d3228c7002194bb7c5dc8fe100,43736.0,,,,ATA,erc20,"{'value': '0x0942eeed74bda4600000', 'address': '0xa2120b9e674d3fc3875f415a7df52e382f141225', 'decimal': '0x12'}",{'blockTimestamp': '2022-06-15T21:53:53.000Z'}
233,0xe46bbe,0xc22072f73eff33370dc0f3f96f553077ac5ac62c20220b804c2cfa8713f8b204:log:143,0xc22072f73eff33370dc0f3f96f553077ac5ac62c20220b804c2cfa8713f8b204,0xe66b31678d6c16e9ebf358268a790b763c133750,0xf726435562391fa8c9aa99a2c33000d805aaea05,0.6534467118426343,,,,ATA,erc20,"{'value': '0x091182528306f9ff', 'address': '0xa2120b9e674d3fc3875f415a7df52e382f141225', 'decimal': '0x12'}",{'blockTimestamp': '2022-06-15T21:52:53.000Z'}
234,0xe46bbe,0xc22072f73eff33370dc0f3f96f553077ac5ac62c20220b804c2cfa8713f8b204:log:140,0xc22072f73eff33370dc0f3f96f553077ac5ac62c20220b804c2cfa8713f8b204,0x5654d65578cda52791879751141f2f3d7dc27fe4,0xe66b31678d6c16e9ebf358268a790b763c133750,0.6534467118426343,,,,ATA,erc20,"{'value': '0x091182528306f9ff', 'address': '0xa2120b9e674d3fc3875f415a7df52e382f141225', 'decimal': '0x12'}",{'blockTimestamp': '2022-06-15T21:52:53.000Z'}
235,0xe46b6b,0x069382588a6464b5d23726a1a1161bda9d2c0afc44ee5a65da49b3bb106114d8:log:120,0x069382588a6464b5d23726a1a1161bda9d2c0afc44ee5a65da49b3bb106114d8,0xe66b31678d6c16e9ebf358268a790b763c133750,0x5654d65578cda52791879751141f2f3d7dc27fe4,903.089558945332,,,,ATA,erc20,"{'value': '0x30f4e2a11654b31ae3', 'address': '0xa2120b9e674d3fc3875f415a7df52e382f141225', 'decimal': '0x12'}",{'blockTimestamp': '2022-06-15T21:34:07.000Z'}
236,0xe46b6b,0x069382588a6464b5d23726a1a1161bda9d2c0afc44ee5a65da49b3bb106114d8:log:117,0x069382588a6464b5d23726a1a1161bda9d2c0afc44ee5a65da49b3bb106114d8,0x6fe791f8212cb18fb83cb99153ff10253ef6eb76,0xe66b31678d6c16e9ebf358268a790b763c133750,903.089558945332,,,,ATA,erc20,"{'value': '0x30f4e2a11654b31ae3', 'address': '0xa2120b9e674d3fc3875f415a7df52e382f141225', 'decimal': '0x12'}",{'blockTimestamp': '2022-06-15T21:34:07.000Z'}
237,0xe46b6b,0x069382588a6464b5d23726a1a1161bda9d2c0afc44ee5a65da49b3bb106114d8:log:115,0x069382588a6464b5d23726a1a1161bda9d2c0afc44ee5a65da49b3bb106114d8,0x6fe791f8212cb18fb83cb99153ff10253ef6eb76,0x382ffce2287252f930e1c8dc9328dac5bf282ba1,9.122116757023555,,,,ATA,erc20,"{'value': '0x7e9844dc0606fb19', 'address': '0xa2120b9e674d3fc3875f415a7df52e382f141225', 'decimal': '0x12'}",{'blockTimestamp': '2022-06-15T21:34:07.000Z'}
238,0xe469d4,0xf19dec3340a4cc255e09267f4fc2a9fe150fb48fff16a255282951f0510a6b86:log:452,0xf19dec3340a4cc255e09267f4fc2a9fe150fb48fff16a255282951f0510a6b86,0x5549d7dc6c8d2d3a7b8101936f32db2a07041870,0xcd531ae9efcce479654c4926dec5f6209531ca7b,301.0,,,,ATA,erc20,"{'value': '0x105136d13bd0940000', 'address': '0xa2120b9e674d3fc3875f415a7df52e382f141225', 'decimal': '0x12'}",{'blockTimestamp': '2022-06-15T19:49:29.000Z'}
239,0xe469c8,0x4bd827054e546ed98bb1cc379c06b228efd4040dbc80415d9123642302334441:log:251,0x4bd827054e546ed98bb1cc379c06b228efd4040dbc80415d9123642302334441,0xb5d85cbf7cb3ee0d56b3bb207d5fc4b82f43f511,0x5549d7dc6c8d2d3a7b8101936f32db2a07041870,301.0,,,,ATA,erc20,"{'value': '0x105136d13bd0940000', 'address': '0xa2120b9e674d3fc3875f415a7df52e382f141225', 'decimal': '0x12'}",{'blockTimestamp': '2022-06-15T19:45:16.000Z'}
240,0xe469c6,0x6836dc76b9c1f218df6af1a745a499c268f38ca9955a83755bd9cf88bcfe2511:log:158,0x6836dc76b9c1f218df6af1a745a499c268f38ca9955a83755bd9cf88bcfe2511,0xa01c89b32d76396b8893df660eafa527e2e12b7c,0xb5d85cbf7cb3ee0d56b3bb207d5fc4b82f43f511,370.0,,,,ATA,erc20,"{'value': '0x140ec80fa7ee880000', 'address': '0xa2120b9e674d3fc3875f415a7df52e382f141225', 'decimal': '0x12'}",{'blockTimestamp': '2022-06-15T19:44:49.000Z'}
241,0xe4699c,0x6142d34ec3da7c96072d73ad36da3b2c677aeeb9b69164d48ffb1f9cab37489f:log:98,0x6142d34ec3da7c96072d73ad36da3b2c677aeeb9b69164d48ffb1f9cab37489f,0xcd531ae9efcce479654c4926dec5f6209531ca7b,0xa01c89b32d76396b8893df660eafa527e2e12b7c,370.0,,,,ATA,erc20,"{'value': '0x140ec80fa7ee880000', 'address': '0xa2120b9e674d3fc3875f415a7df52e382f141225', 'decimal': '0x12'}",{'blockTimestamp': '2022-06-15T19:36:09.000Z'}
242,0xe46858,0x0f34dcf0626f62c94543d69393dd8e9491ce766be9c5eebcde8e8869b77103ce:log:53,0x0f34dcf0626f62c94543d69393dd8e9491ce766be9c5eebcde8e8869b77103ce,0x0d0707963952f2fba59dd06f2b425ace40b492fe,0xf05e2a70346560d3228c7002194bb7c5dc8fe100,133171.0,,,,ATA,erc20,"{'value': '0x1c3336e151cd78ec0000', 'address': '0xa2120b9e674d3fc3875f415a7df52e382f141225', 'decimal': '0x12'}",{'blockTimestamp': '2022-06-15T18:21:21.000Z'}
243,0xe46770,0x3759616cfef6ea1d3fa5857901c54091a6cf52483a62a88be740184c5d66462f:log:85,0x3759616cfef6ea1d3fa5857901c54091a6cf52483a62a88be740184c5d66462f,0x0d0707963952f2fba59dd06f2b425ace40b492fe,0xf05e2a70346560d3228c7002194bb7c5dc8fe100,128109.0,,,,ATA,erc20,"{'value': '0x1b20cd84ad6d95940000', 'address': '0xa2120b9e674d3fc3875f415a7df52e382f141225', 'decimal': '0x12'}",{'blockTimestamp': '2022-06-15T17:19:24.000Z'}
244,0xe466d7,0x289ed358567228bc71cb066518624bdf0e585da4efacfc90dfb445388403ec26:log:454,0x289ed358567228bc71cb066518624bdf0e585da4efacfc90dfb445388403ec26,0xbf1319e100135a055ffea394e20a70c3c86eb92b,0xcd531ae9efcce479654c4926dec5f6209531ca7b,756.028234701939,,,,ATA,erc20,"{'value': '0x28fbffd9da26b926f8', 'address': '0xa2120b9e674d3fc3875f415a7df52e382f141225', 'decimal': '0x12'}",{'blockTimestamp': '2022-06-15T16:43:06.000Z'}
245,0xe466cb,0x348873ffe2361c1986e7d975e0b4b8e3d7d18e0eb662a151790f8959a0e9d76a:log:237,0x348873ffe2361c1986e7d975e0b4b8e3d7d18e0eb662a151790f8959a0e9d76a,0x9b93b9243d5c39b61a1dc73eb3ccef2ddc2440ee,0xbf1319e100135a055ffea394e20a70c3c86eb92b,756.028234701939,,,,ATA,erc20,"{'value': '0x28fbffd9da26b926f8', 'address': '0xa2120b9e674d3fc3875f415a7df52e382f141225', 'decimal': '0x12'}",{'blockTimestamp': '2022-06-15T16:41:00.000Z'}
246,0xe46649,0x2af8861aa326805eec413dfd32948add89adecfec464a8ca50ca4751c893e0ce:log:142,0x2af8861aa326805eec413dfd32948add89adecfec464a8ca50ca4751c893e0ce,0x0d0707963952f2fba59dd06f2b425ace40b492fe,0xf05e2a70346560d3228c7002194bb7c5dc8fe100,333603.0,,,,ATA,erc20,"{'value': '0x46a4a7a5638ddeac0000', 'address': '0xa2120b9e674d3fc3875f415a7df52e382f141225', 'decimal': '0x12'}",{'blockTimestamp': '2022-06-15T16:12:20.000Z'}
247,0xe4661e,0x589695dcd898c95b2a61fa2900145416fdb91bfd7b5b112f6695344e327531ff:log:38,0x589695dcd898c95b2a61fa2900145416fdb91bfd7b5b112f6695344e327531ff,0xff952b29f8baf6624fa95a2cb824a1ec57d4e06f,0x0d0707963952f2fba59dd06f2b425ace40b492fe,2951.0000000000005,,,,ATA,erc20,"{'value': '0x9ff95a10ee91bc0000', 'address': '0xa2120b9e674d3fc3875f415a7df52e382f141225', 'decimal': '0x12'}",{'blockTimestamp': '2022-06-15T16:02:46.000Z'}
248,0xe4661e,0x1eabd9ac56798c67860b1c2b16d5b5858207747fd94ce5be7b22442401aed330:log:37,0x1eabd9ac56798c67860b1c2b16d5b5858207747fd94ce5be7b22442401aed330,0xb7e02ef80d0e56012e444cc7d328843d5b905c8f,0x0d0707963952f2fba59dd06f2b425ace40b492fe,2112.87,,,,ATA,erc20,"{'value': '0x7289f62688f3970000', 'address': '0xa2120b9e674d3fc3875f415a7df52e382f141225', 'decimal': '0x12'}",{'blockTimestamp': '2022-06-15T16:02:46.000Z'}
249,0xe4661e,0xbab19c7095c02dddfa504c140707e6eaad036fd500a05ebf04d70f05b1dfef9e:log:36,0xbab19c7095c02dddfa504c140707e6eaad036fd500a05ebf04d70f05b1dfef9e,0x849e37c8711b198bd648b0ae2b31d42aa579107d,0x0d0707963952f2fba59dd06f2b425ace40b492fe,12558.314,,,,ATA,erc20,"{'value': '0x02a8c99dee3366f10000', 'address': '0xa2120b9e674d3fc3875f415a7df52e382f141225', 'decimal': '0x12'}",{'blockTimestamp': '2022-06-15T16:02:46.000Z'}
250,0xe4661e,0xeaaf916329742e81c16a26c0524153b83a0a1d993ec6462977609330a454d444:log:35,0xeaaf916329742e81c16a26c0524153b83a0a1d993ec6462977609330a454d444,0x4bba5f077a8fcfaf8d6d07c6cfbce553e2d94c9c,0x0d0707963952f2fba59dd06f2b425ace40b492fe,9135.120884644046,,,,ATA,erc20,"{'value': '0x01ef3744eca3947b33ba', 'address': '0xa2120b9e674d3fc3875f415a7df52e382f141225', 'decimal': '0x12'}",{'blockTimestamp': '2022-06-15T16:02:46.000Z'}
251,0xe4661e,0xfcfb38385d0984dd45e12010b1e55906b6b428b4ab5968f409af91912e280a1e:log:34,0xfcfb38385d0984dd45e12010b1e55906b6b428b4ab5968f409af91912e280a1e,0xb6f844999ea25c6c86d2de5ef3df6a7d28c146b7,0x0d0707963952f2fba59dd06f2b425ace40b492fe,3468.9999999999995,,,,ATA,erc20,"{'value': '0xbc0e0bc07346140000', 'address': '0xa2120b9e674d3fc3875f415a7df52e382f141225', 'decimal': '0x12'}",{'blockTimestamp': '2022-06-15T16:02:46.000Z'}
252,0xe4661e,0x7f4002652fa065336dc7cd2ab4204c7541e8f25521fa76879c17b5e1b021d08b:log:33,0x7f4002652fa065336dc7cd2ab4204c7541e8f25521fa76879c17b5e1b021d08b,0x77c2eb598a0074d70e21c701687bf8251f815a29,0x0d0707963952f2fba59dd06f2b425ace40b492fe,93750.0,,,,ATA,erc20,"{'value': '0x13da329b633647180000', 'address': '0xa2120b9e674d3fc3875f415a7df52e382f141225', 'decimal': '0x12'}",{'blockTimestamp': '2022-06-15T16:02:46.000Z'}
253,0xe4661e,0x494cf589b91c4e198e2bdd171ef3cb178fd8ef5e4b302610062782239a91dd18:log:32,0x494cf589b91c4e198e2bdd171ef3cb178fd8ef5e4b302610062782239a91dd18,0xd6b38bea1b891c9064b1167fb68f8478f6829326,0x0d0707963952f2fba59dd06f2b425ace40b492fe,1689524.54,,,,ATA,erc20,"{'value': '0x0165c54f0fed5801060000', 'address': '0xa2120b9e674d3fc3875f415a7df52e382f141225', 'decimal': '0x12'}",{'blockTimestamp': '2022-06-15T16:02:46.000Z'}
254,0xe464b3,0x5b7dae54641889d96e1db7bbd0179b7b38fc74076aa1c19bed0e572bcabe5005:log:244,0x5b7dae54641889d96e1db7bbd0179b7b38fc74076aa1c19bed0e572bcabe5005,0xf9d156843f69578df625a7b0affbf74edeeb8a52,0xb5d85cbf7cb3ee0d56b3bb207d5fc4b82f43f511,2502.5364000000004,,,,ATA,erc20,"{'value': '0x87a9ab4ccb3cdd0000', 'address': '0xa2120b9e674d3fc3875f415a7df52e382f141225', 'decimal': '0x12'}",{'blockTimestamp': '2022-06-15T14:34:38.000Z'}
255,0xe46493,0x716b50ace87c90eca3d816b509c1c8d3fbeb0f09ec428dd4db6923ccab2db216:log:299,0x716b50ace87c90eca3d816b509c1c8d3fbeb0f09ec428dd4db6923ccab2db216,0xf16e9b0d03470827a95cdfd0cb8a8a3b46969b91,0xf9d156843f69578df625a7b0affbf74edeeb8a52,2502.5364000000004,,,,ATA,erc20,"{'value': '0x87a9ab4ccb3cdd0000', 'address': '0xa2120b9e674d3fc3875f415a7df52e382f141225', 'decimal': '0x12'}",{'blockTimestamp': '2022-06-15T14:26:23.000Z'}
256,0xe46307,0xca040df2ba06e99fb71dadf09066097f93d23c0cffea06c65985d59a27e47fce:log:133,0xca040df2ba06e99fb71dadf09066097f93d23c0cffea06c65985d59a27e47fce,0x511dbe9e6b7ede607f47d00a681bd5c7a6d397a1,0x1a8f10c7f36723bd4ad1ceb6cba78a4426a10da4,26953.516747831072,,,,ATA,erc20,"{'value': '0x05b5272fa44cdcf6fa3c', 'address': '0xa2120b9e674d3fc3875f415a7df52e382f141225', 'decimal': '0x12'}",{'blockTimestamp': '2022-06-15T12:49:09.000Z'}
257,0xe460c7,0x9e22572d2b815a4f67b2fc1cb6680ad29d69f661643ad01d1ae1913c4281fb1f:log:321,0x9e22572d2b815a4f67b2fc1cb6680ad29d69f661643ad01d1ae1913c4281fb1f,0x287e8acab29c3087b009d622e8ab715228652e21,0x738cf6903e6c4e699d1c2dd9ab8b67fcdb3121ea,15795.999999999998,,,,ATA,erc20,"{'value': '0x03584d89453486500000', 'address': '0xa2120b9e674d3fc3875f415a7df52e382f141225', 'decimal': '0x12'}",{'blockTimestamp': '2022-06-15T10:24:39.000Z'}
258,0xe45feb,0x280932d03e60586b2dd16555392fe71d81fe8f3577b068e0805f90500351c6d3:log:165,0x280932d03e60586b2dd16555392fe71d81fe8f3577b068e0805f90500351c6d3,0x3c02290922a3618a4646e3bbca65853ea45fe7c6,0x287e8acab29c3087b009d622e8ab715228652e21,15795.999999999998,,,,ATA,erc20,"{'value': '0x03584d89453486500000', 'address': '0xa2120b9e674d3fc3875f415a7df52e382f141225', 'decimal': '0x12'}",{'blockTimestamp': '2022-06-15T09:21:55.000Z'}
259,0xe45f1a,0xaac87dd800e6b77701bef7b980e1714a2d613ab9695d2c19596f06e24aeea236:log:90,0xaac87dd800e6b77701bef7b980e1714a2d613ab9695d2c19596f06e24aeea236,0x8dbf7a392f92eeae3c7c4c284a920b17e21054ac,0x28c6c06298d514db089934071355e5743bf21d60,12000.0,,,,ATA,erc20,"{'value': '0x028a857425466f800000', 'address': '0xa2120b9e674d3fc3875f415a7df52e382f141225', 'decimal': '0x12'}",{'blockTimestamp': '2022-06-15T08:30:14.000Z'}
260,0xe45f1a,0x82cc828cf0ad8d88773c264f7ece314c804171630b2c90f84a20b732fcb79d5c:log:86,0x82cc828cf0ad8d88773c264f7ece314c804171630b2c90f84a20b732fcb79d5c,0xf3fa2c6b9496ae91759000a7833611a2e3a1529e,0x28c6c06298d514db089934071355e5743bf21d60,399999.99999999994,,,,ATA,erc20,"{'value': '0x54b40b1f852bda000000', 'address': '0xa2120b9e674d3fc3875f415a7df52e382f141225', 'decimal': '0x12'}",{'blockTimestamp': '2022-06-15T08:30:14.000Z'}
261,0xe45992,0xbb0c351ec4c1b446bd1f6e5030b09aa7bf185b53d5c447c3aebbece7c8470dd9:log:186,0xbb0c351ec4c1b446bd1f6e5030b09aa7bf185b53d5c447c3aebbece7c8470dd9,0xf05e2a70346560d3228c7002194bb7c5dc8fe100,0x28c6c06298d514db089934071355e5743bf21d60,439604.0,,,,ATA,erc20,"{'value': '0x5d16fb080e2fb4500000', 'address': '0xa2120b9e674d3fc3875f415a7df52e382f141225', 'decimal': '0x12'}",{'blockTimestamp': '2022-06-15T02:30:52.000Z'}
262,0xe4593d,0xb806c568900d5c89bb7efc7fab44bf3bef5fda5343e3807f7202afef46f6ecc3:log:55,0xb806c568900d5c89bb7efc7fab44bf3bef5fda5343e3807f7202afef46f6ecc3,0x882d04c3d8410ddf2061b3cba2c3522854316feb,0x5654d65578cda52791879751141f2f3d7dc27fe4,571.4740013201706,,,,ATA,erc20,"{'value': '0x1efacb8066d3e170ff', 'address': '0xa2120b9e674d3fc3875f415a7df52e382f141225', 'decimal': '0x12'}",{'blockTimestamp': '2022-06-15T02:07:29.000Z'}
263,0xe4593d,0xb806c568900d5c89bb7efc7fab44bf3bef5fda5343e3807f7202afef46f6ecc3:log:54,0xb806c568900d5c89bb7efc7fab44bf3bef5fda5343e3807f7202afef46f6ecc3,0x40ec5b33f54e0e8a33a975908c5ba1c14e5bbbdf,0x882d04c3d8410ddf2061b3cba2c3522854316feb,571.4740013201706,,,,ATA,erc20,"{'value': '0x1efacb8066d3e170ff', 'address': '0xa2120b9e674d3fc3875f415a7df52e382f141225', 'decimal': '0x12'}",{'blockTimestamp': '2022-06-15T02:07:29.000Z'}
264,0xe45928,0xa3bcc3c3c36569687d7bbbaadbf599e4d0ee17b808715aac34073e6fb09cfb4f:log:43,0xa3bcc3c3c36569687d7bbbaadbf599e4d0ee17b808715aac34073e6fb09cfb4f,0x3c02290922a3618a4646e3bbca65853ea45fe7c6,0xaad60b6615b9eb13a9b0212af7b298f26dd74e7f,16814.0,,,,ATA,erc20,"{'value': '0x038f7d1fcb9c29f80000', 'address': '0xa2120b9e674d3fc3875f415a7df52e382f141225', 'decimal': '0x12'}",{'blockTimestamp': '2022-06-15T02:02:11.000Z'}
265,0xe4589b,0xee2423f8a7c381089a9203eef4c4ea4515d1c6d0267f3fdfa547b619d0172870:log:37,0xee2423f8a7c381089a9203eef4c4ea4515d1c6d0267f3fdfa547b619d0172870,0x40ec5b33f54e0e8a33a975908c5ba1c14e5bbbdf,0x511dbe9e6b7ede607f47d00a681bd5c7a6d397a1,26953.516747831072,,,,ATA,erc20,"{'value': '0x05b5272fa44cdcf6fa3c', 'address': '0xa2120b9e674d3fc3875f415a7df52e382f141225', 'decimal': '0x12'}",{'blockTimestamp': '2022-06-15T01:26:27.000Z'}
266,0xe45828,0x4a3e0739b4dbea4b348001a26369555db978acb12bb4fcf225cd9bcabaa77d3a:log:111,0x4a3e0739b4dbea4b348001a26369555db978acb12bb4fcf225cd9bcabaa77d3a,0xe66b31678d6c16e9ebf358268a790b763c133750,0x5654d65578cda52791879751141f2f3d7dc27fe4,113.66379399202123,,,,ATA,erc20,"{'value': '0x062966ea6b4d9aa459', 'address': '0xa2120b9e674d3fc3875f415a7df52e382f141225', 'decimal': '0x12'}",{'blockTimestamp': '2022-06-15T00:57:30.000Z'}
267,0xe45828,0x4a3e0739b4dbea4b348001a26369555db978acb12bb4fcf225cd9bcabaa77d3a:log:108,0x4a3e0739b4dbea4b348001a26369555db978acb12bb4fcf225cd9bcabaa77d3a,0x294d9b0e6bb1f1331aa6a1f59db4d3a3bb9fdbc2,0xe66b31678d6c16e9ebf358268a790b763c133750,113.66379399202123,,,,ATA,erc20,"{'value': '0x062966ea6b4d9aa459', 'address': '0xa2120b9e674d3fc3875f415a7df52e382f141225', 'decimal': '0x12'}",{'blockTimestamp': '2022-06-15T00:57:30.000Z'}
268,0xe45828,0x4a3e0739b4dbea4b348001a26369555db978acb12bb4fcf225cd9bcabaa77d3a:log:106,0x4a3e0739b4dbea4b348001a26369555db978acb12bb4fcf225cd9bcabaa77d3a,0x294d9b0e6bb1f1331aa6a1f59db4d3a3bb9fdbc2,0x382ffce2287252f930e1c8dc9328dac5bf282ba1,1.1481191312325376,,,,ATA,erc20,"{'value': '0x0feef04450f20c00', 'address': '0xa2120b9e674d3fc3875f415a7df52e382f141225', 'decimal': '0x12'}",{'blockTimestamp': '2022-06-15T00:57:30.000Z'}
269,0xe45792,0x04736076c4c2a71f69003db570e84b9abcd8e9122a0dc4596c18466a28cfa58b:log:128,0x04736076c4c2a71f69003db570e84b9abcd8e9122a0dc4596c18466a28cfa58b,0xe66b31678d6c16e9ebf358268a790b763c133750,0x6fe791f8212cb18fb83cb99153ff10253ef6eb76,912.2116757023555,,,,ATA,erc20,"{'value': '0x31737ae5f25aba15fc', 'address': '0xa2120b9e674d3fc3875f415a7df52e382f141225', 'decimal': '0x12'}",{'blockTimestamp': '2022-06-15T00:18:54.000Z'}
270,0xe45792,0x04736076c4c2a71f69003db570e84b9abcd8e9122a0dc4596c18466a28cfa58b:log:125,0x04736076c4c2a71f69003db570e84b9abcd8e9122a0dc4596c18466a28cfa58b,0x5654d65578cda52791879751141f2f3d7dc27fe4,0xe66b31678d6c16e9ebf358268a790b763c133750,912.2116757023555,,,,ATA,erc20,"{'value': '0x31737ae5f25aba15fc', 'address': '0xa2120b9e674d3fc3875f415a7df52e382f141225', 'decimal': '0x12'}",{'blockTimestamp': '2022-06-15T00:18:54.000Z'}
271,0xe45670,0xcc8132f4339e7493af27b2ef5c0ee5160c3f5050058daae10b67959e8e7613dc:log:32,0xcc8132f4339e7493af27b2ef5c0ee5160c3f5050058daae10b67959e8e7613dc,0xe66b31678d6c16e9ebf358268a790b763c133750,0x294d9b0e6bb1f1331aa6a1f59db4d3a3bb9fdbc2,114.81191312325376,,,,ATA,erc20,"{'value': '0x063955daaf9e8cb059', 'address': '0xa2120b9e674d3fc3875f415a7df52e382f141225', 'decimal': '0x12'}",{'blockTimestamp': '2022-06-14T23:02:55.000Z'}
272,0xe45670,0xcc8132f4339e7493af27b2ef5c0ee5160c3f5050058daae10b67959e8e7613dc:log:29,0xcc8132f4339e7493af27b2ef5c0ee5160c3f5050058daae10b67959e8e7613dc,0x5654d65578cda52791879751141f2f3d7dc27fe4,0xe66b31678d6c16e9ebf358268a790b763c133750,114.81191312325376,,,,ATA,erc20,"{'value': '0x063955daaf9e8cb059', 'address': '0xa2120b9e674d3fc3875f415a7df52e382f141225', 'decimal': '0x12'}",{'blockTimestamp': '2022-06-14T23:02:55.000Z'}
273,0xe45645,0x385fa861693565b99074eb13b7cbf6f10a0a11bb5e0821d28df770b50cbf878e:log:298,0x385fa861693565b99074eb13b7cbf6f10a0a11bb5e0821d28df770b50cbf878e,0xf431666bdc13d00bc0d2661ef756755f0c7086dd,0x3c02290922a3618a4646e3bbca65853ea45fe7c6,15834.0,,,,ATA,erc20,"{'value': '0x035a5ce463df5f280000', 'address': '0xa2120b9e674d3fc3875f415a7df52e382f141225', 'decimal': '0x12'}",{'blockTimestamp': '2022-06-14T22:51:44.000Z'}
274,0xe453ed,0xdf4419c57c68f97b57d8a5dfbcc07add8d63192abfb65ca94e0aefaf342db593:log:15,0xdf4419c57c68f97b57d8a5dfbcc07add8d63192abfb65ca94e0aefaf342db593,0x0d0707963952f2fba59dd06f2b425ace40b492fe,0xf05e2a70346560d3228c7002194bb7c5dc8fe100,80195.0,,,,ATA,erc20,"{'value': '0x10fb613178ae132c0000', 'address': '0xa2120b9e674d3fc3875f415a7df52e382f141225', 'decimal': '0x12'}",{'blockTimestamp': '2022-06-14T20:32:09.000Z'}
275,0xe452e2,0x3ff1a5c84e4e2b50dfebc7dff1ea222a31ff98c981dd23a47fc92cbea77efefa:log:22,0x3ff1a5c84e4e2b50dfebc7dff1ea222a31ff98c981dd23a47fc92cbea77efefa,0x0d0707963952f2fba59dd06f2b425ace40b492fe,0xf05e2a70346560d3228c7002194bb7c5dc8fe100,173338.0,,,,ATA,erc20,"{'value': '0x24b4abfba7ea74280000', 'address': '0xa2120b9e674d3fc3875f415a7df52e382f141225', 'decimal': '0x12'}",{'blockTimestamp': '2022-06-14T19:28:40.000Z'}
276,0xe45243,0xd08c3690ca1018baad47d8e340177203d590014910946e2edf1d9a12e883ee88:log:237,0xd08c3690ca1018baad47d8e340177203d590014910946e2edf1d9a12e883ee88,0x20e74b82e9c2b24063c516397cd1fc2eeeb17cc0,0x3c02290922a3618a4646e3bbca65853ea45fe7c6,124269.88,,,,ATA,erc20,"{'value': '0x1a50af0689f523ec0000', 'address': '0xa2120b9e674d3fc3875f415a7df52e382f141225', 'decimal': '0x12'}",{'blockTimestamp': '2022-06-14T18:51:42.000Z'}
277,0xe451e8,0x1d8a42e10eb173850415ff8c503ec4c3f15df0615838b88727d8d1dcabe23926:log:204,0x1d8a42e10eb173850415ff8c503ec4c3f15df0615838b88727d8d1dcabe23926,0x6767526a362ec6c6b1df185478e4f01506b73ff3,0x28c6c06298d514db089934071355e5743bf21d60,28299.0,,,,ATA,erc20,"{'value': '0x05fe17846578db4c0000', 'address': '0xa2120b9e674d3fc3875f415a7df52e382f141225', 'decimal': '0x12'}",{'blockTimestamp': '2022-06-14T18:29:59.000Z'}
278,0xe451c2,0x1d05e04299e537c3f9a74fbaa37ee98b125a0190abc57f3adb079885fdd82ea6:log:134,0x1d05e04299e537c3f9a74fbaa37ee98b125a0190abc57f3adb079885fdd82ea6,0x3c02290922a3618a4646e3bbca65853ea45fe7c6,0x6767526a362ec6c6b1df185478e4f01506b73ff3,28299.0,,,,ATA,erc20,"{'value': '0x05fe17846578db4c0000', 'address': '0xa2120b9e674d3fc3875f415a7df52e382f141225', 'decimal': '0x12'}",{'blockTimestamp': '2022-06-14T18:20:09.000Z'}
279,0xe45100,0x26f767c1333a28b9fc67525fb3032bb6ea0afa94390c8c09be7644f50c4a44a1:log:61,0x26f767c1333a28b9fc67525fb3032bb6ea0afa94390c8c09be7644f50c4a44a1,0x21a31ee1afc51d94c2efccaa2092ad1028285549,0x18576e1ab285845cfd8efe8b70e2e70bf426adce,100706.0,,,,ATA,erc20,"{'value': '0x1553487fbcbe98480000', 'address': '0xa2120b9e674d3fc3875f415a7df52e382f141225', 'decimal': '0x12'}",{'blockTimestamp': '2022-06-14T17:34:25.000Z'}
280,0xe450f5,0x60a3917349338f2b7044b71a20a411afef4279b8f51d2d44beac5b6981c8b8cc:log:222,0x60a3917349338f2b7044b71a20a411afef4279b8f51d2d44beac5b6981c8b8cc,0x28c6c06298d514db089934071355e5743bf21d60,0x18576e1ab285845cfd8efe8b70e2e70bf426adce,67.0,,,,ATA,erc20,"{'value': '0x03a1cfd104cf2c0000', 'address': '0xa2120b9e674d3fc3875f415a7df52e382f141225', 'decimal': '0x12'}",{'blockTimestamp': '2022-06-14T17:31:20.000Z'}
281,0xe45096,0xba6477a9d93e4b32e641c492e752ebda2995ab1ea82307bfddd7037f0f7468db:log:494,0xba6477a9d93e4b32e641c492e752ebda2995ab1ea82307bfddd7037f0f7468db,0x71b3be57e127360c92815772f0af2eb7b8c5c921,0x8dbf7a392f92eeae3c7c4c284a920b17e21054ac,12000.0,,,,ATA,erc20,"{'value': '0x028a857425466f800000', 'address': '0xa2120b9e674d3fc3875f415a7df52e382f141225', 'decimal': '0x12'}",{'blockTimestamp': '2022-06-14T17:09:56.000Z'}
282,0xe45083,0x1e4dfb8b0db82adc308faab9c01b4bf3261d1a2dcd2dc4ecc3a2aea78015a328:log:272,0x1e4dfb8b0db82adc308faab9c01b4bf3261d1a2dcd2dc4ecc3a2aea78015a328,0x40ec5b33f54e0e8a33a975908c5ba1c14e5bbbdf,0x71b3be57e127360c92815772f0af2eb7b8c5c921,12000.0,,,,ATA,erc20,"{'value': '0x028a857425466f800000', 'address': '0xa2120b9e674d3fc3875f415a7df52e382f141225', 'decimal': '0x12'}",{'blockTimestamp': '2022-06-14T17:05:51.000Z'}
283,0xe44fa3,0xf531e8741d3d904d0fc71542073655440834d5b684de13d84848a6e0030db066:log:472,0xf531e8741d3d904d0fc71542073655440834d5b684de13d84848a6e0030db066,0x0d0707963952f2fba59dd06f2b425ace40b492fe,0xf05e2a70346560d3228c7002194bb7c5dc8fe100,186070.99999999997,,,,ATA,erc20,"{'value': '0x2766eddaed972cfc0000', 'address': '0xa2120b9e674d3fc3875f415a7df52e382f141225', 'decimal': '0x12'}",{'blockTimestamp': '2022-06-14T16:12:06.000Z'}
284,0xe44f90,0xbabb544157aed0c236b8a5fd588b399a02f9239666819fe36a3ea27229317da9:log:206,0xbabb544157aed0c236b8a5fd588b399a02f9239666819fe36a3ea27229317da9,0xdfd5293d8e347dfe59e90efd55b2956a1343963d,0xf431666bdc13d00bc0d2661ef756755f0c7086dd,15834.0,,,,ATA,erc20,"{'value': '0x035a5ce463df5f280000', 'address': '0xa2120b9e674d3fc3875f415a7df52e382f141225', 'decimal': '0x12'}",{'blockTimestamp': '2022-06-14T16:06:42.000Z'}
285,0xe44f87,0x93a60cf83ee889a9421f631348bf3d04a86961a8ac97146e3293bd4d043e3811:log:317,0x93a60cf83ee889a9421f631348bf3d04a86961a8ac97146e3293bd4d043e3811,0x4654ad91a81168339a362388e1b550bfc342ec85,0xb5d85cbf7cb3ee0d56b3bb207d5fc4b82f43f511,20498.0,,,,ATA,erc20,"{'value': '0x045732e4fcf105080000', 'address': '0xa2120b9e674d3fc3875f415a7df52e382f141225', 'decimal': '0x12'}",{'blockTimestamp': '2022-06-14T16:04:42.000Z'}
286,0xe44f7f,0x208025d1ea7f92793993bc4d86c7ca3e29dd185042f3ace200902e469c264711:log:481,0x208025d1ea7f92793993bc4d86c7ca3e29dd185042f3ace200902e469c264711,0x21a31ee1afc51d94c2efccaa2092ad1028285549,0x20e74b82e9c2b24063c516397cd1fc2eeeb17cc0,43485.88,,,,ATA,erc20,"{'value': '0x09355fd0b5eeefac0000', 'address': '0xa2120b9e674d3fc3875f415a7df52e382f141225', 'decimal': '0x12'}",{'blockTimestamp': '2022-06-14T16:02:47.000Z'}
287,0xe44f62,0x3ad39854d33a67af54c71472ce3c3ffb226e0435844b5b1adc16ba8029f0884f:log:260,0x3ad39854d33a67af54c71472ce3c3ffb226e0435844b5b1adc16ba8029f0884f,0x28c6c06298d514db089934071355e5743bf21d60,0x4654ad91a81168339a362388e1b550bfc342ec85,20498.0,,,,ATA,erc20,"{'value': '0x045732e4fcf105080000', 'address': '0xa2120b9e674d3fc3875f415a7df52e382f141225', 'decimal': '0x12'}",{'blockTimestamp': '2022-06-14T15:55:12.000Z'}
288,0xe44f0e,0x615bb93fd552f93d0a8e3d54d4676540af19e99f5da46a278bd005666d797342:log:225,0x615bb93fd552f93d0a8e3d54d4676540af19e99f5da46a278bd005666d797342,0x6767526a362ec6c6b1df185478e4f01506b73ff3,0x28c6c06298d514db089934071355e5743bf21d60,28035.0,,,,ATA,erc20,"{'value': '0x05efc7c7fc343c2c0000', 'address': '0xa2120b9e674d3fc3875f415a7df52e382f141225', 'decimal': '0x12'}",{'blockTimestamp': '2022-06-14T15:29:42.000Z'}
289,0xe44ec4,0x08fdbda83b145fc04c79491faddf69eeae667200045f801c11603b4d61e7a414:log:423,0x08fdbda83b145fc04c79491faddf69eeae667200045f801c11603b4d61e7a414,0x3c02290922a3618a4646e3bbca65853ea45fe7c6,0x6767526a362ec6c6b1df185478e4f01506b73ff3,28035.0,,,,ATA,erc20,"{'value': '0x05efc7c7fc343c2c0000', 'address': '0xa2120b9e674d3fc3875f415a7df52e382f141225', 'decimal': '0x12'}",{'blockTimestamp': '2022-06-14T15:09:38.000Z'}
290,0xe44eb1,0xf9d20fea01376eac5ac903cc4cd7a4e6e255c3436227d92748dce441844bff01:log:250,0xf9d20fea01376eac5ac903cc4cd7a4e6e255c3436227d92748dce441844bff01,0xcda2fab363ff0ae49fd41cf8d7ca75111937f7cf,0xb5d85cbf7cb3ee0d56b3bb207d5fc4b82f43f511,349961.99999999994,,,,ATA,erc20,"{'value': '0x4a1b7a6075db85e80000', 'address': '0xa2120b9e674d3fc3875f415a7df52e382f141225', 'decimal': '0x12'}",{'blockTimestamp': '2022-06-14T15:04:44.000Z'}
291,0xe44ea9,0xa17f870746ceb0058db7794e40c4c2c1a4cc1d3b7174263c54b646a72f1be354:log:110,0xa17f870746ceb0058db7794e40c4c2c1a4cc1d3b7174263c54b646a72f1be354,0xdfd5293d8e347dfe59e90efd55b2956a1343963d,0x20e74b82e9c2b24063c516397cd1fc2eeeb17cc0,46176.66,,,,ATA,erc20,"{'value': '0x09c73de39f91e5420000', 'address': '0xa2120b9e674d3fc3875f415a7df52e382f141225', 'decimal': '0x12'}",{'blockTimestamp': '2022-06-14T15:02:04.000Z'}
292,0xe44e96,0xcbc2d1196cc732c90b669f633289d53122570b3c7167fa270f7d5a9759a564a8:log:85,0xcbc2d1196cc732c90b669f633289d53122570b3c7167fa270f7d5a9759a564a8,0x0d0707963952f2fba59dd06f2b425ace40b492fe,0xcda2fab363ff0ae49fd41cf8d7ca75111937f7cf,349961.99999999994,,,,ATA,erc20,"{'value': '0x4a1b7a6075db85e80000', 'address': '0xa2120b9e674d3fc3875f415a7df52e382f141225', 'decimal': '0x12'}",{'blockTimestamp': '2022-06-14T14:56:28.000Z'}
293,0xe44e42,0x1b14ed920f4949bf3c8cfd9ff631127b0daceb08292f2210fcd6b15415e2a9f8:log:290,0x1b14ed920f4949bf3c8cfd9ff631127b0daceb08292f2210fcd6b15415e2a9f8,0xe5fe54823175cc838ac0b8d23355293654dcbc5f,0x0d0707963952f2fba59dd06f2b425ace40b492fe,19210.0,,,,ATA,erc20,"{'value': '0x0411604dc50ed5e80000', 'address': '0xa2120b9e674d3fc3875f415a7df52e382f141225', 'decimal': '0x12'}",{'blockTimestamp': '2022-06-14T14:35:44.000Z'}
294,0xe44e42,0x7996f1dfa6d587a30a7eaa865d4763edb72a05a3c0abfc3b3ee04b8a97d94a74:log:289,0x7996f1dfa6d587a30a7eaa865d4763edb72a05a3c0abfc3b3ee04b8a97d94a74,0x13307b8854a95946b54a904100afd0767a7a577b,0x0d0707963952f2fba59dd06f2b425ace40b492fe,13206.289329947485,,,,ATA,erc20,"{'value': '0x02cbea14bfaae7667ff3', 'address': '0xa2120b9e674d3fc3875f415a7df52e382f141225', 'decimal': '0x12'}",{'blockTimestamp': '2022-06-14T14:35:44.000Z'}
295,0xe44e42,0x45baf7eaca59370c8a0cb64f6af12a78396c6f825edd85717539fcb7076a693c:log:287,0x45baf7eaca59370c8a0cb64f6af12a78396c6f825edd85717539fcb7076a693c,0xe240471e75cec073002fb710195ec5bc36276726,0x0d0707963952f2fba59dd06f2b425ace40b492fe,28531.924199999998,,,,ATA,erc20,"{'value': '0x060ab7fd63496b568000', 'address': '0xa2120b9e674d3fc3875f415a7df52e382f141225', 'decimal': '0x12'}",{'blockTimestamp': '2022-06-14T14:35:44.000Z'}
296,0xe44e42,0xa386395002db2ee39a020d1a6303fbed06c45e95e4f594297626a176e46b746b:log:286,0xa386395002db2ee39a020d1a6303fbed06c45e95e4f594297626a176e46b746b,0x39a4b545c077940c29d088f8f1437c2e68c6c10f,0x0d0707963952f2fba59dd06f2b425ace40b492fe,44641.07142857143,,,,ATA,erc20,"{'value': '0x0973ff5119c0a7b44924', 'address': '0xa2120b9e674d3fc3875f415a7df52e382f141225', 'decimal': '0x12'}",{'blockTimestamp': '2022-06-14T14:35:44.000Z'}
297,0xe44e42,0xcc4d588a76bbe0a953f21933a9462856fa6aa7ee7333151501a851793cda1405:log:285,0xcc4d588a76bbe0a953f21933a9462856fa6aa7ee7333151501a851793cda1405,0x3bddcec392e54b303a42194fd57846d8df99b93e,0x0d0707963952f2fba59dd06f2b425ace40b492fe,33432.414000000004,,,,ATA,erc20,"{'value': '0x07145ff2887aa4630000', 'address': '0xa2120b9e674d3fc3875f415a7df52e382f141225', 'decimal': '0x12'}",{'blockTimestamp': '2022-06-14T14:35:44.000Z'}
298,0xe44e42,0x8414bb0447a2c689dd72467399fcfa84470b6e534f2b1a793c1046480080755c:log:281,0x8414bb0447a2c689dd72467399fcfa84470b6e534f2b1a793c1046480080755c,0x565a58eb151473d09c579499ad9b41e4e3bd9c45,0x0d0707963952f2fba59dd06f2b425ace40b492fe,20501.448,,,,ATA,erc20,"{'value': '0x045762bebeac56940000', 'address': '0xa2120b9e674d3fc3875f415a7df52e382f141225', 'decimal': '0x12'}",{'blockTimestamp': '2022-06-14T14:35:44.000Z'}
299,0xe44e42,0x07dce1e480f1eac58eae45e26cad294dc0fb069c8af87949a421e26d89fbca4e:log:277,0x07dce1e480f1eac58eae45e26cad294dc0fb069c8af87949a421e26d89fbca4e,0x478271c960137418c9d90082dddbf68aa72e4367,0x0d0707963952f2fba59dd06f2b425ace40b492fe,679716.0,,,,ATA,erc20,"{'value': '0x8fef7a6ae649a6100000', 'address': '0xa2120b9e674d3fc3875f415a7df52e382f141225', 'decimal': '0x12'}",{'blockTimestamp': '2022-06-14T14:35:44.000Z'}
300,0xe4499d,0x8e9510ac3afaf9ec320d1571e915f038f1c9a8be928b1962d057446d4998715a:log:175,0x8e9510ac3afaf9ec320d1571e915f038f1c9a8be928b1962d057446d4998715a,0x542948eb46f8d3aed80cd379f764e06b1a7ee1d3,0xf3fa2c6b9496ae91759000a7833611a2e3a1529e,399999.99999999994,,,,ATA,erc20,"{'value': '0x54b40b1f852bda000000', 'address': '0xa2120b9e674d3fc3875f415a7df52e382f141225', 'decimal': '0x12'}",{'blockTimestamp': '2022-06-14T09:36:43.000Z'}
301,0xe44928,0x96362389f4825f6fc1e6e1a476596d036b6c386ccbefb4d2439229830ba96b17:log:361,0x96362389f4825f6fc1e6e1a476596d036b6c386ccbefb4d2439229830ba96b17,0x0f5852d319c9bf3f58ac4cb32dca980da426804e,0x28c6c06298d514db089934071355e5743bf21d60,156250.0,,,,ATA,erc20,"{'value': '0x21165458500521280000', 'address': '0xa2120b9e674d3fc3875f415a7df52e382f141225', 'decimal': '0x12'}",{'blockTimestamp': '2022-06-14T09:01:53.000Z'}
302,0xe44793,0x334a4a5290a73cef57f78908190c3c4bfc087c5e471cc94b0716719a9dba10b0:log:310,0x334a4a5290a73cef57f78908190c3c4bfc087c5e471cc94b0716719a9dba10b0,0x21a31ee1afc51d94c2efccaa2092ad1028285549,0x4404cd56077b7b17847c6171740f5e1995733885,693.243,,,,ATA,erc20,"{'value': '0x2594ade38a8a1f8000', 'address': '0xa2120b9e674d3fc3875f415a7df52e382f141225', 'decimal': '0x12'}",{'blockTimestamp': '2022-06-14T07:18:58.000Z'}
303,0xe4464a,0xf3f80048b83fe47d8bcff5c5c8ed0897bc444fe0583ca73da8c5ff26ed012d1c:log:525,0xf3f80048b83fe47d8bcff5c5c8ed0897bc444fe0583ca73da8c5ff26ed012d1c,0x29c5f497bc32d322fe0ac6ac24b00577fd23b2d0,0xa2120b9e674d3fc3875f415a7df52e382f141225,476171.4285714286,,,,ATA,erc20,"{'value': '0x64d54e0bbd5c522db6dd', 'address': '0xa2120b9e674d3fc3875f415a7df52e382f141225', 'decimal': '0x12'}",{'blockTimestamp': '2022-06-14T05:56:44.000Z'}
304,0xe44648,0xb89156332d3a6fa511fe40c60be843c58c71568898a539229a148c0e4e871aa8:log:138,0xb89156332d3a6fa511fe40c60be843c58c71568898a539229a148c0e4e871aa8,0x29c5f497bc32d322fe0ac6ac24b00577fd23b2d0,0xa2120b9e674d3fc3875f415a7df52e382f141225,119042.85714285714,,,,ATA,erc20,"{'value': '0x19355382ef57148b6db6', 'address': '0xa2120b9e674d3fc3875f415a7df52e382f141225', 'decimal': '0x12'}",{'blockTimestamp': '2022-06-14T05:56:17.000Z'}
305,0xe44631,0xb57732e603750376a0b4735decab327d90a5e3aab4815bb7307c8c6b87d8374b:log:341,0xb57732e603750376a0b4735decab327d90a5e3aab4815bb7307c8c6b87d8374b,0xb638c9ed38621892c52611fac202aca483482c0d,0xb5d85cbf7cb3ee0d56b3bb207d5fc4b82f43f511,899937.0,,,,ATA,erc20,"{'value': '0xbe91aeb9f56c78e40000', 'address': '0xa2120b9e674d3fc3875f415a7df52e382f141225', 'decimal': '0x12'}",{'blockTimestamp': '2022-06-14T05:48:19.000Z'}
306,0xe445f7,0x4be9035351edcefcad7700cce1c8b228a5de9b08a33152ab14669762d0c708fe:log:137,0x4be9035351edcefcad7700cce1c8b228a5de9b08a33152ab14669762d0c708fe,0xb638c9ed38621892c52611fac202aca483482c0d,0xb5d85cbf7cb3ee0d56b3bb207d5fc4b82f43f511,1937.0,,,,ATA,erc20,"{'value': '0x69014665558ba40000', 'address': '0xa2120b9e674d3fc3875f415a7df52e382f141225', 'decimal': '0x12'}",{'blockTimestamp': '2022-06-14T05:34:56.000Z'}
307,0xe445da,0xe634bd179dd0b93ee58f1adba21bc2842857e41c9c8190cb0fc2585bfc902a70:log:113,0xe634bd179dd0b93ee58f1adba21bc2842857e41c9c8190cb0fc2585bfc902a70,0x28c6c06298d514db089934071355e5743bf21d60,0xb638c9ed38621892c52611fac202aca483482c0d,899937.0,,,,ATA,erc20,"{'value': '0xbe91aeb9f56c78e40000', 'address': '0xa2120b9e674d3fc3875f415a7df52e382f141225', 'decimal': '0x12'}",{'blockTimestamp': '2022-06-14T05:29:31.000Z'}
308,0xe445bf,0xe6c8e0d411a506fd778ce2016b22e8530e2d5b7a8fba9ebfc8c1b31af64f5771:log:346,0xe6c8e0d411a506fd778ce2016b22e8530e2d5b7a8fba9ebfc8c1b31af64f5771,0xdfd5293d8e347dfe59e90efd55b2956a1343963d,0xb638c9ed38621892c52611fac202aca483482c0d,1937.0,,,,ATA,erc20,"{'value': '0x69014665558ba40000', 'address': '0xa2120b9e674d3fc3875f415a7df52e382f141225', 'decimal': '0x12'}",{'blockTimestamp': '2022-06-14T05:22:26.000Z'}
309,0xe443f3,0xfd8c2e4f81e689f0c5aec702cf4d4382527054ef0a75ff682dc2a962a500d455:log:91,0xfd8c2e4f81e689f0c5aec702cf4d4382527054ef0a75ff682dc2a962a500d455,0xec109dbf919d41d6e31c835c943b1d2b2666f71b,0xb5d85cbf7cb3ee0d56b3bb207d5fc4b82f43f511,99999.99999999999,,,,ATA,erc20,"{'value': '0x152d02c7e14af6800000', 'address': '0xa2120b9e674d3fc3875f415a7df52e382f141225', 'decimal': '0x12'}",{'blockTimestamp': '2022-06-14T03:30:00.000Z'}
310,0xe443cf,0x7c124efc9292fc5203ee09c11044977328d46ab07d3a6de02dc483c001e7795d:log:93,0x7c124efc9292fc5203ee09c11044977328d46ab07d3a6de02dc483c001e7795d,0x21a31ee1afc51d94c2efccaa2092ad1028285549,0xec109dbf919d41d6e31c835c943b1d2b2666f71b,99999.99999999999,,,,ATA,erc20,"{'value': '0x152d02c7e14af6800000', 'address': '0xa2120b9e674d3fc3875f415a7df52e382f141225', 'decimal': '0x12'}",{'blockTimestamp': '2022-06-14T03:19:32.000Z'}
311,0xe43ff0,0x834b4d081c3f6f2e9555d4c6e0348da51ed6f0fe98f852f9c036d0af82df2595:log:302,0x834b4d081c3f6f2e9555d4c6e0348da51ed6f0fe98f852f9c036d0af82df2595,0xcda2fab363ff0ae49fd41cf8d7ca75111937f7cf,0xb5d85cbf7cb3ee0d56b3bb207d5fc4b82f43f511,861.0,,,,ATA,erc20,"{'value': '0x2eacc67a39fb540000', 'address': '0xa2120b9e674d3fc3875f415a7df52e382f141225', 'decimal': '0x12'}",{'blockTimestamp': '2022-06-13T23:06:14.000Z'}
312,0xe43fd8,0xaba57e4fbcc5ddcd10911b7abfbd34971d28ace97d0d325fcb9ee084c112e407:log:302,0xaba57e4fbcc5ddcd10911b7abfbd34971d28ace97d0d325fcb9ee084c112e407,0x74de5d4fcbf63e00296fd95d33236b9794016631,0x9b93b9243d5c39b61a1dc73eb3ccef2ddc2440ee,756.028234701939,,,,ATA,erc20,"{'value': '0x28fbffd9da26b926f8', 'address': '0xa2120b9e674d3fc3875f415a7df52e382f141225', 'decimal': '0x12'}",{'blockTimestamp': '2022-06-13T23:00:19.000Z'}
313,0xe43fd8,0xaba57e4fbcc5ddcd10911b7abfbd34971d28ace97d0d325fcb9ee084c112e407:log:299,0xaba57e4fbcc5ddcd10911b7abfbd34971d28ace97d0d325fcb9ee084c112e407,0x5654d65578cda52791879751141f2f3d7dc27fe4,0x74de5d4fcbf63e00296fd95d33236b9794016631,756.028234701939,,,,ATA,erc20,"{'value': '0x28fbffd9da26b926f8', 'address': '0xa2120b9e674d3fc3875f415a7df52e382f141225', 'decimal': '0x12'}",{'blockTimestamp': '2022-06-13T23:00:19.000Z'}
314,0xe43fd6,0x8bb753ac4aa0e64439f6a5afc9e961ddf4f01cc938d9bc3c56b7a2dd7bd878e0:log:161,0x8bb753ac4aa0e64439f6a5afc9e961ddf4f01cc938d9bc3c56b7a2dd7bd878e0,0x42a93fe4ae13e538c1081018f970f132f0c8f44d,0x28c6c06298d514db089934071355e5743bf21d60,62500.0,,,,ATA,erc20,"{'value': '0x0d3c21bcecceda100000', 'address': '0xa2120b9e674d3fc3875f415a7df52e382f141225', 'decimal': '0x12'}",{'blockTimestamp': '2022-06-13T23:00:00.000Z'}
315,0xe43fd2,0x1326be56f8165637bec6551251761f2ca0680c782169e8201196c85ae58874eb:log:352,0x1326be56f8165637bec6551251761f2ca0680c782169e8201196c85ae58874eb,0x28c6c06298d514db089934071355e5743bf21d60,0xd6b38bea1b891c9064b1167fb68f8478f6829326,100273.0,,,,ATA,erc20,"{'value': '0x153bcf6ab6e078240000', 'address': '0xa2120b9e674d3fc3875f415a7df52e382f141225', 'decimal': '0x12'}",{'blockTimestamp': '2022-06-13T22:59:06.000Z'}
316,0xe43fd1,0x072732c99192b28c7453773dc111e75daf8010e081e72df97acb1b3edaf9f1b0:log:273,0x072732c99192b28c7453773dc111e75daf8010e081e72df97acb1b3edaf9f1b0,0xe0d9ded9532f1d2451e0ea6ca8fff517bdf0500b,0x42a93fe4ae13e538c1081018f970f132f0c8f44d,62500.0,,,,ATA,erc20,"{'value': '0x0d3c21bcecceda100000', 'address': '0xa2120b9e674d3fc3875f415a7df52e382f141225', 'decimal': '0x12'}",{'blockTimestamp': '2022-06-13T22:58:42.000Z'}
317,0xe43fc5,0x11ccbc073c78ff1eb4ac1f99222be14e19dbc187bd614cbd105c3f4c6abe0666:log:43,0x11ccbc073c78ff1eb4ac1f99222be14e19dbc187bd614cbd105c3f4c6abe0666,0xa2120b9e674d3fc3875f415a7df52e382f141225,0xe0d9ded9532f1d2451e0ea6ca8fff517bdf0500b,62500.0,,,,ATA,erc20,"{'value': '0x0d3c21bcecceda100000', 'address': '0xa2120b9e674d3fc3875f415a7df52e382f141225', 'decimal': '0x12'}",{'blockTimestamp': '2022-06-13T22:56:08.000Z'}
318,0xe43fb9,0x58e6823fca7eed00bfbb5946e8b3c83b7a508f6ab0cd6136aa811940450b8651:log:19,0x58e6823fca7eed00bfbb5946e8b3c83b7a508f6ab0cd6136aa811940450b8651,0x0d0707963952f2fba59dd06f2b425ace40b492fe,0xcda2fab363ff0ae49fd41cf8d7ca75111937f7cf,861.0,,,,ATA,erc20,"{'value': '0x2eacc67a39fb540000', 'address': '0xa2120b9e674d3fc3875f415a7df52e382f141225', 'decimal': '0x12'}",{'blockTimestamp': '2022-06-13T22:53:19.000Z'}
319,0xe43c20,0x30e92d18ae0d0af993e8cfa34d6d14d0320bb0c30984891ff94d486678ababe8:log:277,0x30e92d18ae0d0af993e8cfa34d6d14d0320bb0c30984891ff94d486678ababe8,0xed4694593abfcbe2fb058b8ee031bd29ab532324,0xb5d85cbf7cb3ee0d56b3bb207d5fc4b82f43f511,105.0,,,,ATA,erc20,"{'value': '0x05b12aefafa8040000', 'address': '0xa2120b9e674d3fc3875f415a7df52e382f141225', 'decimal': '0x12'}",{'blockTimestamp': '2022-06-13T19:04:50.000Z'}
320,0xe43ad7,0x4d1e8be2e368da1a94ca555f2b020e494607afdc42dedfe89100b17a41caf08f:log:366,0x4d1e8be2e368da1a94ca555f2b020e494607afdc42dedfe89100b17a41caf08f,0xf30d16e0402b198cb175502567f99043ca695ace,0xb5d85cbf7cb3ee0d56b3bb207d5fc4b82f43f511,154.0,,,,ATA,erc20,"{'value': '0x08592de812b2280000', 'address': '0xa2120b9e674d3fc3875f415a7df52e382f141225', 'decimal': '0x12'}",{'blockTimestamp': '2022-06-13T17:45:07.000Z'}
321,0xe439c1,0xbac3669e140ec65760b37dcfc4d62aa149dd1d3257ef131aa6e2b246b9a80ae7:log:182,0xbac3669e140ec65760b37dcfc4d62aa149dd1d3257ef131aa6e2b246b9a80ae7,0x9ea4078d133b35871be1ad2193c29f6a0edb2680,0xb5d85cbf7cb3ee0d56b3bb207d5fc4b82f43f511,488.47900000000004,,,,ATA,erc20,"{'value': '0x1a7b02066d66098000', 'address': '0xa2120b9e674d3fc3875f415a7df52e382f141225', 'decimal': '0x12'}",{'blockTimestamp': '2022-06-13T16:39:51.000Z'}
322,0xe4359f,0x32a01f14305172576ae58feb8d19888a062270c9c17133a57f81f442b19a013c:log:316,0x32a01f14305172576ae58feb8d19888a062270c9c17133a57f81f442b19a013c,0x511dbe9e6b7ede607f47d00a681bd5c7a6d397a1,0x40ec5b33f54e0e8a33a975908c5ba1c14e5bbbdf,25612.29,,,,ATA,erc20,"{'value': '0x056c71ed0745918d0000', 'address': '0xa2120b9e674d3fc3875f415a7df52e382f141225', 'decimal': '0x12'}",{'blockTimestamp': '2022-06-13T12:13:26.000Z'}
323,0xe4358f,0x8463c6143ea2561188282b0ae7c9d16fa4cd42f608e7568557eeed2875965186:log:61,0x8463c6143ea2561188282b0ae7c9d16fa4cd42f608e7568557eeed2875965186,0xdfd5293d8e347dfe59e90efd55b2956a1343963d,0x511dbe9e6b7ede607f47d00a681bd5c7a6d397a1,25612.29,,,,ATA,erc20,"{'value': '0x056c71ed0745918d0000', 'address': '0xa2120b9e674d3fc3875f415a7df52e382f141225', 'decimal': '0x12'}",{'blockTimestamp': '2022-06-13T12:08:55.000Z'}
324,0xe42d0e,0x757abdbf327d678e1fe41546fa172c930bae7c6ff9bf7fa85e78c7387b5f8c8c:log:321,0x757abdbf327d678e1fe41546fa172c930bae7c6ff9bf7fa85e78c7387b5f8c8c,0xb0325dbe7fa891436e83a094f9f12848c78e449b,0x0f5852d319c9bf3f58ac4cb32dca980da426804e,156250.0,,,,ATA,erc20,"{'value': '0x21165458500521280000', 'address': '0xa2120b9e674d3fc3875f415a7df52e382f141225', 'decimal': '0x12'}",{'blockTimestamp': '2022-06-13T03:11:08.000Z'}
325,0xe42d05,0x962389295428994406b1ec7b60377f56afb72d60d921790675031d75249dd289:log:113,0x962389295428994406b1ec7b60377f56afb72d60d921790675031d75249dd289,0xb0325dbe7fa891436e83a094f9f12848c78e449b,0x334a1e8f47d5a55108b9df8de5413949858eefe7,156250.0,,,,ATA,erc20,"{'value': '0x21165458500521280000', 'address': '0xa2120b9e674d3fc3875f415a7df52e382f141225', 'decimal': '0x12'}",{'blockTimestamp': '2022-06-13T03:09:02.000Z'}
326,0xe42cc8,0x2fa2625bd760b24321aef42ad1ea3a81c04b7d37ef013af07d19a9b5b7a18f52:log:525,0x2fa2625bd760b24321aef42ad1ea3a81c04b7d37ef013af07d19a9b5b7a18f52,0x21a31ee1afc51d94c2efccaa2092ad1028285549,0x20e74b82e9c2b24063c516397cd1fc2eeeb17cc0,34607.34,,,,ATA,erc20,"{'value': '0x0754115234744efe0000', 'address': '0xa2120b9e674d3fc3875f415a7df52e382f141225', 'decimal': '0x12'}",{'blockTimestamp': '2022-06-13T02:54:29.000Z'}
327,0xe4295c,0x75856d39184c182f958ee7d082836d28bc9c5a081e8fca963f3776b039c4e250:log:418,0x75856d39184c182f958ee7d082836d28bc9c5a081e8fca963f3776b039c4e250,0xe81fdf76de53647e66b11d493bffea5699c417b4,0x738cf6903e6c4e699d1c2dd9ab8b67fcdb3121ea,14880.357142857143,,,,ATA,erc20,"{'value': '0x0326aa705deae2916db7', 'address': '0xa2120b9e674d3fc3875f415a7df52e382f141225', 'decimal': '0x12'}",{'blockTimestamp': '2022-06-12T23:16:20.000Z'}
328,0xe427de,0xc0e24214d271fd478131e90a2feb46aa25a0811002dbff1b4db6e28f1d485769:log:277,0xc0e24214d271fd478131e90a2feb46aa25a0811002dbff1b4db6e28f1d485769,0x46494ef7b2d64fe15de493477ea5c73eede4a82f,0xe81fdf76de53647e66b11d493bffea5699c417b4,14880.357142857143,,,,ATA,erc20,"{'value': '0x0326aa705deae2916db7', 'address': '0xa2120b9e674d3fc3875f415a7df52e382f141225', 'decimal': '0x12'}",{'blockTimestamp': '2022-06-12T21:39:07.000Z'}
329,0xe42563,0xc17e165076695adfe727329509b1eff9b6896d4a092cb3ed9058fcaf429be9d6:log:256,0xc17e165076695adfe727329509b1eff9b6896d4a092cb3ed9058fcaf429be9d6,0xaad60b6615b9eb13a9b0212af7b298f26dd74e7f,0x28c6c06298d514db089934071355e5743bf21d60,16763.0,,,,ATA,erc20,"{'value': '0x038cb95b65d1d10c0000', 'address': '0xa2120b9e674d3fc3875f415a7df52e382f141225', 'decimal': '0x12'}",{'blockTimestamp': '2022-06-12T18:59:54.000Z'}
330,0xe424f1,0x9275feab5bf550ad748e93239d4a6dccf7fa914a1b34dcc575f98cbd9b8e7152:log:323,0x9275feab5bf550ad748e93239d4a6dccf7fa914a1b34dcc575f98cbd9b8e7152,0x3c02290922a3618a4646e3bbca65853ea45fe7c6,0xaad60b6615b9eb13a9b0212af7b298f26dd74e7f,16763.0,,,,ATA,erc20,"{'value': '0x038cb95b65d1d10c0000', 'address': '0xa2120b9e674d3fc3875f415a7df52e382f141225', 'decimal': '0x12'}",{'blockTimestamp': '2022-06-12T18:33:45.000Z'}
331,0xe42369,0xf7001f37ad2655ecb4a145b41dc204d6201f0882c916f7ecf0a898556dacf9e1:log:141,0xf7001f37ad2655ecb4a145b41dc204d6201f0882c916f7ecf0a898556dacf9e1,0xa2120b9e674d3fc3875f415a7df52e382f141225,0x46494ef7b2d64fe15de493477ea5c73eede4a82f,14880.357142857143,,,,ATA,erc20,"{'value': '0x0326aa705deae2916db7', 'address': '0xa2120b9e674d3fc3875f415a7df52e382f141225', 'decimal': '0x12'}",{'blockTimestamp': '2022-06-12T17:02:04.000Z'}
332,0xe4219b,0x6a59a51941dfee8e70e925e6e9c6fe20107b4f3b15f9a783d7926f3f6898eee8:log:227,0x6a59a51941dfee8e70e925e6e9c6fe20107b4f3b15f9a783d7926f3f6898eee8,0x28c6c06298d514db089934071355e5743bf21d60,0xfaca60afe067b270af205d0b41435aa6bdcfab54,169.0,,,,ATA,erc20,"{'value': '0x0929589c9981040000', 'address': '0xa2120b9e674d3fc3875f415a7df52e382f141225', 'decimal': '0x12'}",{'blockTimestamp': '2022-06-12T15:08:45.000Z'}
333,0xe41836,0xbed2d971167273b716198bffde42bb8b3826ac725b047f6e8cc6f2a468064dd7:log:524,0xbed2d971167273b716198bffde42bb8b3826ac725b047f6e8cc6f2a468064dd7,0xfab7a79b2cf57473489c88618fc0e5754625e86f,0x738cf6903e6c4e699d1c2dd9ab8b67fcdb3121ea,14880.357142857143,,,,ATA,erc20,"{'value': '0x0326aa705deae2916db7', 'address': '0xa2120b9e674d3fc3875f415a7df52e382f141225', 'decimal': '0x12'}",{'blockTimestamp': '2022-06-12T05:16:16.000Z'}
334,0xe415d0,0x40166d36c772c1304f96d4e3cd4c5b5105f856ab8e5f12ba1aa99a12af04c2fa:log:250,0x40166d36c772c1304f96d4e3cd4c5b5105f856ab8e5f12ba1aa99a12af04c2fa,0x511dbe9e6b7ede607f47d00a681bd5c7a6d397a1,0x40ec5b33f54e0e8a33a975908c5ba1c14e5bbbdf,10616.54984021,,,,ATA,erc20,"{'value': '0x023f8639d6c77b26b400', 'address': '0xa2120b9e674d3fc3875f415a7df52e382f141225', 'decimal': '0x12'}",{'blockTimestamp': '2022-06-12T02:53:46.000Z'}
335,0xe415bc,0x12feb1f0d7e7cb92c7cb5bf596c81752d99e5216a63bd7158713ad8417960a89:log:75,0x12feb1f0d7e7cb92c7cb5bf596c81752d99e5216a63bd7158713ad8417960a89,0xdfd5293d8e347dfe59e90efd55b2956a1343963d,0x511dbe9e6b7ede607f47d00a681bd5c7a6d397a1,10616.54984021,,,,ATA,erc20,"{'value': '0x023f8639d6c77b26b400', 'address': '0xa2120b9e674d3fc3875f415a7df52e382f141225', 'decimal': '0x12'}",{'blockTimestamp': '2022-06-12T02:50:07.000Z'}
336,0xe41567,0xbbd9f63b6483baa56f65a58665f6a8b87eecce4c0a7159408766473ee7b7d000:log:546,0xbbd9f63b6483baa56f65a58665f6a8b87eecce4c0a7159408766473ee7b7d000,0x20f7c7e4b410af0d7309a04792fc22c7b4c7f46e,0xfab7a79b2cf57473489c88618fc0e5754625e86f,14880.357142857143,,,,ATA,erc20,"{'value': '0x0326aa705deae2916db7', 'address': '0xa2120b9e674d3fc3875f415a7df52e382f141225', 'decimal': '0x12'}",{'blockTimestamp': '2022-06-12T02:25:13.000Z'}
337,0xe41557,0x4aa988c93853a600fba08040c5a8a584f97628b1f492a95d8e89d00fa99d0936:log:49,0x4aa988c93853a600fba08040c5a8a584f97628b1f492a95d8e89d00fa99d0936,0xa2120b9e674d3fc3875f415a7df52e382f141225,0x20f7c7e4b410af0d7309a04792fc22c7b4c7f46e,14880.357142857143,,,,ATA,erc20,"{'value': '0x0326aa705deae2916db7', 'address': '0xa2120b9e674d3fc3875f415a7df52e382f141225', 'decimal': '0x12'}",{'blockTimestamp': '2022-06-12T02:22:07.000Z'}
338,0xe40600,0xe55af9da5f25a197c13cdba2208c74150444e871c5aaab5356ad75ed5bbb094f:log:158,0xe55af9da5f25a197c13cdba2208c74150444e871c5aaab5356ad75ed5bbb094f,0xa2120b9e674d3fc3875f415a7df52e382f141225,0x542948eb46f8d3aed80cd379f764e06b1a7ee1d3,300000.0,,,,ATA,erc20,"{'value': '0x3f870857a3e0e3800000', 'address': '0xa2120b9e674d3fc3875f415a7df52e382f141225', 'decimal': '0x12'}",{'blockTimestamp': '2022-06-11T10:22:25.000Z'}
339,0xe3f048,0x73f0139b8256c2f22ad5e01fa2d3195def94800c0de3133b0e3b104530d91131:log:418,0x73f0139b8256c2f22ad5e01fa2d3195def94800c0de3133b0e3b104530d91131,0x7967f6465af7f1eb36c9ee4f3d1e7e6e3438b4b3,0x28c6c06298d514db089934071355e5743bf21d60,24760.714285714286,,,,ATA,erc20,"{'value': '0x053e47f056f86c02db6e', 'address': '0xa2120b9e674d3fc3875f415a7df52e382f141225', 'decimal': '0x12'}",{'blockTimestamp': '2022-06-10T11:30:03.000Z'}
340,0xe3ef5c,0x5f34254c1bb2b41461179fafa7f2e713488bc9648042fe122858fba759e4e7fb:log:86,0x5f34254c1bb2b41461179fafa7f2e713488bc9648042fe122858fba759e4e7fb,0x15138d8c618b5f458cf5bb0891c991df0737939d,0x28c6c06298d514db089934071355e5743bf21d60,148803.571429,,,,ATA,erc20,"{'value': '0x1f82a863ab90a2875000', 'address': '0xa2120b9e674d3fc3875f415a7df52e382f141225', 'decimal': '0x12'}",{'blockTimestamp': '2022-06-10T10:30:00.000Z'}
341,0xe3eeee,0x33eca388c320b9bc7d6f316ba283539f74115a1568b7b25b79031554fe188f67:log:91,0x33eca388c320b9bc7d6f316ba283539f74115a1568b7b25b79031554fe188f67,0x5e38feb229039ff40648b3fafd85ebf7bc018989,0x15138d8c618b5f458cf5bb0891c991df0737939d,148802.57142857142,,,,ATA,erc20,"{'value': '0x1f829a82f479324a4924', 'address': '0xa2120b9e674d3fc3875f415a7df52e382f141225', 'decimal': '0x12'}",{'blockTimestamp': '2022-06-10T10:05:43.000Z'}
342,0xe3ee9c,0xe8a1b3b219680577e17d20f1e0043f3d378ab9a248b3558b665b5fba28e2eaff:log:162,0xe8a1b3b219680577e17d20f1e0043f3d378ab9a248b3558b665b5fba28e2eaff,0x5e38feb229039ff40648b3fafd85ebf7bc018989,0x15138d8c618b5f458cf5bb0891c991df0737939d,1.0,,,,ATA,erc20,"{'value': '0x0de0b6b3a7640000', 'address': '0xa2120b9e674d3fc3875f415a7df52e382f141225', 'decimal': '0x12'}",{'blockTimestamp': '2022-06-10T09:46:06.000Z'}
343,0xe3eaa0,0x9cf5970cdb5d3beda70d970c5fe42e42adf05851e29caeb930be12c4d40a1af6:log:312,0x9cf5970cdb5d3beda70d970c5fe42e42adf05851e29caeb930be12c4d40a1af6,0x6767526a362ec6c6b1df185478e4f01506b73ff3,0x28c6c06298d514db089934071355e5743bf21d60,39490.00000000001,,,,ATA,erc20,"{'value': '0x085cc1d72d034fc80000', 'address': '0xa2120b9e674d3fc3875f415a7df52e382f141225', 'decimal': '0x12'}",{'blockTimestamp': '2022-06-10T05:30:02.000Z'}
344,0xe3ea21,0xcdb47be8480c3596b08d4450592a8574ab2bbff3aee73e60f5ada8ffb634f4e2:log:37,0xcdb47be8480c3596b08d4450592a8574ab2bbff3aee73e60f5ada8ffb634f4e2,0x3c02290922a3618a4646e3bbca65853ea45fe7c6,0x6767526a362ec6c6b1df185478e4f01506b73ff3,39490.00000000001,,,,ATA,erc20,"{'value': '0x085cc1d72d034fc80000', 'address': '0xa2120b9e674d3fc3875f415a7df52e382f141225', 'decimal': '0x12'}",{'blockTimestamp': '2022-06-10T04:56:11.000Z'}
345,0xe3dc09,0x53350ab19a524cac956dfec8b397ea3900fe4f0bcdef59003fdba51190399fa0:log:443,0x53350ab19a524cac956dfec8b397ea3900fe4f0bcdef59003fdba51190399fa0,0x0635cf48342199b3ae93630ce651f31e37320c6a,0x738cf6903e6c4e699d1c2dd9ab8b67fcdb3121ea,981.2743999666111,,,,ATA,erc20,"{'value': '0x3531eafbc14a705b61', 'address': '0xa2120b9e674d3fc3875f415a7df52e382f141225', 'decimal': '0x12'}",{'blockTimestamp': '2022-06-09T14:06:22.000Z'}
346,0xe3db9f,0x66113931736fe4855e114aeb5583b9299e10049e46981ad7513ae5c3dedc820a:log:150,0x66113931736fe4855e114aeb5583b9299e10049e46981ad7513ae5c3dedc820a,0x48a337bf30bd29b9a4b7dea7b0a1ca4ae261b6b7,0x7967f6465af7f1eb36c9ee4f3d1e7e6e3438b4b3,24760.714285714286,,,,ATA,erc20,"{'value': '0x053e47f056f86c02db6e', 'address': '0xa2120b9e674d3fc3875f415a7df52e382f141225', 'decimal': '0x12'}",{'blockTimestamp': '2022-06-09T13:42:01.000Z'}
347,0xe3da93,0xecb181c8eaa06ea60355f698d40e0b447b2e7f236ca57306df18f9c075ef4a84:log:148,0xecb181c8eaa06ea60355f698d40e0b447b2e7f236ca57306df18f9c075ef4a84,0xe7521950426479d525381940604d27aec12fe97a,0x2150b9c1ac1ab6ef3a05ef89e042feec63a44085,11904.0,,,,ATA,erc20,"{'value': '0x0285512fa1e7aa000000', 'address': '0xa2120b9e674d3fc3875f415a7df52e382f141225', 'decimal': '0x12'}",{'blockTimestamp': '2022-06-09T12:35:35.000Z'}
348,0xe3da8f,0x3f021efed3c617b80b4edaad5cf320fda37324654d48939fe8dea17dfe1edeec:log:334,0x3f021efed3c617b80b4edaad5cf320fda37324654d48939fe8dea17dfe1edeec,0xe7521950426479d525381940604d27aec12fe97a,0x9c1bfed641691f4c377129a519acd82e72c52a3e,5952.0,,,,ATA,erc20,"{'value': '0x0142a897d0f3d5000000', 'address': '0xa2120b9e674d3fc3875f415a7df52e382f141225', 'decimal': '0x12'}",{'blockTimestamp': '2022-06-09T12:34:42.000Z'}
349,0xe3da8c,0x952f0599d93d8fc44d14a6b73b1917f1f315e9069bf937575267da1b3085cd2f:log:151,0x952f0599d93d8fc44d14a6b73b1917f1f315e9069bf937575267da1b3085cd2f,0xe7521950426479d525381940604d27aec12fe97a,0x59ecfba57f3adbd08cab3bb632abd21983b907ba,5952.0,,,,ATA,erc20,"{'value': '0x0142a897d0f3d5000000', 'address': '0xa2120b9e674d3fc3875f415a7df52e382f141225', 'decimal': '0x12'}",{'blockTimestamp': '2022-06-09T12:34:19.000Z'}
350,0xe3da87,0x4d10ad5c2aa4f2dcabb63228bc14a1155b4995acbf6823a1baa9873bd722ed52:log:178,0x4d10ad5c2aa4f2dcabb63228bc14a1155b4995acbf6823a1baa9873bd722ed52,0xe7521950426479d525381940604d27aec12fe97a,0xeeff483b297016938400575043752a2d10d7579a,5952.0,,,,ATA,erc20,"{'value': '0x0142a897d0f3d5000000', 'address': '0xa2120b9e674d3fc3875f415a7df52e382f141225', 'decimal': '0x12'}",{'blockTimestamp': '2022-06-09T12:33:37.000Z'}
351,0xe3d50a,0xd65f4ca151b02b66085cdb06c7d28c0ffe023e0b38208245266d0ed3bbe3cb16:log:85,0xd65f4ca151b02b66085cdb06c7d28c0ffe023e0b38208245266d0ed3bbe3cb16,0x20e74b82e9c2b24063c516397cd1fc2eeeb17cc0,0x3c02290922a3618a4646e3bbca65853ea45fe7c6,21782.760000000002,,,,ATA,erc20,"{'value': '0x049cd88569fdc3e40000', 'address': '0xa2120b9e674d3fc3875f415a7df52e382f141225', 'decimal': '0x12'}",{'blockTimestamp': '2022-06-09T06:51:31.000Z'}
352,0xe3d509,0xbf0eefe13e02d40f5658d7141852b10690601f39477a35df8e2b1f0de46586b0:log:28,0xbf0eefe13e02d40f5658d7141852b10690601f39477a35df8e2b1f0de46586b0,0xf431666bdc13d00bc0d2661ef756755f0c7086dd,0x3c02290922a3618a4646e3bbca65853ea45fe7c6,46205.99999999999,,,,ATA,erc20,"{'value': '0x09c8d5103e1eb3380000', 'address': '0xa2120b9e674d3fc3875f415a7df52e382f141225', 'decimal': '0x12'}",{'blockTimestamp': '2022-06-09T06:51:28.000Z'}
353,0xe3d38b,0xb007b362a83a4dac0b93c6364282671a1a9768a29ecc2a99c0d3f22a0b28116a:log:230,0xb007b362a83a4dac0b93c6364282671a1a9768a29ecc2a99c0d3f22a0b28116a,0x8fec576a3d9ccb4768557a7113a6e70ec0493076,0x738cf6903e6c4e699d1c2dd9ab8b67fcdb3121ea,1930.4855703100002,,,,ATA,erc20,"{'value': '0x68a6de7e0bc8eebc00', 'address': '0xa2120b9e674d3fc3875f415a7df52e382f141225', 'decimal': '0x12'}",{'blockTimestamp': '2022-06-09T05:09:55.000Z'}
354,0xe3d168,0xe1f3e532b8bbdc91a9cff5c5882feb9174d0416e7f5a26f87261dfeb7e50c861:log:13,0xe1f3e532b8bbdc91a9cff5c5882feb9174d0416e7f5a26f87261dfeb7e50c861,0x21a31ee1afc51d94c2efccaa2092ad1028285549,0x44da72d423dc33b7af38e5a547e995a2b8607b31,2350.583,,,,ATA,erc20,"{'value': '0x7f6ce46093d8058000', 'address': '0xa2120b9e674d3fc3875f415a7df52e382f141225', 'decimal': '0x12'}",{'blockTimestamp': '2022-06-09T02:53:28.000Z'}
355,0xe3d12d,0xf89598102299cd96f1389eb1083835cbb6ed0e8155c43ebf076eb5ddc17fd1ba:log:216,0xf89598102299cd96f1389eb1083835cbb6ed0e8155c43ebf076eb5ddc17fd1ba,0x28c6c06298d514db089934071355e5743bf21d60,0xf431666bdc13d00bc0d2661ef756755f0c7086dd,15480.0,,,,ATA,erc20,"{'value': '0x03472c27bf71e6e00000', 'address': '0xa2120b9e674d3fc3875f415a7df52e382f141225', 'decimal': '0x12'}",{'blockTimestamp': '2022-06-09T02:41:32.000Z'}
356,0xe3d111,0xa42f46d50afafaa3225ed6f732558cc40bfcd57ce2bd06bbd3f57268e3471aca:log:253,0xa42f46d50afafaa3225ed6f732558cc40bfcd57ce2bd06bbd3f57268e3471aca,0xbcf222d1060b5850076bf69f1503564cf5144d24,0x28c6c06298d514db089934071355e5743bf21d60,23808.571428571428,,,,ATA,erc20,"{'value': '0x050aaa4d63116a824924', 'address': '0xa2120b9e674d3fc3875f415a7df52e382f141225', 'decimal': '0x12'}",{'blockTimestamp': '2022-06-09T02:32:32.000Z'}
357,0xe3d023,0x297a988543d958c6c9fb65a3737ff53aa10a0a712e923968b7840df8f71bd969:log:375,0x297a988543d958c6c9fb65a3737ff53aa10a0a712e923968b7840df8f71bd969,0xa3acd6d73655bec1d4ba2da407d4056091016dd5,0x8fec576a3d9ccb4768557a7113a6e70ec0493076,1930.4855703100002,,,,ATA,erc20,"{'value': '0x68a6de7e0bc8eebc00', 'address': '0xa2120b9e674d3fc3875f415a7df52e382f141225', 'decimal': '0x12'}",{'blockTimestamp': '2022-06-09T01:34:17.000Z'}
358,0xe3cf57,0x65490f97ac7ff478885d0cfdcbfd16ed7217315181ca34cfe5615024ba913715:log:479,0x65490f97ac7ff478885d0cfdcbfd16ed7217315181ca34cfe5615024ba913715,0xf16e9b0d03470827a95cdfd0cb8a8a3b46969b91,0xa3acd6d73655bec1d4ba2da407d4056091016dd5,1930.4855703100002,,,,ATA,erc20,"{'value': '0x68a6de7e0bc8eebc00', 'address': '0xa2120b9e674d3fc3875f415a7df52e382f141225', 'decimal': '0x12'}",{'blockTimestamp': '2022-06-09T00:44:25.000Z'}
359,0xe3cebc,0xf1ed968368722595d83e8ce4fa0f0394260020ad31ef65bc0c6325448e46b731:log:312,0xf1ed968368722595d83e8ce4fa0f0394260020ad31ef65bc0c6325448e46b731,0xdfd5293d8e347dfe59e90efd55b2956a1343963d,0xf431666bdc13d00bc0d2661ef756755f0c7086dd,15107.999999999998,,,,ATA,erc20,"{'value': '0x0333019e4262a9900000', 'address': '0xa2120b9e674d3fc3875f415a7df52e382f141225', 'decimal': '0x12'}",{'blockTimestamp': '2022-06-09T00:08:50.000Z'}
360,0xe3cc3f,0x56d5bd93aefa39ad212af92019b871eb06323cee7ce006df0ae1e88f8699821f:log:272,0x56d5bd93aefa39ad212af92019b871eb06323cee7ce006df0ae1e88f8699821f,0xbfe90220b68eec78e137589ceb5ddf67715bb4bd,0x28c6c06298d514db089934071355e5743bf21d60,4457.1050000000005,,,,ATA,erc20,"{'value': '0xf19ec1e6bee16e8000', 'address': '0xa2120b9e674d3fc3875f415a7df52e382f141225', 'decimal': '0x12'}",{'blockTimestamp': '2022-06-08T21:30:31.000Z'}
361,0xe3cc3f,0x95f61704280ab63b96c375d4a19e9345f3d28869b6ec52ba5b43fd83ef4fb19a:log:268,0x95f61704280ab63b96c375d4a19e9345f3d28869b6ec52ba5b43fd83ef4fb19a,0x1a8f10c7f36723bd4ad1ceb6cba78a4426a10da4,0x28c6c06298d514db089934071355e5743bf21d60,11749.030840214444,,,,ATA,erc20,"{'value': '0x027cea8e94244b2d2861', 'address': '0xa2120b9e674d3fc3875f415a7df52e382f141225', 'decimal': '0x12'}",{'blockTimestamp': '2022-06-08T21:30:31.000Z'}
362,0xe3cc1a,0xb9f8092c529bbb60189c9d7454647afd8607faf45dfeda60a75429b45618b641:log:106,0xb9f8092c529bbb60189c9d7454647afd8607faf45dfeda60a75429b45618b641,0x21a31ee1afc51d94c2efccaa2092ad1028285549,0x4d414c7f9ef2ae9e9404cf7bbfb60ee76e4328fe,1000.0,,,,ATA,erc20,"{'value': '0x3635c9adc5dea00000', 'address': '0xa2120b9e674d3fc3875f415a7df52e382f141225', 'decimal': '0x12'}",{'blockTimestamp': '2022-06-08T21:22:25.000Z'}
363,0xe3cc15,0xc7ffab2bcd3744ddae4b08d964e811cc9e9d63458c253afe3befce1080539d5b:log:90,0xc7ffab2bcd3744ddae4b08d964e811cc9e9d63458c253afe3befce1080539d5b,0x0d0707963952f2fba59dd06f2b425ace40b492fe,0x15f76a8fdd85a28f42f03e1a3fbb06150bc5674e,3469.735215,,,,ATA,erc20,"{'value': '0xbc183fc298f29df000', 'address': '0xa2120b9e674d3fc3875f415a7df52e382f141225', 'decimal': '0x12'}",{'blockTimestamp': '2022-06-08T21:21:48.000Z'}
364,0xe3cbe1,0xae51b41477ec95c307825bed91e4c316968199c21d83989d890a4509776114b2:log:200,0xae51b41477ec95c307825bed91e4c316968199c21d83989d890a4509776114b2,0x511dbe9e6b7ede607f47d00a681bd5c7a6d397a1,0x1a8f10c7f36723bd4ad1ceb6cba78a4426a10da4,11749.030840214444,,,,ATA,erc20,"{'value': '0x027cea8e94244b2d2861', 'address': '0xa2120b9e674d3fc3875f415a7df52e382f141225', 'decimal': '0x12'}",{'blockTimestamp': '2022-06-08T21:10:01.000Z'}
365,0xe3cbbf,0x1ab919fc561c746a0efb1b01d5d64ba3946e1aae92f4ae6bebef30ed8b1ec158:log:179,0x1ab919fc561c746a0efb1b01d5d64ba3946e1aae92f4ae6bebef30ed8b1ec158,0x40ec5b33f54e0e8a33a975908c5ba1c14e5bbbdf,0x511dbe9e6b7ede607f47d00a681bd5c7a6d397a1,11749.030840214444,,,,ATA,erc20,"{'value': '0x027cea8e94244b2d2861', 'address': '0xa2120b9e674d3fc3875f415a7df52e382f141225', 'decimal': '0x12'}",{'blockTimestamp': '2022-06-08T21:02:25.000Z'}
366,0xe3cbb4,0x7e1ad997d6355861cd47453040a632d557409b0e7da93b496cf0867e72ff64e6:log:241,0x7e1ad997d6355861cd47453040a632d557409b0e7da93b496cf0867e72ff64e6,0x6d9635a2e167d5e9cfe153b86577c7aaa4df8e18,0x28c6c06298d514db089934071355e5743bf21d60,44641.07142857143,,,,ATA,erc20,"{'value': '0x0973ff5119c0a7b44924', 'address': '0xa2120b9e674d3fc3875f415a7df52e382f141225', 'decimal': '0x12'}",{'blockTimestamp': '2022-06-08T21:00:21.000Z'}
367,0xe3cb7c,0x0e847261efc6502d6cbab570ed42b53eb3cb36ee3af141e07d34bc6ef96357d6:log:400,0x0e847261efc6502d6cbab570ed42b53eb3cb36ee3af141e07d34bc6ef96357d6,0x8fbef0d5e0d37a9e3fa43bfa03c69f73c90ec17e,0x6d9635a2e167d5e9cfe153b86577c7aaa4df8e18,44641.07142857143,,,,ATA,erc20,"{'value': '0x0973ff5119c0a7b44924', 'address': '0xa2120b9e674d3fc3875f415a7df52e382f141225', 'decimal': '0x12'}",{'blockTimestamp': '2022-06-08T20:47:43.000Z'}
368,0xe3cb75,0x66b4b33b1b2a9774c32643e9b21f3f11f46f70a7e5280b4af5b6f05de7b8e2b6:log:252,0x66b4b33b1b2a9774c32643e9b21f3f11f46f70a7e5280b4af5b6f05de7b8e2b6,0x28c6c06298d514db089934071355e5743bf21d60,0xf431666bdc13d00bc0d2661ef756755f0c7086dd,15618.0,,,,ATA,erc20,"{'value': '0x034ea74a3c4a22c80000', 'address': '0xa2120b9e674d3fc3875f415a7df52e382f141225', 'decimal': '0x12'}",{'blockTimestamp': '2022-06-08T20:45:31.000Z'}
369,0xe3cb6f,0x625c4cd7858394886a693f12a90f7c9b14328dc0dfb076018e6d02f3120752fa:log:47,0x625c4cd7858394886a693f12a90f7c9b14328dc0dfb076018e6d02f3120752fa,0xa2120b9e674d3fc3875f415a7df52e382f141225,0x8fbef0d5e0d37a9e3fa43bfa03c69f73c90ec17e,44641.07142857143,,,,ATA,erc20,"{'value': '0x0973ff5119c0a7b44924', 'address': '0xa2120b9e674d3fc3875f415a7df52e382f141225', 'decimal': '0x12'}",{'blockTimestamp': '2022-06-08T20:44:41.000Z'}
370,0xe3cb2f,0x17a97d881663b9e9d54fcd47fc9391ee8406d03371bc37b4f4a0266afae9364b:log:135,0x17a97d881663b9e9d54fcd47fc9391ee8406d03371bc37b4f4a0266afae9364b,0x77fe0c9722174eb561b03d2cf8ea1f262ae0c277,0xbfe90220b68eec78e137589ceb5ddf67715bb4bd,4457.1050000000005,,,,ATA,erc20,"{'value': '0xf19ec1e6bee16e8000', 'address': '0xa2120b9e674d3fc3875f415a7df52e382f141225', 'decimal': '0x12'}",{'blockTimestamp': '2022-06-08T20:31:30.000Z'}
371,0xe3cb1e,0x0987b28c2f5601d7b197187b1a14584400c6690acb829fa2d6f9a6fd10ab13c5:log:278,0x0987b28c2f5601d7b197187b1a14584400c6690acb829fa2d6f9a6fd10ab13c5,0x3c02290922a3618a4646e3bbca65853ea45fe7c6,0xd8259173fb6ae1fb2462213bc1fe951c41a35a59,2456.0,,,,ATA,erc20,"{'value': '0x8523d8cb8de7600000', 'address': '0xa2120b9e674d3fc3875f415a7df52e382f141225', 'decimal': '0x12'}",{'blockTimestamp': '2022-06-08T20:25:53.000Z'}
372,0xe3cb09,0x06eec0e6e1259c1624581901829780f4c092d2325dba3611c73589975bd07295:log:121,0x06eec0e6e1259c1624581901829780f4c092d2325dba3611c73589975bd07295,0xdfd5293d8e347dfe59e90efd55b2956a1343963d,0x478271c960137418c9d90082dddbf68aa72e4367,182378.0,,,,ATA,erc20,"{'value': '0x269ebb2f4ff16f680000', 'address': '0xa2120b9e674d3fc3875f415a7df52e382f141225', 'decimal': '0x12'}",{'blockTimestamp': '2022-06-08T20:20:57.000Z'}
373,0xe3c5ef,0xfe59e02ed8c01760bb4b56ef4994584a9fbc1667aad317feaa4d2c789139ffa2:log:47,0xfe59e02ed8c01760bb4b56ef4994584a9fbc1667aad317feaa4d2c789139ffa2,0xa2120b9e674d3fc3875f415a7df52e382f141225,0xe7521950426479d525381940604d27aec12fe97a,29760.714285714286,,,,ATA,erc20,"{'value': '0x064d54e0bbd5c522db6e', 'address': '0xa2120b9e674d3fc3875f415a7df52e382f141225', 'decimal': '0x12'}",{'blockTimestamp': '2022-06-08T15:04:09.000Z'}
374,0xe3c51b,0x9f8f76892dddb2aa52413058aec7e973428b3394236c11e530666db58910c1e7:log:134,0x9f8f76892dddb2aa52413058aec7e973428b3394236c11e530666db58910c1e7,0xffefd149590c41499e2f63f2536d9133c8dc3069,0x738cf6903e6c4e699d1c2dd9ab8b67fcdb3121ea,14880.357142857143,,,,ATA,erc20,"{'value': '0x0326aa705deae2916db7', 'address': '0xa2120b9e674d3fc3875f415a7df52e382f141225', 'decimal': '0x12'}",{'blockTimestamp': '2022-06-08T14:14:06.000Z'}
375,0xe3c3ba,0x36b19683ccf63159900d36e872715195afac91a0b9e11868ec4bddf6dab747b2:log:219,0x36b19683ccf63159900d36e872715195afac91a0b9e11868ec4bddf6dab747b2,0x2165ffc3b1c7ee4a618ecdf3d025625f30112e4e,0xffefd149590c41499e2f63f2536d9133c8dc3069,14880.357142857143,,,,ATA,erc20,"{'value': '0x0326aa705deae2916db7', 'address': '0xa2120b9e674d3fc3875f415a7df52e382f141225', 'decimal': '0x12'}",{'blockTimestamp': '2022-06-08T12:51:11.000Z'}
376,0xe3c3b3,0x78ed0e04663b8432765b5f2e9d8b5e3cca7bcc5b053d84e977e0456d16672676:log:39,0x78ed0e04663b8432765b5f2e9d8b5e3cca7bcc5b053d84e977e0456d16672676,0xa2120b9e674d3fc3875f415a7df52e382f141225,0x2165ffc3b1c7ee4a618ecdf3d025625f30112e4e,14880.357142857143,,,,ATA,erc20,"{'value': '0x0326aa705deae2916db7', 'address': '0xa2120b9e674d3fc3875f415a7df52e382f141225', 'decimal': '0x12'}",{'blockTimestamp': '2022-06-08T12:49:42.000Z'}
377,0xe3c30c,0xd60974bff19c246059ddbd672f92ba91dceb5cef83ccc2dd2ac52da52a380988:log:162,0xd60974bff19c246059ddbd672f92ba91dceb5cef83ccc2dd2ac52da52a380988,0xa2120b9e674d3fc3875f415a7df52e382f141225,0x48a337bf30bd29b9a4b7dea7b0a1ca4ae261b6b7,14880.357142857143,,,,ATA,erc20,"{'value': '0x0326aa705deae2916db7', 'address': '0xa2120b9e674d3fc3875f415a7df52e382f141225', 'decimal': '0x12'}",{'blockTimestamp': '2022-06-08T12:09:43.000Z'}
378,0xe3c29f,0x8269eeb4bd73cf0ff41c282675035b3c9fb0409d9fcf70fef34f19adf1201aa0:log:213,0x8269eeb4bd73cf0ff41c282675035b3c9fb0409d9fcf70fef34f19adf1201aa0,0x21a31ee1afc51d94c2efccaa2092ad1028285549,0x20e74b82e9c2b24063c516397cd1fc2eeeb17cc0,21782.760000000002,,,,ATA,erc20,"{'value': '0x049cd88569fdc3e40000', 'address': '0xa2120b9e674d3fc3875f415a7df52e382f141225', 'decimal': '0x12'}",{'blockTimestamp': '2022-06-08T11:40:49.000Z'}
379,0xe3c1f8,0xe57338fcc406a4529411a9ebd966f44670c0c0e80f1bb652493d52a615cfb3c9:log:170,0xe57338fcc406a4529411a9ebd966f44670c0c0e80f1bb652493d52a615cfb3c9,0x6767526a362ec6c6b1df185478e4f01506b73ff3,0x28c6c06298d514db089934071355e5743bf21d60,37213.0,,,,ATA,erc20,"{'value': '0x07e1521e211373540000', 'address': '0xa2120b9e674d3fc3875f415a7df52e382f141225', 'decimal': '0x12'}",{'blockTimestamp': '2022-06-08T11:00:26.000Z'}
380,0xe3c1d1,0x7cfd36228f72a2ea23da2b412e7304d5e3ac43b5ad419127cef0f93caebf57d8:log:100,0x7cfd36228f72a2ea23da2b412e7304d5e3ac43b5ad419127cef0f93caebf57d8,0x3c02290922a3618a4646e3bbca65853ea45fe7c6,0x6767526a362ec6c6b1df185478e4f01506b73ff3,37213.0,,,,ATA,erc20,"{'value': '0x07e1521e211373540000', 'address': '0xa2120b9e674d3fc3875f415a7df52e382f141225', 'decimal': '0x12'}",{'blockTimestamp': '2022-06-08T10:50:55.000Z'}
381,0xe3c171,0x565befbb0c72250d0260f16d60a87c529a2a456414bc16089a37dd259592eb19:log:182,0x565befbb0c72250d0260f16d60a87c529a2a456414bc16089a37dd259592eb19,0xa2120b9e674d3fc3875f415a7df52e382f141225,0x5e38feb229039ff40648b3fafd85ebf7bc018989,148803.57142857142,,,,ATA,erc20,"{'value': '0x1f82a863ab2cd9ae4924', 'address': '0xa2120b9e674d3fc3875f415a7df52e382f141225', 'decimal': '0x12'}",{'blockTimestamp': '2022-06-08T10:26:20.000Z'}
382,0xe3c0bb,0xd68e6d4891c24e741adbbf368b666ba3ffe86245c795dba47ed74cc80f67064a:log:199,0xd68e6d4891c24e741adbbf368b666ba3ffe86245c795dba47ed74cc80f67064a,0xa0ff757077b5d796259582b2b9db99c906277007,0xbcf222d1060b5850076bf69f1503564cf5144d24,23808.571428571428,,,,ATA,erc20,"{'value': '0x050aaa4d63116a824924', 'address': '0xa2120b9e674d3fc3875f415a7df52e382f141225', 'decimal': '0x12'}",{'blockTimestamp': '2022-06-08T09:40:34.000Z'}
383,0xe3c0ae,0x2883883836b4026dcf3265201b4c03216e305216607dcbaddd4cd5c4ebeeb122:log:29,0x2883883836b4026dcf3265201b4c03216e305216607dcbaddd4cd5c4ebeeb122,0xa2120b9e674d3fc3875f415a7df52e382f141225,0xa0ff757077b5d796259582b2b9db99c906277007,23808.571428571428,,,,ATA,erc20,"{'value': '0x050aaa4d63116a824924', 'address': '0xa2120b9e674d3fc3875f415a7df52e382f141225', 'decimal': '0x12'}",{'blockTimestamp': '2022-06-08T09:37:46.000Z'}
384,0xe3bed5,0x7fedf1303a7ce1fc98f218ded2607f7bc7560bc966756967a8aae409a0c0b1e7:log:2,0x7fedf1303a7ce1fc98f218ded2607f7bc7560bc966756967a8aae409a0c0b1e7,0x5654d65578cda52791879751141f2f3d7dc27fe4,0x0635cf48342199b3ae93630ce651f31e37320c6a,981.2743999666111,,,,ATA,erc20,"{'value': '0x3531eafbc14a705b61', 'address': '0xa2120b9e674d3fc3875f415a7df52e382f141225', 'decimal': '0x12'}",{'blockTimestamp': '2022-06-08T07:39:32.000Z'}
385,0xe3beaa,0x68dbd4d2ff713b8bec6b303114c9de68352f2d0da2713860809b5cf7b3f64930:log:132,0x68dbd4d2ff713b8bec6b303114c9de68352f2d0da2713860809b5cf7b3f64930,0x69e31c54ad987cfc0b96128c243cb2d21b767e98,0x28c6c06298d514db089934071355e5743bf21d60,184521.428571,,,,ATA,erc20,"{'value': '0x2712ed3b50e5758cb000', 'address': '0xa2120b9e674d3fc3875f415a7df52e382f141225', 'decimal': '0x12'}",{'blockTimestamp': '2022-06-08T07:29:58.000Z'}
386,0xe3be69,0xe03808363a4d98d418da6f13d31a2ab5166753a57fb74e1fcf26220d68ce7675:log:238,0xe03808363a4d98d418da6f13d31a2ab5166753a57fb74e1fcf26220d68ce7675,0x527788ae179be743614496680d38b39d87ee1ce8,0x69e31c54ad987cfc0b96128c243cb2d21b767e98,184521.42857142855,,,,ATA,erc20,"{'value': '0x2712ed3b51493e65b6dc', 'address': '0xa2120b9e674d3fc3875f415a7df52e382f141225', 'decimal': '0x12'}",{'blockTimestamp': '2022-06-08T07:11:25.000Z'}
387,0xe3be5e,0x9c62fae24358f2b192030cc15330efdd7debeefd939bb69ff70fa21fd85256b5:log:146,0x9c62fae24358f2b192030cc15330efdd7debeefd939bb69ff70fa21fd85256b5,0xa2120b9e674d3fc3875f415a7df52e382f141225,0x527788ae179be743614496680d38b39d87ee1ce8,184521.42857142855,,,,ATA,erc20,"{'value': '0x2712ed3b51493e65b6dc', 'address': '0xa2120b9e674d3fc3875f415a7df52e382f141225', 'decimal': '0x12'}",{'blockTimestamp': '2022-06-08T07:09:11.000Z'}
388,0xe3bce5,0x4eab5c2c9ecabed60e377fb77a71f80d4917a4ee3947561735748d77f514df97:log:61,0x4eab5c2c9ecabed60e377fb77a71f80d4917a4ee3947561735748d77f514df97,0x28c6c06298d514db089934071355e5743bf21d60,0xd8f7c8c89efe493740fbe2d5cbc0671112c884fd,199.0,,,,ATA,erc20,"{'value': '0x0ac9ae05a71ebc0000', 'address': '0xa2120b9e674d3fc3875f415a7df52e382f141225', 'decimal': '0x12'}",{'blockTimestamp': '2022-06-08T05:38:49.000Z'}
389,0xe3bc78,0x5ca5f9cbd1c9a2c2638bca8c5de11a1f3f2845e03580e1ef69c052cbcb8e9bcb:log:639,0x5ca5f9cbd1c9a2c2638bca8c5de11a1f3f2845e03580e1ef69c052cbcb8e9bcb,0x4e67665a83bd2e042fa646d222622a21c513cd8f,0x738cf6903e6c4e699d1c2dd9ab8b67fcdb3121ea,1961.6608206500002,,,,ATA,erc20,"{'value': '0x6a57833b0e84822400', 'address': '0xa2120b9e674d3fc3875f415a7df52e382f141225', 'decimal': '0x12'}",{'blockTimestamp': '2022-06-08T05:13:17.000Z'}
390,0xe3bb61,0x9a4dc6e917228048e48cc6c1e60002cbac64e9e38da83d4eb041257d65223d85:log:438,0x9a4dc6e917228048e48cc6c1e60002cbac64e9e38da83d4eb041257d65223d85,0xfe6612ee6b7e881fd5dd84e43f84f3f951dc703a,0x28c6c06298d514db089934071355e5743bf21d60,476171.4285714286,,,,ATA,erc20,"{'value': '0x64d54e0bbd5c522db6dc', 'address': '0xa2120b9e674d3fc3875f415a7df52e382f141225', 'decimal': '0x12'}",{'blockTimestamp': '2022-06-08T04:00:08.000Z'}
391,0xe3ba72,0x5d29c44274cab6f5f5d47a5b0b0d50279e85575530bce392b6eb6b1b5e6d1009:log:281,0x5d29c44274cab6f5f5d47a5b0b0d50279e85575530bce392b6eb6b1b5e6d1009,0xdfd5293d8e347dfe59e90efd55b2956a1343963d,0x478271c960137418c9d90082dddbf68aa72e4367,276809.0,,,,ATA,erc20,"{'value': '0x3a9dd890b70fff840000', 'address': '0xa2120b9e674d3fc3875f415a7df52e382f141225', 'decimal': '0x12'}",{'blockTimestamp': '2022-06-08T03:00:49.000Z'}
392,0xe3b9f9,0x87b279216a6ffad2bca3423cbbf4a6d8811e5962d7d7aff89b6d2c275158f573:log:31,0x87b279216a6ffad2bca3423cbbf4a6d8811e5962d7d7aff89b6d2c275158f573,0xa2120b9e674d3fc3875f415a7df52e382f141225,0xdedea2917faa29bdd6245987d4c0647d246afabd,29760.714285714286,,,,ATA,erc20,"{'value': '0x064d54e0bbd5c522db6e', 'address': '0xa2120b9e674d3fc3875f415a7df52e382f141225', 'decimal': '0x12'}",{'blockTimestamp': '2022-06-08T02:28:59.000Z'}
393,0xe3b8ce,0xf588f20bd48da7229c773230445074111648448c601e5f88fe5c2cab3a98e2b7:log:55,0xf588f20bd48da7229c773230445074111648448c601e5f88fe5c2cab3a98e2b7,0x0d0707963952f2fba59dd06f2b425ace40b492fe,0x4e67665a83bd2e042fa646d222622a21c513cd8f,1961.6608206500002,,,,ATA,erc20,"{'value': '0x6a57833b0e84822400', 'address': '0xa2120b9e674d3fc3875f415a7df52e382f141225', 'decimal': '0x12'}",{'blockTimestamp': '2022-06-08T01:16:07.000Z'}
394,0xe3aeaf,0x81925cc517323ff7eaf2a8e5a865ce30d691863d13915d82d8cfd4244d41deb7:log:109,0x81925cc517323ff7eaf2a8e5a865ce30d691863d13915d82d8cfd4244d41deb7,0x21a31ee1afc51d94c2efccaa2092ad1028285549,0x4600aa4c65f76fd87e3afd24c015776ba3337ba3,216.0,,,,ATA,erc20,"{'value': '0x0bb59a27953c600000', 'address': '0xa2120b9e674d3fc3875f415a7df52e382f141225', 'decimal': '0x12'}",{'blockTimestamp': '2022-06-07T14:40:47.000Z'}
395,0xe3ae15,0x8674b786cd5e58baf01215f5c4021c000740567eaa853dddccef719d371af1e1:log:179,0x8674b786cd5e58baf01215f5c4021c000740567eaa853dddccef719d371af1e1,0x27e5d34338d3a160398d80d1df674befc06c096b,0xfe6612ee6b7e881fd5dd84e43f84f3f951dc703a,476171.4285714286,,,,ATA,erc20,"{'value': '0x64d54e0bbd5c522db6dc', 'address': '0xa2120b9e674d3fc3875f415a7df52e382f141225', 'decimal': '0x12'}",{'blockTimestamp': '2022-06-07T14:09:38.000Z'}
396,0xe3ae0a,0xdb6ce22740940bf4692be581860c114f0757d426f1353991c0c0983f69affa42:log:30,0xdb6ce22740940bf4692be581860c114f0757d426f1353991c0c0983f69affa42,0xa2120b9e674d3fc3875f415a7df52e382f141225,0x27e5d34338d3a160398d80d1df674befc06c096b,476171.4285714286,,,,ATA,erc20,"{'value': '0x64d54e0bbd5c522db6dc', 'address': '0xa2120b9e674d3fc3875f415a7df52e382f141225', 'decimal': '0x12'}",{'blockTimestamp': '2022-06-07T14:07:09.000Z'}
397,0xe3a912,0x4357e60c7d40b32b5d8cd97f1ceda62edf14616b0a5d1d2a96b80cb96a659945:log:544,0x4357e60c7d40b32b5d8cd97f1ceda62edf14616b0a5d1d2a96b80cb96a659945,0x505a2044b18aafb64f1b56c76cf9097e9e940a59,0x28c6c06298d514db089934071355e5743bf21d60,312500.0,,,,ATA,erc20,"{'value': '0x422ca8b0a00a42500000', 'address': '0xa2120b9e674d3fc3875f415a7df52e382f141225', 'decimal': '0x12'}",{'blockTimestamp': '2022-06-07T09:00:11.000Z'}
398,0xe3a57e,0xd9a314c10125fe5c158c06fb62cf1b4901ad514614cef815736e00b709b244c9:log:94,0xd9a314c10125fe5c158c06fb62cf1b4901ad514614cef815736e00b709b244c9,0x28c6c06298d514db089934071355e5743bf21d60,0xf1127d90f1022881c147a78289b8ba32b15d05c4,5000.0,,,,ATA,erc20,"{'value': '0x010f0cf064dd59200000', 'address': '0xa2120b9e674d3fc3875f415a7df52e382f141225', 'decimal': '0x12'}",{'blockTimestamp': '2022-06-07T05:16:48.000Z'}
399,0xe3a3c4,0x879206ff2d2e2a38a8abb3b09d754824de01809649e6a9d9401a25f0a3b12ce3:log:311,0x879206ff2d2e2a38a8abb3b09d754824de01809649e6a9d9401a25f0a3b12ce3,0xdfd5293d8e347dfe59e90efd55b2956a1343963d,0xf1ccf19f71d820db4cd1263516a958d3e6272021,10448.20243,,,,ATA,erc20,"{'value': '0x023665efb122d321e000', 'address': '0xa2120b9e674d3fc3875f415a7df52e382f141225', 'decimal': '0x12'}",{'blockTimestamp': '2022-06-07T03:27:18.000Z'}
400,0xe3a16f,0xa625b89f946f678543f6a8b0939048ba5a823d1ae9d480f447bd95af1ecddd80:log:97,0xa625b89f946f678543f6a8b0939048ba5a823d1ae9d480f447bd95af1ecddd80,0x20e74b82e9c2b24063c516397cd1fc2eeeb17cc0,0x3c02290922a3618a4646e3bbca65853ea45fe7c6,23684.719999999998,,,,ATA,erc20,"{'value': '0x0503f384b8f9add80000', 'address': '0xa2120b9e674d3fc3875f415a7df52e382f141225', 'decimal': '0x12'}",{'blockTimestamp': '2022-06-07T01:10:10.000Z'}
401,0xe3995f,0xfcb6df053af829681dc459c3838dba045e7fe8fab86c23623606a05aa8381cfb:log:90,0xfcb6df053af829681dc459c3838dba045e7fe8fab86c23623606a05aa8381cfb,0x21a31ee1afc51d94c2efccaa2092ad1028285549,0x20e74b82e9c2b24063c516397cd1fc2eeeb17cc0,23684.719999999998,,,,ATA,erc20,"{'value': '0x0503f384b8f9add80000', 'address': '0xa2120b9e674d3fc3875f415a7df52e382f141225', 'decimal': '0x12'}",{'blockTimestamp': '2022-06-06T16:33:17.000Z'}
402,0xe38e6c,0x68fef39abc7f5e0eebd9e8d8bd967e182d374034c922e76d93c174f2f20dddd9:log:167,0x68fef39abc7f5e0eebd9e8d8bd967e182d374034c922e76d93c174f2f20dddd9,0x61f92a958f2116c1ed916a6d29ef55b1da016d55,0x505a2044b18aafb64f1b56c76cf9097e9e940a59,312500.0,,,,ATA,erc20,"{'value': '0x422ca8b0a00a42500000', 'address': '0xa2120b9e674d3fc3875f415a7df52e382f141225', 'decimal': '0x12'}",{'blockTimestamp': '2022-06-06T05:02:13.000Z'}
403,0xe38c56,0x38ca4fe951b2afce856de9a67ad404f1c5449f612fc4ffb8c736d01db58a0839:log:257,0x38ca4fe951b2afce856de9a67ad404f1c5449f612fc4ffb8c736d01db58a0839,0xa2120b9e674d3fc3875f415a7df52e382f141225,0x61f92a958f2116c1ed916a6d29ef55b1da016d55,312500.0,,,,ATA,erc20,"{'value': '0x422ca8b0a00a42500000', 'address': '0xa2120b9e674d3fc3875f415a7df52e382f141225', 'decimal': '0x12'}",{'blockTimestamp': '2022-06-06T02:50:56.000Z'}
404,0xe388e0,0x71eb6c5986e6562d4fe0c62c4cd464100493d10874e25fba4e37be8c1277cb31:log:596,0x71eb6c5986e6562d4fe0c62c4cd464100493d10874e25fba4e37be8c1277cb31,0xa11f36aaa6bc1a9c7edfd021f1b9a81620c660bb,0x738cf6903e6c4e699d1c2dd9ab8b67fcdb3121ea,14880.357142857143,,,,ATA,erc20,"{'value': '0x0326aa705deae2916db7', 'address': '0xa2120b9e674d3fc3875f415a7df52e382f141225', 'decimal': '0x12'}",{'blockTimestamp': '2022-06-05T23:08:28.000Z'}
405,0xe382c2,0xda7d6b9d81ad826096664e2bde7a161009063c67074b3df279762f100eb7ee68:log:105,0xda7d6b9d81ad826096664e2bde7a161009063c67074b3df279762f100eb7ee68,0x4d883824258f7253101f266a23207dcb2dd45768,0xa11f36aaa6bc1a9c7edfd021f1b9a81620c660bb,14880.357142857143,,,,ATA,erc20,"{'value': '0x0326aa705deae2916db7', 'address': '0xa2120b9e674d3fc3875f415a7df52e382f141225', 'decimal': '0x12'}",{'blockTimestamp': '2022-06-05T16:40:58.000Z'}
406,0xe3825f,0x2096109bf341a4c9458697c7c6f42ac7bf8e5eba858acf962c2af9bd003a2131:log:165,0x2096109bf341a4c9458697c7c6f42ac7bf8e5eba858acf962c2af9bd003a2131,0xa2120b9e674d3fc3875f415a7df52e382f141225,0x4d883824258f7253101f266a23207dcb2dd45768,14880.357142857143,,,,ATA,erc20,"{'value': '0x0326aa705deae2916db7', 'address': '0xa2120b9e674d3fc3875f415a7df52e382f141225', 'decimal': '0x12'}",{'blockTimestamp': '2022-06-05T16:14:15.000Z'}
407,0xe37bce,0xa64dcf2c533625ae379f44cc0d181ee6b7e4a9c73149b8ccec9086be442ffc66:log:284,0xa64dcf2c533625ae379f44cc0d181ee6b7e4a9c73149b8ccec9086be442ffc66,0x4ea40d1f42c91bd37825e88d67bc2a27e162dff3,0x28c6c06298d514db089934071355e5743bf21d60,69641.07285714286,,,,ATA,erc20,"{'value': '0x0ebf4008255a99dd9249', 'address': '0xa2120b9e674d3fc3875f415a7df52e382f141225', 'decimal': '0x12'}",{'blockTimestamp': '2022-06-05T09:30:15.000Z'}
408,0xe37bcd,0xf7c9c393a27d7c9def11cab842537c68988db9adef962f30b21519eef333debf:log:109,0xf7c9c393a27d7c9def11cab842537c68988db9adef962f30b21519eef333debf,0x114b906dc423deb365f943ab6df1ffdc9f3e639c,0x28c6c06298d514db089934071355e5743bf21d60,22320.535714285714,,,,ATA,erc20,"{'value': '0x04b9ffa88ce053da2492', 'address': '0xa2120b9e674d3fc3875f415a7df52e382f141225', 'decimal': '0x12'}",{'blockTimestamp': '2022-06-05T09:30:08.000Z'}
409,0xe37bcc,0x49ba2956f9cbc1316fc541ea316e3a20bf2fc813333232d440a033b6100c9f4f:log:48,0x49ba2956f9cbc1316fc541ea316e3a20bf2fc813333232d440a033b6100c9f4f,0x6ac369d393567bd90054f444a99ee90164a56b46,0x28c6c06298d514db089934071355e5743bf21d60,28390.764,,,,ATA,erc20,"{'value': '0x060310ff9d491c3e0000', 'address': '0xa2120b9e674d3fc3875f415a7df52e382f141225', 'decimal': '0x12'}",{'blockTimestamp': '2022-06-05T09:30:04.000Z'}
410,0xe371f7,0x49433d6baee3df51641b7079386053af79bc6ab92932153d31fc1abde69f2db2:log:281,0x49433d6baee3df51641b7079386053af79bc6ab92932153d31fc1abde69f2db2,0x02742aa3d0ca88052cd8f7db2bc7629842e3dff3,0x4ea40d1f42c91bd37825e88d67bc2a27e162dff3,24999.999999999996,,,,ATA,erc20,"{'value': '0x054b40b1f852bda00000', 'address': '0xa2120b9e674d3fc3875f415a7df52e382f141225', 'decimal': '0x12'}",{'blockTimestamp': '2022-06-04T23:26:30.000Z'}
411,0xe3715a,0x3105e38052b7a052ec092e1abb57c9e54a08ac7b5396f0d08eff704cef4043fe:log:393,0x3105e38052b7a052ec092e1abb57c9e54a08ac7b5396f0d08eff704cef4043fe,0x4f4ff77788ed76cc1c855a33a94de82662bc6254,0x4ea40d1f42c91bd37825e88d67bc2a27e162dff3,44641.072857142855,,,,ATA,erc20,"{'value': '0x0973ff562d07dc3d9249', 'address': '0xa2120b9e674d3fc3875f415a7df52e382f141225', 'decimal': '0x12'}",{'blockTimestamp': '2022-06-04T22:49:47.000Z'}
412,0xe37152,0xff92c70de95c875012c5e0ffbc4e95184da0b2a3b095d8182fc2d437eb9df5b6:log:278,0xff92c70de95c875012c5e0ffbc4e95184da0b2a3b095d8182fc2d437eb9df5b6,0xa2120b9e674d3fc3875f415a7df52e382f141225,0x4f4ff77788ed76cc1c855a33a94de82662bc6254,44641.07142857143,,,,ATA,erc20,"{'value': '0x0973ff5119c0a7b44924', 'address': '0xa2120b9e674d3fc3875f415a7df52e382f141225', 'decimal': '0x12'}",{'blockTimestamp': '2022-06-04T22:47:12.000Z'}
413,0xe3670d,0xd1e1e8fb755c972cceb4d68de77236e26ce6307f905ffa2a2b2fa1b17f0a2b26:log:570,0xd1e1e8fb755c972cceb4d68de77236e26ce6307f905ffa2a2b2fa1b17f0a2b26,0xa56680c0a8942e19982c9432b581e3599458fb74,0x6ac369d393567bd90054f444a99ee90164a56b46,28390.764,,,,ATA,erc20,"{'value': '0x060310ff9d491c3e0000', 'address': '0xa2120b9e674d3fc3875f415a7df52e382f141225', 'decimal': '0x12'}",{'blockTimestamp': '2022-06-04T11:41:16.000Z'}
414,0xe366d5,0xecade3ae3440c2c42c8af4cb5bf3dd6072b1497af759ea9fa5b7ed5b7d74d286:log:65,0xecade3ae3440c2c42c8af4cb5bf3dd6072b1497af759ea9fa5b7ed5b7d74d286,0x94b688c6d32eb98dc859a4a1933cf498707f497f,0xd2b1a249b224d552f58b7f95072cab8acee5bcdb,23905.70165028,,,,ATA,erc20,"{'value': '0x050fee41411810d81000', 'address': '0xa2120b9e674d3fc3875f415a7df52e382f141225', 'decimal': '0x12'}",{'blockTimestamp': '2022-06-04T11:27:37.000Z'}
415,0xe36488,0xd4c94000142f9dbb070b710a0c6339eb5442d85a83e9893f33f2cf70e290d726:log:22,0xd4c94000142f9dbb070b710a0c6339eb5442d85a83e9893f33f2cf70e290d726,0xb14025f7eb7717cff43e7a33b66d86eabd6bc7d7,0x114b906dc423deb365f943ab6df1ffdc9f3e639c,22320.535714285714,,,,ATA,erc20,"{'value': '0x04b9ffa88ce053da2492', 'address': '0xa2120b9e674d3fc3875f415a7df52e382f141225', 'decimal': '0x12'}",{'blockTimestamp': '2022-06-04T08:58:14.000Z'}
416,0xe35579,0x4ee37412d5aab7ed25f978edf4581bd100d4312996de3c4adde28b3e861ec92e:log:478,0x4ee37412d5aab7ed25f978edf4581bd100d4312996de3c4adde28b3e861ec92e,0xaf63977a00d25a301c21d4ad076bc10da23f6f63,0xa10645360df68307753ad25be5c7d8f0b828a3b1,3571.714285714286,,,,ATA,erc20,"{'value': '0xc19f7e331a940edb6e', 'address': '0xa2120b9e674d3fc3875f415a7df52e382f141225', 'decimal': '0x12'}",{'blockTimestamp': '2022-06-03T18:05:35.000Z'}
417,0xe351d1,0x209041397f53e0ac06c92d8e3abd088c7c4ff23001764c3ad717ad7ffb0e819d:log:202,0x209041397f53e0ac06c92d8e3abd088c7c4ff23001764c3ad717ad7ffb0e819d,0x01d92b36d30fe614e309aaf20c80c5c3bd380616,0x738cf6903e6c4e699d1c2dd9ab8b67fcdb3121ea,26189.0,,,,ATA,erc20,"{'value': '0x058bb56288bb31140000', 'address': '0xa2120b9e674d3fc3875f415a7df52e382f141225', 'decimal': '0x12'}",{'blockTimestamp': '2022-06-03T14:27:42.000Z'}
418,0xe351a8,0x00d6761f9e467413df4e0178dad08217c52371569373e70292a744e884d7b493:log:121,0x00d6761f9e467413df4e0178dad08217c52371569373e70292a744e884d7b493,0x3a63d865bfc12d75a3fe68b37c000449d8b74e97,0x738cf6903e6c4e699d1c2dd9ab8b67fcdb3121ea,31250.0,,,,ATA,erc20,"{'value': '0x069e10de76676d080000', 'address': '0xa2120b9e674d3fc3875f415a7df52e382f141225', 'decimal': '0x12'}",{'blockTimestamp': '2022-06-03T14:19:07.000Z'}
419,0xe3514b,0x5d594bfcaf616e1dbf4aae158f93602fbe0c03c16cb2dd0caf2a79558672ba5d:log:268,0x5d594bfcaf616e1dbf4aae158f93602fbe0c03c16cb2dd0caf2a79558672ba5d,0xaf63977a00d25a301c21d4ad076bc10da23f6f63,0x01d92b36d30fe614e309aaf20c80c5c3bd380616,26189.0,,,,ATA,erc20,"{'value': '0x058bb56288bb31140000', 'address': '0xa2120b9e674d3fc3875f415a7df52e382f141225', 'decimal': '0x12'}",{'blockTimestamp': '2022-06-03T13:55:02.000Z'}
420,0xe35140,0xe6f55714a7760f656c3a7b92e158c06aa0828403350a7d363cb12231d19bbdb4:log:114,0xe6f55714a7760f656c3a7b92e158c06aa0828403350a7d363cb12231d19bbdb4,0xa2120b9e674d3fc3875f415a7df52e382f141225,0xaf63977a00d25a301c21d4ad076bc10da23f6f63,29760.714285714286,,,,ATA,erc20,"{'value': '0x064d54e0bbd5c522db6e', 'address': '0xa2120b9e674d3fc3875f415a7df52e382f141225', 'decimal': '0x12'}",{'blockTimestamp': '2022-06-03T13:51:46.000Z'}
421,0xe35042,0xac0ea79895ea06f7500d23bba47f075391724a7502e90a8fd23b4972566f16c3:log:423,0xac0ea79895ea06f7500d23bba47f075391724a7502e90a8fd23b4972566f16c3,0x20e74b82e9c2b24063c516397cd1fc2eeeb17cc0,0x3c02290922a3618a4646e3bbca65853ea45fe7c6,21929.1,,,,ATA,erc20,"{'value': '0x04a4c76588a6128e0000', 'address': '0xa2120b9e674d3fc3875f415a7df52e382f141225', 'decimal': '0x12'}",{'blockTimestamp': '2022-06-03T12:50:33.000Z'}
422,0xe35027,0xda0e6a76b94cc4ee50b097ab4eab03e5925fac01ef51bafb79b32e95bdab43ec:log:297,0xda0e6a76b94cc4ee50b097ab4eab03e5925fac01ef51bafb79b32e95bdab43ec,0x28c6c06298d514db089934071355e5743bf21d60,0x20e74b82e9c2b24063c516397cd1fc2eeeb17cc0,21929.1,,,,ATA,erc20,"{'value': '0x04a4c76588a6128e0000', 'address': '0xa2120b9e674d3fc3875f415a7df52e382f141225', 'decimal': '0x12'}",{'blockTimestamp': '2022-06-03T12:45:45.000Z'}
423,0xe34e19,0xbabab27cd3d4dc1b424e0209975c026cc2962a016e5f6a5bc41038c6db2a1e92:log:285,0xbabab27cd3d4dc1b424e0209975c026cc2962a016e5f6a5bc41038c6db2a1e92,0x9f62257406227b87724ea6b049cfab63c42df407,0x3a63d865bfc12d75a3fe68b37c000449d8b74e97,31250.0,,,,ATA,erc20,"{'value': '0x069e10de76676d080000', 'address': '0xa2120b9e674d3fc3875f415a7df52e382f141225', 'decimal': '0x12'}",{'blockTimestamp': '2022-06-03T10:38:53.000Z'}
424,0xe34e0e,0xca02a034c7fb58cb0bfae7ebcc056716ff0a28680ad68b59443acd6f4e7ad60c:log:51,0xca02a034c7fb58cb0bfae7ebcc056716ff0a28680ad68b59443acd6f4e7ad60c,0xa2120b9e674d3fc3875f415a7df52e382f141225,0x9f62257406227b87724ea6b049cfab63c42df407,31250.0,,,,ATA,erc20,"{'value': '0x069e10de76676d080000', 'address': '0xa2120b9e674d3fc3875f415a7df52e382f141225', 'decimal': '0x12'}",{'blockTimestamp': '2022-06-03T10:36:11.000Z'}
425,0xe34d7a,0x893fcda5f7c5eac15d5205d287d81659f46dada4f944f9a8fb17e140c24701ff:log:22,0x893fcda5f7c5eac15d5205d287d81659f46dada4f944f9a8fb17e140c24701ff,0x28c6c06298d514db089934071355e5743bf21d60,0xf977814e90da44bfa03b6295a0616a897441acec,16741581.0,,,,ATA,erc20,"{'value': '0x0dd92aecaf72525b140000', 'address': '0xa2120b9e674d3fc3875f415a7df52e382f141225', 'decimal': '0x12'}",{'blockTimestamp': '2022-06-03T10:01:10.000Z'}
426,0xe34d77,0xb3add67694cbba51e29a3beace3c76c377d8e2995f804ca519081d9b39378dc6:log:449,0xb3add67694cbba51e29a3beace3c76c377d8e2995f804ca519081d9b39378dc6,0xc2d026eb0e2b348bcd623b8362cf2caca829975d,0x28c6c06298d514db089934071355e5743bf21d60,44641.07142857143,,,,ATA,erc20,"{'value': '0x0973ff5119c0a7b44924', 'address': '0xa2120b9e674d3fc3875f415a7df52e382f141225', 'decimal': '0x12'}",{'blockTimestamp': '2022-06-03T10:00:31.000Z'}
427,0xe34d77,0x5060f7c806bcb1a090ddd50001b7f19aa8925997ad12ac5f68ddce5549abc04f:log:401,0x5060f7c806bcb1a090ddd50001b7f19aa8925997ad12ac5f68ddce5549abc04f,0xbf6b41e10144130726b34b242a67523a853fbcfb,0x28c6c06298d514db089934071355e5743bf21d60,595214.2857142857,,,,ATA,erc20,"{'value': '0x7e0aa18eacb366b92492', 'address': '0xa2120b9e674d3fc3875f415a7df52e382f141225', 'decimal': '0x12'}",{'blockTimestamp': '2022-06-03T10:00:31.000Z'}
428,0xe34d77,0xc0fdd8a8aa4cd90d0563540a8669ddca42de4b38ebb795504ec677e584f178a6:log:394,0xc0fdd8a8aa4cd90d0563540a8669ddca42de4b38ebb795504ec677e584f178a6,0x1756fd71985dadb46cd664f443c1b11a32a51092,0x28c6c06298d514db089934071355e5743bf21d60,14700000.0,,,,ATA,erc20,"{'value': '0x0c28d898c65e0b8b800000', 'address': '0xa2120b9e674d3fc3875f415a7df52e382f141225', 'decimal': '0x12'}",{'blockTimestamp': '2022-06-03T10:00:31.000Z'}
429,0xe334d4,0x72138ee2a8f7e49f8a6490c44ccb414c655321ae5997c9a7200dca40725b58cf:log:55,0x72138ee2a8f7e49f8a6490c44ccb414c655321ae5997c9a7200dca40725b58cf,0x46673100af042bf8ad47669241df534eb5426d77,0x28c6c06298d514db089934071355e5743bf21d60,119042.85714285714,,,,ATA,erc20,"{'value': '0x19355382ef57148b6db6', 'address': '0xa2120b9e674d3fc3875f415a7df52e382f141225', 'decimal': '0x12'}",{'blockTimestamp': '2022-06-02T09:30:39.000Z'}
430,0xe333c9,0xf71e03a744c98a84dd2bc03e852df7abac8a0c9a162c302eda65bc60414dcbdb:log:99,0xf71e03a744c98a84dd2bc03e852df7abac8a0c9a162c302eda65bc60414dcbdb,0xa2120b9e674d3fc3875f415a7df52e382f141225,0xb14025f7eb7717cff43e7a33b66d86eabd6bc7d7,22320.535714285714,,,,ATA,erc20,"{'value': '0x04b9ffa88ce053da2492', 'address': '0xa2120b9e674d3fc3875f415a7df52e382f141225', 'decimal': '0x12'}",{'blockTimestamp': '2022-06-02T08:26:28.000Z'}
431,0xe333a5,0x57e1cd2f85480710d1b50a874551906a55250be6e4f23a10a60d9ff425db67bb:log:69,0x57e1cd2f85480710d1b50a874551906a55250be6e4f23a10a60d9ff425db67bb,0xa548cb6546ce34766e7721370ba1d49bc640409d,0xc2d026eb0e2b348bcd623b8362cf2caca829975d,44641.07142857143,,,,ATA,erc20,"{'value': '0x0973ff5119c0a7b44924', 'address': '0xa2120b9e674d3fc3875f415a7df52e382f141225', 'decimal': '0x12'}",{'blockTimestamp': '2022-06-02T08:18:54.000Z'}
432,0xe332fd,0x3b4484d395d5244f0e8777cfb017367739c8cd1e1d6be26fbb2a212bb318aa11:log:19,0x3b4484d395d5244f0e8777cfb017367739c8cd1e1d6be26fbb2a212bb318aa11,0xa2120b9e674d3fc3875f415a7df52e382f141225,0xa548cb6546ce34766e7721370ba1d49bc640409d,44641.07142857143,,,,ATA,erc20,"{'value': '0x0973ff5119c0a7b44924', 'address': '0xa2120b9e674d3fc3875f415a7df52e382f141225', 'decimal': '0x12'}",{'blockTimestamp': '2022-06-02T07:38:10.000Z'}
433,0xe331de,0xb701657ff0071091e8f97bf15d53ed137078c21a56df586666d677edef7aa907:log:247,0xb701657ff0071091e8f97bf15d53ed137078c21a56df586666d677edef7aa907,0xcf30dfed07cb9977cfcc3ee5a5b15b45b1663ab5,0x28c6c06298d514db089934071355e5743bf21d60,633910.7142857142,,,,ATA,erc20,"{'value': '0x863c5e61c7f31b3adb6e', 'address': '0xa2120b9e674d3fc3875f415a7df52e382f141225', 'decimal': '0x12'}",{'blockTimestamp': '2022-06-02T06:30:00.000Z'}
434,0xe331d6,0x3d59d9d6e0a899415bcb83f5767201a01f42067e516c9d669f0b195f639cec95:log:77,0x3d59d9d6e0a899415bcb83f5767201a01f42067e516c9d669f0b195f639cec95,0x61068c3f88a0b6fd9d4cd6a7e604c78290987354,0x1756fd71985dadb46cd664f443c1b11a32a51092,14700000.0,,,,ATA,erc20,"{'value': '0x0c28d898c65e0b8b800000', 'address': '0xa2120b9e674d3fc3875f415a7df52e382f141225', 'decimal': '0x12'}",{'blockTimestamp': '2022-06-02T06:27:49.000Z'}
435,0xe331c3,0xe8f54ce690b6e1f1c8d0ab253ba2540da53647782d3f7ce22b2a6ac46f4326a5:log:867,0xe8f54ce690b6e1f1c8d0ab253ba2540da53647782d3f7ce22b2a6ac46f4326a5,0xa2120b9e674d3fc3875f415a7df52e382f141225,0x61068c3f88a0b6fd9d4cd6a7e604c78290987354,14700000.0,,,,ATA,erc20,"{'value': '0x0c28d898c65e0b8b800000', 'address': '0xa2120b9e674d3fc3875f415a7df52e382f141225', 'decimal': '0x12'}",{'blockTimestamp': '2022-06-02T06:23:47.000Z'}
436,0xe331bb,0x431aa69aed3f35c3a7d713d7ba7080ce581bef283d868667f250dfaed67fbbcc:log:246,0x431aa69aed3f35c3a7d713d7ba7080ce581bef283d868667f250dfaed67fbbcc,0xa2120b9e674d3fc3875f415a7df52e382f141225,0xb0325dbe7fa891436e83a094f9f12848c78e449b,312500.0,,,,ATA,erc20,"{'value': '0x422ca8b0a00a42500000', 'address': '0xa2120b9e674d3fc3875f415a7df52e382f141225', 'decimal': '0x12'}",{'blockTimestamp': '2022-06-02T06:20:46.000Z'}
437,0xe331b8,0xdeb0f568c85fecb4b73e5e935f14b4cd0d2f8a2154d76c15ac0e666911898a11:log:228,0xdeb0f568c85fecb4b73e5e935f14b4cd0d2f8a2154d76c15ac0e666911898a11,0x28c6c06298d514db089934071355e5743bf21d60,0x21a31ee1afc51d94c2efccaa2092ad1028285549,850881.87851418,,,,ATA,erc20,"{'value': '0xb42e6628d73e3b6f2800', 'address': '0xa2120b9e674d3fc3875f415a7df52e382f141225', 'decimal': '0x12'}",{'blockTimestamp': '2022-06-02T06:20:28.000Z'}
438,0xe331a0,0x549a17346d056ea882530b310a7763896a21d8eb7e8703565deb94edca96bee4:log:192,0x549a17346d056ea882530b310a7763896a21d8eb7e8703565deb94edca96bee4,0x02d115a57c075ad4767848b6881ea10a24ac39b2,0xcf30dfed07cb9977cfcc3ee5a5b15b45b1663ab5,633910.7142857142,,,,ATA,erc20,"{'value': '0x863c5e61c7f31b3adb6e', 'address': '0xa2120b9e674d3fc3875f415a7df52e382f141225', 'decimal': '0x12'}",{'blockTimestamp': '2022-06-02T06:15:00.000Z'}
439,0xe3318a,0xf1532c0a68c3cbba729239c171314deb53d089bf5ac0ac164bd0a592eb5a3e34:log:436,0xf1532c0a68c3cbba729239c171314deb53d089bf5ac0ac164bd0a592eb5a3e34,0xa2120b9e674d3fc3875f415a7df52e382f141225,0x8c64cffd734b7981be14a545570c1e96daa69066,7500000.0,,,,ATA,erc20,"{'value': '0x06342fd08f00f637800000', 'address': '0xa2120b9e674d3fc3875f415a7df52e382f141225', 'decimal': '0x12'}",{'blockTimestamp': '2022-06-02T06:09:40.000Z'}
440,0xe3318a,0x9e763c156f4b670b274eb9f5f4bb6dcb3a1a7bdb5b48171ee142df42189988b5:log:315,0x9e763c156f4b670b274eb9f5f4bb6dcb3a1a7bdb5b48171ee142df42189988b5,0xdfd5293d8e347dfe59e90efd55b2956a1343963d,0xffe9be91eeee0a168d9b92abc6cb3aeaf0e76e43,75000.0,,,,ATA,erc20,"{'value': '0x0fe1c215e8f838e00000', 'address': '0xa2120b9e674d3fc3875f415a7df52e382f141225', 'decimal': '0x12'}",{'blockTimestamp': '2022-06-02T06:09:40.000Z'}
441,0xe3318a,0xe35f40337711de95913b5b09592fd1198776643c15e2fd951a940dc6e7d4c977:log:149,0xe35f40337711de95913b5b09592fd1198776643c15e2fd951a940dc6e7d4c977,0xa2120b9e674d3fc3875f415a7df52e382f141225,0x02d115a57c075ad4767848b6881ea10a24ac39b2,633910.7142857142,,,,ATA,erc20,"{'value': '0x863c5e61c7f31b3adb6e', 'address': '0xa2120b9e674d3fc3875f415a7df52e382f141225', 'decimal': '0x12'}",{'blockTimestamp': '2022-06-02T06:09:40.000Z'}
442,0xe3317a,0xd76ae2f72c98bc9e859507a9c0ff0dd1234d6e200ef2d4b02dc45d2a333c0d3a:log:237,0xd76ae2f72c98bc9e859507a9c0ff0dd1234d6e200ef2d4b02dc45d2a333c0d3a,0xd924ea8fe7fce36b448bacca523090bb7976ae07,0xbf6b41e10144130726b34b242a67523a853fbcfb,595214.2857142857,,,,ATA,erc20,"{'value': '0x7e0aa18eacb366b92492', 'address': '0xa2120b9e674d3fc3875f415a7df52e382f141225', 'decimal': '0x12'}",{'blockTimestamp': '2022-06-02T06:04:46.000Z'}
443,0xe33176,0xa2e7c1c17317899fdba5411713a8bee8d90a17b5ac041025191338440aeb201a:log:60,0xa2e7c1c17317899fdba5411713a8bee8d90a17b5ac041025191338440aeb201a,0x21a31ee1afc51d94c2efccaa2092ad1028285549,0x02742aa3d0ca88052cd8f7db2bc7629842e3dff3,24999.999999999996,,,,ATA,erc20,"{'value': '0x054b40b1f852bda00000', 'address': '0xa2120b9e674d3fc3875f415a7df52e382f141225', 'decimal': '0x12'}",{'blockTimestamp': '2022-06-02T06:03:45.000Z'}
444,0xe3316f,0x0c704308e7d555f788b42bcaea5064a9b9e3112b64ae1bf9014c6df7bc21aee2:log:204,0x0c704308e7d555f788b42bcaea5064a9b9e3112b64ae1bf9014c6df7bc21aee2,0x28c6c06298d514db089934071355e5743bf21d60,0x27f904be4e0c76fecbcec4f2ebe8c8ddb7f06b02,24999.999999999996,,,,ATA,erc20,"{'value': '0x054b40b1f852bda00000', 'address': '0xa2120b9e674d3fc3875f415a7df52e382f141225', 'decimal': '0x12'}",{'blockTimestamp': '2022-06-02T06:02:07.000Z'}
445,0xe33166,0xc075f545e1994ad9b9ee4a31515a4905cf649d06ec51540b4be18ac97787d29d:log:79,0xc075f545e1994ad9b9ee4a31515a4905cf649d06ec51540b4be18ac97787d29d,0xa2120b9e674d3fc3875f415a7df52e382f141225,0xd924ea8fe7fce36b448bacca523090bb7976ae07,595214.2857142857,,,,ATA,erc20,"{'value': '0x7e0aa18eacb366b92492', 'address': '0xa2120b9e674d3fc3875f415a7df52e382f141225', 'decimal': '0x12'}",{'blockTimestamp': '2022-06-02T06:00:38.000Z'}
446,0xe32f5d,0xd20f72e57fd6047ce866900cf6226e2210f8ece7ce9b89666079d3ce269c55a0:log:110,0xd20f72e57fd6047ce866900cf6226e2210f8ece7ce9b89666079d3ce269c55a0,0xa2120b9e674d3fc3875f415a7df52e382f141225,0x29c5f497bc32d322fe0ac6ac24b00577fd23b2d0,595214.2857142857,,,,ATA,erc20,"{'value': '0x7e0aa18eacb366b92493', 'address': '0xa2120b9e674d3fc3875f415a7df52e382f141225', 'decimal': '0x12'}",{'blockTimestamp': '2022-06-02T03:55:46.000Z'}
447,0xe32572,0x39357b43ed133b1d35a5868556b9dc3e78946c25170c8bde45142d6fc6a6dbe6:log:88,0x39357b43ed133b1d35a5868556b9dc3e78946c25170c8bde45142d6fc6a6dbe6,0x78eb06f13cc29a3231a9256d21cecb452499c064,0x46673100af042bf8ad47669241df534eb5426d77,119042.85714285714,,,,ATA,erc20,"{'value': '0x19355382ef57148b6db6', 'address': '0xa2120b9e674d3fc3875f415a7df52e382f141225', 'decimal': '0x12'}",{'blockTimestamp': '2022-06-01T18:10:57.000Z'}
448,0xe3255e,0x9af1aa6ef719b7d69de3ec140e4086914edbe9bded920649c06308447ded7452:log:22,0x9af1aa6ef719b7d69de3ec140e4086914edbe9bded920649c06308447ded7452,0xa2120b9e674d3fc3875f415a7df52e382f141225,0x78eb06f13cc29a3231a9256d21cecb452499c064,59521.42857142857,,,,ATA,erc20,"{'value': '0x0c9aa9c177ab8a45b6db', 'address': '0xa2120b9e674d3fc3875f415a7df52e382f141225', 'decimal': '0x12'}",{'blockTimestamp': '2022-06-01T18:07:39.000Z'}
449,0xe30ce5,0xddd5dd8754aea853801a7c1d0cf13bec4b92b6a2950e9dd32bd87c521fb7b5d7:log:146,0xddd5dd8754aea853801a7c1d0cf13bec4b92b6a2950e9dd32bd87c521fb7b5d7,0x91715128a71c9c734cdc20e5edeeea02e72e428e,0x44c3d1b168be54dc31a53dda240ce6aa6108b998,1845214.2857142857,,,,ATA,erc20,"{'value': '0x0186bd44512cdc6ff92492', 'address': '0xa2120b9e674d3fc3875f415a7df52e382f141225', 'decimal': '0x12'}",{'blockTimestamp': '2022-05-31T17:18:22.000Z'}
450,0xe30ccf,0x5b8b036f7ca90ab4cc74f9378645e4f9ddbe0251ff027ef578400fcfd9379750:log:184,0x5b8b036f7ca90ab4cc74f9378645e4f9ddbe0251ff027ef578400fcfd9379750,0xa2120b9e674d3fc3875f415a7df52e382f141225,0x91715128a71c9c734cdc20e5edeeea02e72e428e,1845214.2857142857,,,,ATA,erc20,"{'value': '0x0186bd44512cdc6ff92492', 'address': '0xa2120b9e674d3fc3875f415a7df52e382f141225', 'decimal': '0x12'}",{'blockTimestamp': '2022-05-31T17:14:34.000Z'}
451,0xe30c02,0x7052684ba9ec5015aa32038a66108f8c912037aaf4ae8f12ca6dc4d5e50b54e0:log:98,0x7052684ba9ec5015aa32038a66108f8c912037aaf4ae8f12ca6dc4d5e50b54e0,0x6767526a362ec6c6b1df185478e4f01506b73ff3,0x28c6c06298d514db089934071355e5743bf21d60,37591.0,,,,ATA,erc20,"{'value': '0x07f5cfebe6589cfc0000', 'address': '0xa2120b9e674d3fc3875f415a7df52e382f141225', 'decimal': '0x12'}",{'blockTimestamp': '2022-05-31T16:30:17.000Z'}
452,0xe30be9,0xdc881ae2d6e0b7c7fba4d9c8a866fab57175995debc11246cc2584d9489ee107:log:36,0xdc881ae2d6e0b7c7fba4d9c8a866fab57175995debc11246cc2584d9489ee107,0x3c02290922a3618a4646e3bbca65853ea45fe7c6,0x6767526a362ec6c6b1df185478e4f01506b73ff3,37591.0,,,,ATA,erc20,"{'value': '0x07f5cfebe6589cfc0000', 'address': '0xa2120b9e674d3fc3875f415a7df52e382f141225', 'decimal': '0x12'}",{'blockTimestamp': '2022-05-31T16:23:05.000Z'}
453,0xe30370,0x00add24567d4938272a4d7a4e3e470f6caccb7cb10def2060a70e7ab9ea57170:log:28,0x00add24567d4938272a4d7a4e3e470f6caccb7cb10def2060a70e7ab9ea57170,0x128b9ecb527e923e6bfbd64f89583eafd585d4e3,0x2902d15e4e6ef2ca93e604d5b6ab117d023b4a2b,93.0,,,,ATA,erc20,"{'value': '0x050aa25f43cf540000', 'address': '0xa2120b9e674d3fc3875f415a7df52e382f141225', 'decimal': '0x12'}",{'blockTimestamp': '2022-05-31T07:49:17.000Z'}
454,0xe2e6f4,0x78650b209f076a43ea9fe1d54d9e8a61baca6b4d09d6bbb15d34641dbe1f90f1:log:123,0x78650b209f076a43ea9fe1d54d9e8a61baca6b4d09d6bbb15d34641dbe1f90f1,0xdfd5293d8e347dfe59e90efd55b2956a1343963d,0x86a5699dd09e960285605a4f5c1390973bc0bff4,500.0,,,,ATA,erc20,"{'value': '0x1b1ae4d6e2ef500000', 'address': '0xa2120b9e674d3fc3875f415a7df52e382f141225', 'decimal': '0x12'}",{'blockTimestamp': '2022-05-30T03:20:30.000Z'}
455,0xe2d9e2,0xe9a3b49c5f71b44be0373bedcb2d48dfbe1dc105230fc077e01e2e6828c8ca47:log:60,0xe9a3b49c5f71b44be0373bedcb2d48dfbe1dc105230fc077e01e2e6828c8ca47,0x5654d65578cda52791879751141f2f3d7dc27fe4,0x4bba5f077a8fcfaf8d6d07c6cfbce553e2d94c9c,1311.2838535932658,,,,ATA,erc20,"{'value': '0x4715b8155d0bee6729', 'address': '0xa2120b9e674d3fc3875f415a7df52e382f141225', 'decimal': '0x12'}",{'blockTimestamp': '2022-05-29T14:17:11.000Z'}
456,0xe2d9dc,0x9fbdd0731c5b88e82266d1707bdad23b6eed0bdab9e37f6b57261259c5edd7e6:log:47,0x9fbdd0731c5b88e82266d1707bdad23b6eed0bdab9e37f6b57261259c5edd7e6,0xe66b31678d6c16e9ebf358268a790b763c133750,0x5654d65578cda52791879751141f2f3d7dc27fe4,409.81984966809927,,,,ATA,erc20,"{'value': '0x16376495f45b0b402f', 'address': '0xa2120b9e674d3fc3875f415a7df52e382f141225', 'decimal': '0x12'}",{'blockTimestamp': '2022-05-29T14:15:57.000Z'}
457,0xe2d9dc,0x9fbdd0731c5b88e82266d1707bdad23b6eed0bdab9e37f6b57261259c5edd7e6:log:44,0x9fbdd0731c5b88e82266d1707bdad23b6eed0bdab9e37f6b57261259c5edd7e6,0x01eeb8b289ed1a943930bb95530273a1082c2fdb,0xe66b31678d6c16e9ebf358268a790b763c133750,409.81984966809927,,,,ATA,erc20,"{'value': '0x16376495f45b0b402f', 'address': '0xa2120b9e674d3fc3875f415a7df52e382f141225', 'decimal': '0x12'}",{'blockTimestamp': '2022-05-29T14:15:57.000Z'}
458,0xe2d9dc,0x9fbdd0731c5b88e82266d1707bdad23b6eed0bdab9e37f6b57261259c5edd7e6:log:42,0x9fbdd0731c5b88e82266d1707bdad23b6eed0bdab9e37f6b57261259c5edd7e6,0x01eeb8b289ed1a943930bb95530273a1082c2fdb,0x382ffce2287252f930e1c8dc9328dac5bf282ba1,4.139594441091912,,,,ATA,erc20,"{'value': '0x3972cb362f771029', 'address': '0xa2120b9e674d3fc3875f415a7df52e382f141225', 'decimal': '0x12'}",{'blockTimestamp': '2022-05-29T14:15:57.000Z'}
459,0xe2d151,0x0dccf47fe7dc8ceef0776607a9189afe97334fa4e2d15d9b8e000932a5c94119:log:196,0x0dccf47fe7dc8ceef0776607a9189afe97334fa4e2d15d9b8e000932a5c94119,0x6767526a362ec6c6b1df185478e4f01506b73ff3,0x28c6c06298d514db089934071355e5743bf21d60,39581.99999999999,,,,ATA,erc20,"{'value': '0x0861be98d59377b80000', 'address': '0xa2120b9e674d3fc3875f415a7df52e382f141225', 'decimal': '0x12'}",{'blockTimestamp': '2022-05-29T05:29:53.000Z'}
460,0xe2cfec,0xe90ac93cfcf23870fb60f348e6904d2e2c06352b74bb1a160aaf4fccd5fa3855:log:69,0xe90ac93cfcf23870fb60f348e6904d2e2c06352b74bb1a160aaf4fccd5fa3855,0x3c02290922a3618a4646e3bbca65853ea45fe7c6,0x6767526a362ec6c6b1df185478e4f01506b73ff3,39581.99999999999,,,,ATA,erc20,"{'value': '0x0861be98d59377b80000', 'address': '0xa2120b9e674d3fc3875f415a7df52e382f141225', 'decimal': '0x12'}",{'blockTimestamp': '2022-05-29T04:06:11.000Z'}
461,0xe2bd91,0xeace17a18bc9af7a7182b2555639af0bdaa4b5c9bd82cbe7e62406eba6ee66ee:log:113,0xeace17a18bc9af7a7182b2555639af0bdaa4b5c9bd82cbe7e62406eba6ee66ee,0x721dae46b9a95ca826cda06057accf147b449931,0x738cf6903e6c4e699d1c2dd9ab8b67fcdb3121ea,863.499,,,,ATA,erc20,"{'value': '0x2ecf74b57c79078000', 'address': '0xa2120b9e674d3fc3875f415a7df52e382f141225', 'decimal': '0x12'}",{'blockTimestamp': '2022-05-28T10:06:20.000Z'}
462,0xe2b923,0xc2a27906fa39b69b0fce30bed466c5521a31ab774460d8b9017ed2c902e74099:log:457,0xc2a27906fa39b69b0fce30bed466c5521a31ab774460d8b9017ed2c902e74099,0xb7933981c496db00b78868b60d8719926fd5c150,0x721dae46b9a95ca826cda06057accf147b449931,863.499,,,,ATA,erc20,"{'value': '0x2ecf74b57c79078000', 'address': '0xa2120b9e674d3fc3875f415a7df52e382f141225', 'decimal': '0x12'}",{'blockTimestamp': '2022-05-28T05:45:46.000Z'}
463,0xe2b10e,0x5bae9617ee6517a9e8a3a95a8d1d97a3b5b3c1592c5339eed07319f9bdf53368:log:50,0x5bae9617ee6517a9e8a3a95a8d1d97a3b5b3c1592c5339eed07319f9bdf53368,0x882d04c3d8410ddf2061b3cba2c3522854316feb,0x5654d65578cda52791879751141f2f3d7dc27fe4,959.9340623594592,,,,ATA,erc20,"{'value': '0x3409c2dfc46d3b9fb1', 'address': '0xa2120b9e674d3fc3875f415a7df52e382f141225', 'decimal': '0x12'}",{'blockTimestamp': '2022-05-27T21:32:48.000Z'}
464,0xe2b10e,0x5bae9617ee6517a9e8a3a95a8d1d97a3b5b3c1592c5339eed07319f9bdf53368:log:49,0x5bae9617ee6517a9e8a3a95a8d1d97a3b5b3c1592c5339eed07319f9bdf53368,0x40ec5b33f54e0e8a33a975908c5ba1c14e5bbbdf,0x882d04c3d8410ddf2061b3cba2c3522854316feb,959.9340623594592,,,,ATA,erc20,"{'value': '0x3409c2dfc46d3b9fb1', 'address': '0xa2120b9e674d3fc3875f415a7df52e382f141225', 'decimal': '0x12'}",{'blockTimestamp': '2022-05-27T21:32:48.000Z'}
465,0xe2aaf7,0x0c2b9c1261cd4c05cdd23171331616b455ab879939e221217bea4519db694594:log:293,0x0c2b9c1261cd4c05cdd23171331616b455ab879939e221217bea4519db694594,0x21a31ee1afc51d94c2efccaa2092ad1028285549,0x966f6eb1ee9b1fd497af55f9294a3ec9fa81eb84,9485.407,,,,ATA,erc20,"{'value': '0x0202347732a8eba98000', 'address': '0xa2120b9e674d3fc3875f415a7df52e382f141225', 'decimal': '0x12'}",{'blockTimestamp': '2022-05-27T15:25:32.000Z'}
466,0xe2a761,0x2e4cca9804c1bbb87e705582ed2f040c45d8b2eb99565b9aba18a69a71dd9a9f:log:221,0x2e4cca9804c1bbb87e705582ed2f040c45d8b2eb99565b9aba18a69a71dd9a9f,0x28c6c06298d514db089934071355e5743bf21d60,0xafc40fb7ed3b99310bd7f96d954bf8f44dd0d18d,1968.0,,,,ATA,erc20,"{'value': '0x6aaf7c8516d0c00000', 'address': '0xa2120b9e674d3fc3875f415a7df52e382f141225', 'decimal': '0x12'}",{'blockTimestamp': '2022-05-27T11:45:51.000Z'}
467,0xe2a738,0x4293c358a66be886cfd44ead7993b0adc160b90714a30ba864dcda7664f7f42d:log:220,0x4293c358a66be886cfd44ead7993b0adc160b90714a30ba864dcda7664f7f42d,0xafc40fb7ed3b99310bd7f96d954bf8f44dd0d18d,0x5654d65578cda52791879751141f2f3d7dc27fe4,1500.0,,,,ATA,erc20,"{'value': '0x5150ae84a8cdf00000', 'address': '0xa2120b9e674d3fc3875f415a7df52e382f141225', 'decimal': '0x12'}",{'blockTimestamp': '2022-05-27T11:38:16.000Z'}
468,0xe2a6e6,0x7d028ced3f5d417e2a66b39b12a406e684ad86e99adeb8993e676093dd045bb4:log:167,0x7d028ced3f5d417e2a66b39b12a406e684ad86e99adeb8993e676093dd045bb4,0x5654d65578cda52791879751141f2f3d7dc27fe4,0xa836d5eaf57f2713135a4b6ba0713a5f73a198af,1003.260517839393,,,,ATA,erc20,"{'value': '0x3663095d790f78293f', 'address': '0xa2120b9e674d3fc3875f415a7df52e382f141225', 'decimal': '0x12'}",{'blockTimestamp': '2022-05-27T11:19:13.000Z'}
469,0xe2a6db,0xc616c2379f1a59b660f7cda4dcfb4badf6271b238c70e3b431ef16ac592196a4:log:285,0xc616c2379f1a59b660f7cda4dcfb4badf6271b238c70e3b431ef16ac592196a4,0x5654d65578cda52791879751141f2f3d7dc27fe4,0xa836d5eaf57f2713135a4b6ba0713a5f73a198af,1120.5336639817258,,,,ATA,erc20,"{'value': '0x3cbe87468cb1af3461', 'address': '0xa2120b9e674d3fc3875f415a7df52e382f141225', 'decimal': '0x12'}",{'blockTimestamp': '2022-05-27T11:16:08.000Z'}
470,0xe2a519,0x589c6d780186d55216a8c2279fc34ee2084e0a7add7c412825e3fa3626640417:log:0,0x589c6d780186d55216a8c2279fc34ee2084e0a7add7c412825e3fa3626640417,0x4916d5420de6c649f0ec61a2b0dd5df87658ad05,0x5654d65578cda52791879751141f2f3d7dc27fe4,1552.3480000000002,,,,ATA,erc20,"{'value': '0x542727f94ecc160000', 'address': '0xa2120b9e674d3fc3875f415a7df52e382f141225', 'decimal': '0x12'}",{'blockTimestamp': '2022-05-27T09:37:28.000Z'}
471,0xe2a514,0x06f166a378ebc1bfc15c6dbac792c6e4743e99ae8e4ccc2816a76f4fc544af0c:log:456,0x06f166a378ebc1bfc15c6dbac792c6e4743e99ae8e4ccc2816a76f4fc544af0c,0xdfd5293d8e347dfe59e90efd55b2956a1343963d,0x4916d5420de6c649f0ec61a2b0dd5df87658ad05,1552.3480000000002,,,,ATA,erc20,"{'value': '0x542727f94ecc160000', 'address': '0xa2120b9e674d3fc3875f415a7df52e382f141225', 'decimal': '0x12'}",{'blockTimestamp': '2022-05-27T09:36:37.000Z'}
472,0xe2a4ad,0x17e2277c0375c403be6cf32ceca1e008dd96eb806056fe22480fcffe95154f68:log:474,0x17e2277c0375c403be6cf32ceca1e008dd96eb806056fe22480fcffe95154f68,0xf7babf951b80d3aa0d2ac82a7fcca4d14e6fdce5,0x39a4b545c077940c29d088f8f1437c2e68c6c10f,22320.535714285714,,,,ATA,erc20,"{'value': '0x04b9ffa88ce053da2492', 'address': '0xa2120b9e674d3fc3875f415a7df52e382f141225', 'decimal': '0x12'}",{'blockTimestamp': '2022-05-27T09:13:19.000Z'}
473,0xe29313,0xb444dc0021ee0c36145535c1e30319affde6787cdad284053cb2f910b46d04c0:log:198,0xb444dc0021ee0c36145535c1e30319affde6787cdad284053cb2f910b46d04c0,0x21a31ee1afc51d94c2efccaa2092ad1028285549,0x128b9ecb527e923e6bfbd64f89583eafd585d4e3,93.0,,,,ATA,erc20,"{'value': '0x050aa25f43cf540000', 'address': '0xa2120b9e674d3fc3875f415a7df52e382f141225', 'decimal': '0x12'}",{'blockTimestamp': '2022-05-26T15:40:33.000Z'}
474,0xe28063,0xebd543f972eda2bfbaefa0bae166c104b3525e57116a55a6af096cb81e327d86:log:494,0xebd543f972eda2bfbaefa0bae166c104b3525e57116a55a6af096cb81e327d86,0x20e74b82e9c2b24063c516397cd1fc2eeeb17cc0,0x3c02290922a3618a4646e3bbca65853ea45fe7c6,35190.619999999995,,,,ATA,erc20,"{'value': '0x0773aff50a1abcd60000', 'address': '0xa2120b9e674d3fc3875f415a7df52e382f141225', 'decimal': '0x12'}",{'blockTimestamp': '2022-05-25T20:47:58.000Z'}
475,0xe27dd0,0xf040d00eb8e3981eabb4c0fd733a4421bba4b3f82de4a08d1ead1fc7ebcfc98c:log:46,0xf040d00eb8e3981eabb4c0fd733a4421bba4b3f82de4a08d1ead1fc7ebcfc98c,0x28c6c06298d514db089934071355e5743bf21d60,0x20e74b82e9c2b24063c516397cd1fc2eeeb17cc0,35190.619999999995,,,,ATA,erc20,"{'value': '0x0773aff50a1abcd60000', 'address': '0xa2120b9e674d3fc3875f415a7df52e382f141225', 'decimal': '0x12'}",{'blockTimestamp': '2022-05-25T18:09:19.000Z'}
476,0xe27d47,0xa2acb920794f02c286e72153626353fa21412b9ea274d02a640730509a4be03d:log:389,0xa2acb920794f02c286e72153626353fa21412b9ea274d02a640730509a4be03d,0xdfd5293d8e347dfe59e90efd55b2956a1343963d,0x9b30a672472df0fc28e47af4fa851c080a925755,12070.0,,,,ATA,erc20,"{'value': '0x028e50e61a6634d80000', 'address': '0xa2120b9e674d3fc3875f415a7df52e382f141225', 'decimal': '0x12'}",{'blockTimestamp': '2022-05-25T17:37:48.000Z'}
477,0xe27a13,0x508112d5c04e64c7e6656e15bdebb3b744831e8f3c87433c0a07b61b2996a42f:log:209,0x508112d5c04e64c7e6656e15bdebb3b744831e8f3c87433c0a07b61b2996a42f,0x6767526a362ec6c6b1df185478e4f01506b73ff3,0x28c6c06298d514db089934071355e5743bf21d60,45862.99999999999,,,,ATA,erc20,"{'value': '0x09b63cfb73696c3c0000', 'address': '0xa2120b9e674d3fc3875f415a7df52e382f141225', 'decimal': '0x12'}",{'blockTimestamp': '2022-05-25T14:29:47.000Z'}
478,0xe27987,0x8b193ca780aa6524c4a0c9db02ec9749475ce2485a768cd346481aefa726de23:log:136,0x8b193ca780aa6524c4a0c9db02ec9749475ce2485a768cd346481aefa726de23,0x3c02290922a3618a4646e3bbca65853ea45fe7c6,0x6767526a362ec6c6b1df185478e4f01506b73ff3,45862.99999999999,,,,ATA,erc20,"{'value': '0x09b63cfb73696c3c0000', 'address': '0xa2120b9e674d3fc3875f415a7df52e382f141225', 'decimal': '0x12'}",{'blockTimestamp': '2022-05-25T13:57:31.000Z'}
479,0xe26d48,0x7ade5abe64d517a3d8ae49944ffce66d8be099856e2eb0ec23ff9a7a461dc489:log:234,0x7ade5abe64d517a3d8ae49944ffce66d8be099856e2eb0ec23ff9a7a461dc489,0x20e74b82e9c2b24063c516397cd1fc2eeeb17cc0,0x3c02290922a3618a4646e3bbca65853ea45fe7c6,30868.24,,,,ATA,erc20,"{'value': '0x06895ee27d0e1fe80000', 'address': '0xa2120b9e674d3fc3875f415a7df52e382f141225', 'decimal': '0x12'}",{'blockTimestamp': '2022-05-25T01:51:12.000Z'}
480,0xe26c5e,0x6633319f5cd796954666723b48d69b2cfe8a9d888ddb14a75100c24eb7ef510b:log:104,0x6633319f5cd796954666723b48d69b2cfe8a9d888ddb14a75100c24eb7ef510b,0x21a31ee1afc51d94c2efccaa2092ad1028285549,0x20e74b82e9c2b24063c516397cd1fc2eeeb17cc0,30868.24,,,,ATA,erc20,"{'value': '0x06895ee27d0e1fe80000', 'address': '0xa2120b9e674d3fc3875f415a7df52e382f141225', 'decimal': '0x12'}",{'blockTimestamp': '2022-05-25T00:55:51.000Z'}
481,0xe269d2,0x2ec0134d3f1750b40eb28f860cdc87d73303e1085483c3df4e00875ed397fb71:log:136,0x2ec0134d3f1750b40eb28f860cdc87d73303e1085483c3df4e00875ed397fb71,0x4edf4f3fbb06559fa27d160d0096effb8d4932d0,0xc88fedb89bf6897b0427bfdeae59568028dd4a6a,109.30706961000001,,,,ATA,erc20,"{'value': '0x05ecf0b8ad36f22400', 'address': '0xa2120b9e674d3fc3875f415a7df52e382f141225', 'decimal': '0x12'}",{'blockTimestamp': '2022-05-24T22:11:34.000Z'}
482,0xe2656b,0x362ac36823c93b88c51f528c13990e7f2f17af5b8299cf9a7dc65b75b946435f:log:166,0x362ac36823c93b88c51f528c13990e7f2f17af5b8299cf9a7dc65b75b946435f,0x20e74b82e9c2b24063c516397cd1fc2eeeb17cc0,0x3c02290922a3618a4646e3bbca65853ea45fe7c6,38867.08,,,,ATA,erc20,"{'value': '0x083afd16c56271740000', 'address': '0xa2120b9e674d3fc3875f415a7df52e382f141225', 'decimal': '0x12'}",{'blockTimestamp': '2022-05-24T17:50:58.000Z'}
483,0xe262a6,0xbb5a09afa0b25f1cb9b5a63b4f8fc897462a79d7b2aa5eeee7d25f2a47158eb5:log:113,0xbb5a09afa0b25f1cb9b5a63b4f8fc897462a79d7b2aa5eeee7d25f2a47158eb5,0x28c6c06298d514db089934071355e5743bf21d60,0x20e74b82e9c2b24063c516397cd1fc2eeeb17cc0,38867.08,,,,ATA,erc20,"{'value': '0x083afd16c56271740000', 'address': '0xa2120b9e674d3fc3875f415a7df52e382f141225', 'decimal': '0x12'}",{'blockTimestamp': '2022-05-24T14:53:52.000Z'}
484,0xe26138,0xa6e8efb301b369c88698a50a51619ed9fd00ad3b477bab21dc0a20b0f0c63acd:log:67,0xa6e8efb301b369c88698a50a51619ed9fd00ad3b477bab21dc0a20b0f0c63acd,0x5654d65578cda52791879751141f2f3d7dc27fe4,0x4bba5f077a8fcfaf8d6d07c6cfbce553e2d94c9c,983.1322844833052,,,,ATA,erc20,"{'value': '0x354bb383e125affce4', 'address': '0xa2120b9e674d3fc3875f415a7df52e382f141225', 'decimal': '0x12'}",{'blockTimestamp': '2022-05-24T13:29:30.000Z'}
485,0xe25bed,0x5bc9583791a48254044b18503939fb4759028c982c1941040db9fea195974d30:log:20,0x5bc9583791a48254044b18503939fb4759028c982c1941040db9fea195974d30,0xe66b31678d6c16e9ebf358268a790b763c133750,0x01eeb8b289ed1a943930bb95530273a1082c2fdb,125.89269850415512,,,,ATA,erc20,"{'value': '0x06d31cb6480b844c85', 'address': '0xa2120b9e674d3fc3875f415a7df52e382f141225', 'decimal': '0x12'}",{'blockTimestamp': '2022-05-24T08:13:29.000Z'}
486,0xe25bed,0x5bc9583791a48254044b18503939fb4759028c982c1941040db9fea195974d30:log:17,0x5bc9583791a48254044b18503939fb4759028c982c1941040db9fea195974d30,0x5654d65578cda52791879751141f2f3d7dc27fe4,0xe66b31678d6c16e9ebf358268a790b763c133750,125.89269850415512,,,,ATA,erc20,"{'value': '0x06d31cb6480b844c85', 'address': '0xa2120b9e674d3fc3875f415a7df52e382f141225', 'decimal': '0x12'}",{'blockTimestamp': '2022-05-24T08:13:29.000Z'}
487,0xe25be3,0xb4f61360f5580477d841d8e872c3872becaee38bda6c50f617e00a85484ab15b:log:62,0xb4f61360f5580477d841d8e872c3872becaee38bda6c50f617e00a85484ab15b,0xe66b31678d6c16e9ebf358268a790b763c133750,0x01eeb8b289ed1a943930bb95530273a1082c2fdb,288.06674560503603,,,,ATA,erc20,"{'value': '0x0f9dbaaae27efe03d3', 'address': '0xa2120b9e674d3fc3875f415a7df52e382f141225', 'decimal': '0x12'}",{'blockTimestamp': '2022-05-24T08:10:42.000Z'}
488,0xe25be3,0xb4f61360f5580477d841d8e872c3872becaee38bda6c50f617e00a85484ab15b:log:59,0xb4f61360f5580477d841d8e872c3872becaee38bda6c50f617e00a85484ab15b,0x5654d65578cda52791879751141f2f3d7dc27fe4,0xe66b31678d6c16e9ebf358268a790b763c133750,288.06674560503603,,,,ATA,erc20,"{'value': '0x0f9dbaaae27efe03d3', 'address': '0xa2120b9e674d3fc3875f415a7df52e382f141225', 'decimal': '0x12'}",{'blockTimestamp': '2022-05-24T08:10:42.000Z'}
489,0xe25a2f,0x142ebf59be961a662a5186fad04e5f3ae96fe4918bed4aefd0403432c3d992f1:log:267,0x142ebf59be961a662a5186fad04e5f3ae96fe4918bed4aefd0403432c3d992f1,0x69e31c54ad987cfc0b96128c243cb2d21b767e98,0x28c6c06298d514db089934071355e5743bf21d60,184521.428571,,,,ATA,erc20,"{'value': '0x2712ed3b50e5758cb000', 'address': '0xa2120b9e674d3fc3875f415a7df52e382f141225', 'decimal': '0x12'}",{'blockTimestamp': '2022-05-24T06:29:37.000Z'}
490,0xe259e3,0x5b2f71280be62eb39708d4f7b79faf42cb121ec8fa131887cf39b1ac68943fcc:log:488,0x5b2f71280be62eb39708d4f7b79faf42cb121ec8fa131887cf39b1ac68943fcc,0x527788ae179be743614496680d38b39d87ee1ce8,0x69e31c54ad987cfc0b96128c243cb2d21b767e98,184521.42857142855,,,,ATA,erc20,"{'value': '0x2712ed3b51493e65b6db', 'address': '0xa2120b9e674d3fc3875f415a7df52e382f141225', 'decimal': '0x12'}",{'blockTimestamp': '2022-05-24T06:11:26.000Z'}
491,0xe2574a,0xf6741b88ed5b2c957419b5d0734f9a4d723f61fdd741ec3fde675efc1dce366d:log:76,0xf6741b88ed5b2c957419b5d0734f9a4d723f61fdd741ec3fde675efc1dce366d,0xa2120b9e674d3fc3875f415a7df52e382f141225,0x527788ae179be743614496680d38b39d87ee1ce8,184521.42857142855,,,,ATA,erc20,"{'value': '0x2712ed3b51493e65b6db', 'address': '0xa2120b9e674d3fc3875f415a7df52e382f141225', 'decimal': '0x12'}",{'blockTimestamp': '2022-05-24T03:38:24.000Z'}
492,0xe24d93,0xd8da0944b54be1e097314aae9010ff6d5867b1d46c0ae9af8a7f95bf7f93b88d:log:386,0xd8da0944b54be1e097314aae9010ff6d5867b1d46c0ae9af8a7f95bf7f93b88d,0xdfd5293d8e347dfe59e90efd55b2956a1343963d,0x73b3342cc5faab60dd314360bc67ad6ce694e9b5,5803.0,,,,ATA,erc20,"{'value': '0x013a94cd7a6367cc0000', 'address': '0xa2120b9e674d3fc3875f415a7df52e382f141225', 'decimal': '0x12'}",{'blockTimestamp': '2022-05-23T17:58:02.000Z'}
493,0xe244eb,0xe2ef3cf6d1f63a430b684931a1083655cfb2557407f416896999c040541b0e18:log:276,0xe2ef3cf6d1f63a430b684931a1083655cfb2557407f416896999c040541b0e18,0x22992221724f9734359d02ffde80f2aac479e823,0x28c6c06298d514db089934071355e5743bf21d60,3750.0,,,,ATA,erc20,"{'value': '0xcb49b44ba602d80000', 'address': '0xa2120b9e674d3fc3875f415a7df52e382f141225', 'decimal': '0x12'}",{'blockTimestamp': '2022-05-23T09:30:06.000Z'}
494,0xe244ce,0x5396c9130161a32b5434bbe10b7a87311c8cf86b013f2c790c16393172b992f2:log:45,0x5396c9130161a32b5434bbe10b7a87311c8cf86b013f2c790c16393172b992f2,0x21a31ee1afc51d94c2efccaa2092ad1028285549,0xbc7776f0cadde36594917baeb6fce4be2238a402,415.43718101,,,,ATA,erc20,"{'value': '0x1685595b0c4eb4b400', 'address': '0xa2120b9e674d3fc3875f415a7df52e382f141225', 'decimal': '0x12'}",{'blockTimestamp': '2022-05-23T09:24:28.000Z'}
495,0xe2445d,0x078a596da5ef2480c689604ac23b14cea9eedf6431d6fc6782ea2ab45a17f74b:log:231,0x078a596da5ef2480c689604ac23b14cea9eedf6431d6fc6782ea2ab45a17f74b,0x15138d8c618b5f458cf5bb0891c991df0737939d,0x28c6c06298d514db089934071355e5743bf21d60,148803.571428,,,,ATA,erc20,"{'value': '0x1f82a863aaa7cde24000', 'address': '0xa2120b9e674d3fc3875f415a7df52e382f141225', 'decimal': '0x12'}",{'blockTimestamp': '2022-05-23T08:59:56.000Z'}
496,0xe24457,0x14755d33be070931c150808f5217f03aa54449532eafdecafe5c50877882be71:log:429,0x14755d33be070931c150808f5217f03aa54449532eafdecafe5c50877882be71,0xa56680c0a8942e19982c9432b581e3599458fb74,0x22992221724f9734359d02ffde80f2aac479e823,3750.0,,,,ATA,erc20,"{'value': '0xcb49b44ba602d80000', 'address': '0xa2120b9e674d3fc3875f415a7df52e382f141225', 'decimal': '0x12'}",{'blockTimestamp': '2022-05-23T08:57:52.000Z'}
497,0xe24433,0x36bb2ef11cde20859175916bc3f80f573ebec33a4312e44e85f98903b7cfce71:log:318,0x36bb2ef11cde20859175916bc3f80f573ebec33a4312e44e85f98903b7cfce71,0x5e38feb229039ff40648b3fafd85ebf7bc018989,0x15138d8c618b5f458cf5bb0891c991df0737939d,148802.57142857142,,,,ATA,erc20,"{'value': '0x1f829a82f479324a4925', 'address': '0xa2120b9e674d3fc3875f415a7df52e382f141225', 'decimal': '0x12'}",{'blockTimestamp': '2022-05-23T08:48:29.000Z'}
498,0xe243f9,0xea7487861fb81ec739e2ee4fad5524c5b8e150a401074ecc7742234004b4d884:log:172,0xea7487861fb81ec739e2ee4fad5524c5b8e150a401074ecc7742234004b4d884,0x5e38feb229039ff40648b3fafd85ebf7bc018989,0x15138d8c618b5f458cf5bb0891c991df0737939d,1.0,,,,ATA,erc20,"{'value': '0x0de0b6b3a7640000', 'address': '0xa2120b9e674d3fc3875f415a7df52e382f141225', 'decimal': '0x12'}",{'blockTimestamp': '2022-05-23T08:36:12.000Z'}
499,0xe23433,0xddad7ec4a2567f0ea2f24d9b733e491b99dc0284637eff8c7e44c7d82267f25d:log:278,0xddad7ec4a2567f0ea2f24d9b733e491b99dc0284637eff8c7e44c7d82267f25d,0xa2120b9e674d3fc3875f415a7df52e382f141225,0x48a337bf30bd29b9a4b7dea7b0a1ca4ae261b6b7,14880.357142857143,,,,ATA,erc20,"{'value': '0x0326aa705deae2916db7', 'address': '0xa2120b9e674d3fc3875f415a7df52e382f141225', 'decimal': '0x12'}",{'blockTimestamp': '2022-05-22T16:45:01.000Z'}
500,0xe23270,0xa0ff3563020891bd1348f9f62a46bce412b51939a5cf1461a0081bffff9eed25:log:502,0xa0ff3563020891bd1348f9f62a46bce412b51939a5cf1461a0081bffff9eed25,0x8dbf7a392f92eeae3c7c4c284a920b17e21054ac,0x28c6c06298d514db089934071355e5743bf21d60,17355.373027972728,,,,ATA,erc20,"{'value': '0x03acd62f283be60b699f', 'address': '0xa2120b9e674d3fc3875f415a7df52e382f141225', 'decimal': '0x12'}",{'blockTimestamp': '2022-05-22T15:04:58.000Z'}
501,0xe2323c,0xa543bd6c5f3e628864920b61bac2560ba9836ff54b408a55bd6bfe606c13e58b:log:382,0xa543bd6c5f3e628864920b61bac2560ba9836ff54b408a55bd6bfe606c13e58b,0x71b3be57e127360c92815772f0af2eb7b8c5c921,0x8dbf7a392f92eeae3c7c4c284a920b17e21054ac,17355.373027972728,,,,ATA,erc20,"{'value': '0x03acd62f283be60b699f', 'address': '0xa2120b9e674d3fc3875f415a7df52e382f141225', 'decimal': '0x12'}",{'blockTimestamp': '2022-05-22T14:53:56.000Z'}
502,0xe23104,0x02d64543b42c3e262867401db0e7c3d9cb7a386f5d77b207a9793046459a1fd9:log:559,0x02d64543b42c3e262867401db0e7c3d9cb7a386f5d77b207a9793046459a1fd9,0x40ec5b33f54e0e8a33a975908c5ba1c14e5bbbdf,0x71b3be57e127360c92815772f0af2eb7b8c5c921,17355.373027972728,,,,ATA,erc20,"{'value': '0x03acd62f283be60b699f', 'address': '0xa2120b9e674d3fc3875f415a7df52e382f141225', 'decimal': '0x12'}",{'blockTimestamp': '2022-05-22T13:37:45.000Z'}
503,0xe1f633,0xa05b9ad3d05c77c6cf275a3e899485bff4dfb200ba8ebf0b9d65a3be451cd268:log:68,0xa05b9ad3d05c77c6cf275a3e899485bff4dfb200ba8ebf0b9d65a3be451cd268,0x28c6c06298d514db089934071355e5743bf21d60,0xf1ccf19f71d820db4cd1263516a958d3e6272021,2384.8,,,,ATA,erc20,"{'value': '0x8147bf94c9bf900000', 'address': '0xa2120b9e674d3fc3875f415a7df52e382f141225', 'decimal': '0x12'}",{'blockTimestamp': '2022-05-20T02:54:54.000Z'}
504,0xe1dfc6,0x4acf3281639c6a0aac12c67a0fea0ff486b673829c9bf1630b245caf1d03c63c:log:457,0x4acf3281639c6a0aac12c67a0fea0ff486b673829c9bf1630b245caf1d03c63c,0x8e9cd962db4d4e198945081d8c49f7ba220e26eb,0x6cc8dcbca746a6e4fdefb98e1d0df903b107fd21,621.9328399999999,,,,ATA,erc20,"{'value': '0x21b70d4ed6adda8000', 'address': '0xa2120b9e674d3fc3875f415a7df52e382f141225', 'decimal': '0x12'}",{'blockTimestamp': '2022-05-19T04:18:52.000Z'}
505,0xe1df72,0x641ddec1a1c19e5465e28b694cbe1766b9bd4ac8058eeed3d5c071c2142e3669:log:69,0x641ddec1a1c19e5465e28b694cbe1766b9bd4ac8058eeed3d5c071c2142e3669,0x0d0707963952f2fba59dd06f2b425ace40b492fe,0x8e9cd962db4d4e198945081d8c49f7ba220e26eb,621.9328399999999,,,,ATA,erc20,"{'value': '0x21b70d4ed6adda8000', 'address': '0xa2120b9e674d3fc3875f415a7df52e382f141225', 'decimal': '0x12'}",{'blockTimestamp': '2022-05-19T04:01:07.000Z'}
506,0xe1dd02,0x48a15865b879a21ae2cd0378b3959c05a4f29b30e147a0a3a69814df84894133:log:39,0x48a15865b879a21ae2cd0378b3959c05a4f29b30e147a0a3a69814df84894133,0x0d0707963952f2fba59dd06f2b425ace40b492fe,0x9fbfa5cb6901a244f6f06767ea7a6a620a1bb175,392.844894,,,,ATA,erc20,"{'value': '0x154bd16db627fbe000', 'address': '0xa2120b9e674d3fc3875f415a7df52e382f141225', 'decimal': '0x12'}",{'blockTimestamp': '2022-05-19T01:35:28.000Z'}
507,0xe1d40b,0xe6fe3212c4528a8a877c075b3457f51ce26d37ae56489d1c4bd5483bf4a0aba8:log:359,0xe6fe3212c4528a8a877c075b3457f51ce26d37ae56489d1c4bd5483bf4a0aba8,0xc2d026eb0e2b348bcd623b8362cf2caca829975d,0x28c6c06298d514db089934071355e5743bf21d60,89282.14285714286,,,,ATA,erc20,"{'value': '0x12e7fea233814f689249', 'address': '0xa2120b9e674d3fc3875f415a7df52e382f141225', 'decimal': '0x12'}",{'blockTimestamp': '2022-05-18T16:31:06.000Z'}
508,0xe1d3ab,0x87c3612e3a6f0a984e22b34bd056f9aee0dde0ef0a977945d4357751e42cc3a6:log:534,0x87c3612e3a6f0a984e22b34bd056f9aee0dde0ef0a977945d4357751e42cc3a6,0xa548cb6546ce34766e7721370ba1d49bc640409d,0xc2d026eb0e2b348bcd623b8362cf2caca829975d,89282.14285714286,,,,ATA,erc20,"{'value': '0x12e7fea233814f689249', 'address': '0xa2120b9e674d3fc3875f415a7df52e382f141225', 'decimal': '0x12'}",{'blockTimestamp': '2022-05-18T16:12:04.000Z'}
509,0xe1c17c,0xd8d31062b759589544397fad664b9037d2903a1d929b963c6cb706eba990cb47:log:51,0xd8d31062b759589544397fad664b9037d2903a1d929b963c6cb706eba990cb47,0x28c6c06298d514db089934071355e5743bf21d60,0xd6b38bea1b891c9064b1167fb68f8478f6829326,103357.0,,,,ATA,erc20,"{'value': '0x15e2fe83b32500d40000', 'address': '0xa2120b9e674d3fc3875f415a7df52e382f141225', 'decimal': '0x12'}",{'blockTimestamp': '2022-05-17T22:26:56.000Z'}
510,0xe1bb75,0x2c7e7373472dbb825d7862b57fe99d773cfb243c4a05634ca554c3cf5021bcd4:log:239,0x2c7e7373472dbb825d7862b57fe99d773cfb243c4a05634ca554c3cf5021bcd4,0x1c5f7223edf0c56f217555d84e5614d1036ddb87,0x28c6c06298d514db089934071355e5743bf21d60,8335.0,,,,ATA,erc20,"{'value': '0x01c3d75c834700dc0000', 'address': '0xa2120b9e674d3fc3875f415a7df52e382f141225', 'decimal': '0x12'}",{'blockTimestamp': '2022-05-17T16:29:47.000Z'}
511,0xe1bb55,0x54779354add502ea426320ade72c5eb950b9803251df39e7c544a429aece62e6:log:241,0x54779354add502ea426320ade72c5eb950b9803251df39e7c544a429aece62e6,0x3c02290922a3618a4646e3bbca65853ea45fe7c6,0x1c5f7223edf0c56f217555d84e5614d1036ddb87,8335.0,,,,ATA,erc20,"{'value': '0x01c3d75c834700dc0000', 'address': '0xa2120b9e674d3fc3875f415a7df52e382f141225', 'decimal': '0x12'}",{'blockTimestamp': '2022-05-17T16:22:51.000Z'}
512,0xe186e1,0xedb9f0dbb81d28b9e51c8495d612b7c4dd2e0eee141f6135b9000e8f2ade075d:log:24,0xedb9f0dbb81d28b9e51c8495d612b7c4dd2e0eee141f6135b9000e8f2ade075d,0x71b3be57e127360c92815772f0af2eb7b8c5c921,0x40ec5b33f54e0e8a33a975908c5ba1c14e5bbbdf,16845.58005382,,,,ATA,erc20,"{'value': '0x03913362af3db2c95800', 'address': '0xa2120b9e674d3fc3875f415a7df52e382f141225', 'decimal': '0x12'}",{'blockTimestamp': '2022-05-15T13:08:58.000Z'}
513,0xe185d2,0x6725b88b1ca91abddb82f013a52797453a55f6516c2f25568df839fd4b5d18aa:log:279,0x6725b88b1ca91abddb82f013a52797453a55f6516c2f25568df839fd4b5d18aa,0x3c35aa12f557e3b6c00943465a9efc4e7916dfda,0x63b18d171ef8b2c168fadca54e058218ce5c51fb,170.0,,,,ATA,erc20,"{'value': '0x093739534d28680000', 'address': '0xa2120b9e674d3fc3875f415a7df52e382f141225', 'decimal': '0x12'}",{'blockTimestamp': '2022-05-15T12:05:32.000Z'}
514,0xe183ca,0xe0da8f851c4f80650c218fefdb4ab538b1b9b312d53405e710dd995501dc2a5a:log:182,0xe0da8f851c4f80650c218fefdb4ab538b1b9b312d53405e710dd995501dc2a5a,0xdfd5293d8e347dfe59e90efd55b2956a1343963d,0x71b3be57e127360c92815772f0af2eb7b8c5c921,16845.58005382,,,,ATA,erc20,"{'value': '0x03913362af3db2c95800', 'address': '0xa2120b9e674d3fc3875f415a7df52e382f141225', 'decimal': '0x12'}",{'blockTimestamp': '2022-05-15T10:06:34.000Z'}
515,0xe178e6,0xeea3eb1b28834f47d1b7f24365946440f5d7376b86d84fb074e7763eb6c9b035:log:643,0xeea3eb1b28834f47d1b7f24365946440f5d7376b86d84fb074e7763eb6c9b035,0xaad60b6615b9eb13a9b0212af7b298f26dd74e7f,0x28c6c06298d514db089934071355e5743bf21d60,19986.0,,,,ATA,erc20,"{'value': '0x043b717795a23d080000', 'address': '0xa2120b9e674d3fc3875f415a7df52e382f141225', 'decimal': '0x12'}",{'blockTimestamp': '2022-05-14T23:29:54.000Z'}
516,0xe1786b,0x6ae8496473a7e0d8e4becf72f5eca7c44b958451170f72f987a489d1a35bef4f:log:116,0x6ae8496473a7e0d8e4becf72f5eca7c44b958451170f72f987a489d1a35bef4f,0x3c02290922a3618a4646e3bbca65853ea45fe7c6,0xaad60b6615b9eb13a9b0212af7b298f26dd74e7f,19687.999999999996,,,,ATA,erc20,"{'value': '0x042b49e2e88162a00000', 'address': '0xa2120b9e674d3fc3875f415a7df52e382f141225', 'decimal': '0x12'}",{'blockTimestamp': '2022-05-14T23:01:20.000Z'}
517,0xe16e2b,0x6bc507eceefbaba71d57dae96d8fbaf19e3eebc85e8686024b5ef1e8b6ff120e:log:188,0x6bc507eceefbaba71d57dae96d8fbaf19e3eebc85e8686024b5ef1e8b6ff120e,0x511dbe9e6b7ede607f47d00a681bd5c7a6d397a1,0x40ec5b33f54e0e8a33a975908c5ba1c14e5bbbdf,25551.287,,,,ATA,erc20,"{'value': '0x05692356d5fac0658000', 'address': '0xa2120b9e674d3fc3875f415a7df52e382f141225', 'decimal': '0x12'}",{'blockTimestamp': '2022-05-14T13:16:13.000Z'}
518,0xe16e1d,0x3b106bfe389c281aa17184a9c51dd7cfa12e6579ce1f70300e7cba294280d702:log:171,0x3b106bfe389c281aa17184a9c51dd7cfa12e6579ce1f70300e7cba294280d702,0x21a31ee1afc51d94c2efccaa2092ad1028285549,0x511dbe9e6b7ede607f47d00a681bd5c7a6d397a1,25551.287,,,,ATA,erc20,"{'value': '0x05692356d5fac0658000', 'address': '0xa2120b9e674d3fc3875f415a7df52e382f141225', 'decimal': '0x12'}",{'blockTimestamp': '2022-05-14T13:13:17.000Z'}
519,0xe16d41,0x3bf30bebcec3f92e8aa0c7f970901a3036c968b41f2a381ab51a52f610ee9ae2:log:49,0x3bf30bebcec3f92e8aa0c7f970901a3036c968b41f2a381ab51a52f610ee9ae2,0xf3af8ae9165ff8f31014741a157088bf1a31dff3,0x0c06cfac76042b951eb5167911e44ab14cd57383,170.0,,,,ATA,erc20,"{'value': '0x093739534d28680000', 'address': '0xa2120b9e674d3fc3875f415a7df52e382f141225', 'decimal': '0x12'}",{'blockTimestamp': '2022-05-14T12:16:38.000Z'}
520,0xe16cd3,0x68e5f8db0cd852fc349f78ffef04745ea3707f6bdc0eda70d22d9c0ca270adcc:log:102,0x68e5f8db0cd852fc349f78ffef04745ea3707f6bdc0eda70d22d9c0ca270adcc,0xf431666bdc13d00bc0d2661ef756755f0c7086dd,0x3c02290922a3618a4646e3bbca65853ea45fe7c6,14401.0,,,,ATA,erc20,"{'value': '0x030cae05b03b60640000', 'address': '0xa2120b9e674d3fc3875f415a7df52e382f141225', 'decimal': '0x12'}",{'blockTimestamp': '2022-05-14T11:51:08.000Z'}
521,0xe16be2,0xb51ce3409827caf61db961870ac8cc50ababcb0cf696ca2f1bb08978f01a9bde:log:89,0xb51ce3409827caf61db961870ac8cc50ababcb0cf696ca2f1bb08978f01a9bde,0xf3af8ae9165ff8f31014741a157088bf1a31dff3,0x0c06cfac76042b951eb5167911e44ab14cd57383,170.7222,,,,ATA,erc20,"{'value': '0x09413f186001318000', 'address': '0xa2120b9e674d3fc3875f415a7df52e382f141225', 'decimal': '0x12'}",{'blockTimestamp': '2022-05-14T10:57:45.000Z'}
522,0xe16bdb,0xa7945e70c854a67adb8bad362ac0cdaa840cc0f87121edb817f70edcdd63c5dd:log:55,0xa7945e70c854a67adb8bad362ac0cdaa840cc0f87121edb817f70edcdd63c5dd,0x28c6c06298d514db089934071355e5743bf21d60,0xf431666bdc13d00bc0d2661ef756755f0c7086dd,14401.0,,,,ATA,erc20,"{'value': '0x030cae05b03b60640000', 'address': '0xa2120b9e674d3fc3875f415a7df52e382f141225', 'decimal': '0x12'}",{'blockTimestamp': '2022-05-14T10:56:08.000Z'}
523,0xe16b95,0x417d3b65f0b21df96cd3652160102b561a4c81715f7d8d7c2c1de76eed1ae4e3:log:40,0x417d3b65f0b21df96cd3652160102b561a4c81715f7d8d7c2c1de76eed1ae4e3,0x63b18d171ef8b2c168fadca54e058218ce5c51fb,0xf3af8ae9165ff8f31014741a157088bf1a31dff3,170.0,,,,ATA,erc20,"{'value': '0x093739534d28680000', 'address': '0xa2120b9e674d3fc3875f415a7df52e382f141225', 'decimal': '0x12'}",{'blockTimestamp': '2022-05-14T10:39:44.000Z'}
524,0xe16a32,0x30ba31ac14c7ae0bce38932b49ede64b0d928f9911ac697f1b842dcbe29bc502:log:316,0x30ba31ac14c7ae0bce38932b49ede64b0d928f9911ac697f1b842dcbe29bc502,0x3c35aa12f557e3b6c00943465a9efc4e7916dfda,0x63b18d171ef8b2c168fadca54e058218ce5c51fb,170.0,,,,ATA,erc20,"{'value': '0x093739534d28680000', 'address': '0xa2120b9e674d3fc3875f415a7df52e382f141225', 'decimal': '0x12'}",{'blockTimestamp': '2022-05-14T09:21:19.000Z'}
525,0xe16848,0x4ae1a9620eaace4dab3a6c645d41ef4c215da49553905983ec845aa0682631d8:log:143,0x4ae1a9620eaace4dab3a6c645d41ef4c215da49553905983ec845aa0682631d8,0x71b3be57e127360c92815772f0af2eb7b8c5c921,0x40ec5b33f54e0e8a33a975908c5ba1c14e5bbbdf,15531.58773306,,,,ATA,erc20,"{'value': '0x0349f8143156e7d9a800', 'address': '0xa2120b9e674d3fc3875f415a7df52e382f141225', 'decimal': '0x12'}",{'blockTimestamp': '2022-05-14T07:27:01.000Z'}
526,0xe16826,0x7d5caea968ffe16369a21407c7a99574a301075a6044f3f1d782644a15e0aada:log:186,0x7d5caea968ffe16369a21407c7a99574a301075a6044f3f1d782644a15e0aada,0xdfd5293d8e347dfe59e90efd55b2956a1343963d,0x71b3be57e127360c92815772f0af2eb7b8c5c921,15531.58773306,,,,ATA,erc20,"{'value': '0x0349f8143156e7d9a800', 'address': '0xa2120b9e674d3fc3875f415a7df52e382f141225', 'decimal': '0x12'}",{'blockTimestamp': '2022-05-14T07:16:15.000Z'}
527,0xe167b9,0xb70a18c4b2328fcc83f0b494a6ffa21d932181bebc298beb562de794dce9cd02:log:22,0xb70a18c4b2328fcc83f0b494a6ffa21d932181bebc298beb562de794dce9cd02,0xf431666bdc13d00bc0d2661ef756755f0c7086dd,0x3c02290922a3618a4646e3bbca65853ea45fe7c6,31691.0,,,,ATA,erc20,"{'value': '0x06b5f8f931e2c84c0000', 'address': '0xa2120b9e674d3fc3875f415a7df52e382f141225', 'decimal': '0x12'}",{'blockTimestamp': '2022-05-14T06:51:19.000Z'}
528,0xe165c6,0x5a17da55182e2e0a591c2ab0c658f386b4c00572476d83a4e92481391696e9cd:log:296,0x5a17da55182e2e0a591c2ab0c658f386b4c00572476d83a4e92481391696e9cd,0x20e74b82e9c2b24063c516397cd1fc2eeeb17cc0,0x3c02290922a3618a4646e3bbca65853ea45fe7c6,47349.4,,,,ATA,erc20,"{'value': '0x0a06d0ed102088dc0000', 'address': '0xa2120b9e674d3fc3875f415a7df52e382f141225', 'decimal': '0x12'}",{'blockTimestamp': '2022-05-14T04:51:10.000Z'}
529,0xe15cfe,0xc6243fa1a1b852cb12a31554c13a38a25dec0de719c1bf9cd711837f5300c97c:log:286,0xc6243fa1a1b852cb12a31554c13a38a25dec0de719c1bf9cd711837f5300c97c,0x71b3be57e127360c92815772f0af2eb7b8c5c921,0x40ec5b33f54e0e8a33a975908c5ba1c14e5bbbdf,11888.0,,,,ATA,erc20,"{'value': '0x0284732436ad33c00000', 'address': '0xa2120b9e674d3fc3875f415a7df52e382f141225', 'decimal': '0x12'}",{'blockTimestamp': '2022-05-13T20:04:38.000Z'}
530,0xe15cba,0x687aea3dbc9ab98d6ebc180b80c2f0de17e5629dc79e2f5c0021c919482fdb8a:log:252,0x687aea3dbc9ab98d6ebc180b80c2f0de17e5629dc79e2f5c0021c919482fdb8a,0x21a31ee1afc51d94c2efccaa2092ad1028285549,0x71b3be57e127360c92815772f0af2eb7b8c5c921,11888.0,,,,ATA,erc20,"{'value': '0x0284732436ad33c00000', 'address': '0xa2120b9e674d3fc3875f415a7df52e382f141225', 'decimal': '0x12'}",{'blockTimestamp': '2022-05-13T19:49:43.000Z'}
531,0xe15c72,0x7ed564459e26c773913f41ad2e26ec10541a56dce5b4db5d3759da2062967b64:log:78,0x7ed564459e26c773913f41ad2e26ec10541a56dce5b4db5d3759da2062967b64,0x882d04c3d8410ddf2061b3cba2c3522854316feb,0x40ec5b33f54e0e8a33a975908c5ba1c14e5bbbdf,1851.2884596268225,,,,ATA,erc20,"{'value': '0x645bc9d57be4d8aeda', 'address': '0xa2120b9e674d3fc3875f415a7df52e382f141225', 'decimal': '0x12'}",{'blockTimestamp': '2022-05-13T19:34:32.000Z'}
532,0xe15c72,0x7ed564459e26c773913f41ad2e26ec10541a56dce5b4db5d3759da2062967b64:log:74,0x7ed564459e26c773913f41ad2e26ec10541a56dce5b4db5d3759da2062967b64,0x5654d65578cda52791879751141f2f3d7dc27fe4,0x882d04c3d8410ddf2061b3cba2c3522854316feb,1300.9223073272287,,,,ATA,erc20,"{'value': '0x4685ec79eead05a102', 'address': '0xa2120b9e674d3fc3875f415a7df52e382f141225', 'decimal': '0x12'}",{'blockTimestamp': '2022-05-13T19:34:32.000Z'}
533,0xe15c72,0xedd2100a171fe84f7008e5959358ae1ed344f5caf398fbc34e7679718613ec17:log:67,0xedd2100a171fe84f7008e5959358ae1ed344f5caf398fbc34e7679718613ec17,0xe66b31678d6c16e9ebf358268a790b763c133750,0x5654d65578cda52791879751141f2f3d7dc27fe4,1954.0687459728265,,,,ATA,erc20,"{'value': '0x69ee26c35cc3574941', 'address': '0xa2120b9e674d3fc3875f415a7df52e382f141225', 'decimal': '0x12'}",{'blockTimestamp': '2022-05-13T19:34:32.000Z'}
534,0xe15c72,0xedd2100a171fe84f7008e5959358ae1ed344f5caf398fbc34e7679718613ec17:log:64,0xedd2100a171fe84f7008e5959358ae1ed344f5caf398fbc34e7679718613ec17,0x92d4d4d3ebdc1dc457709b6161bab07323f2c667,0xe66b31678d6c16e9ebf358268a790b763c133750,1954.0687459728265,,,,ATA,erc20,"{'value': '0x69ee26c35cc3574941', 'address': '0xa2120b9e674d3fc3875f415a7df52e382f141225', 'decimal': '0x12'}",{'blockTimestamp': '2022-05-13T19:34:32.000Z'}
535,0xe15c72,0xedd2100a171fe84f7008e5959358ae1ed344f5caf398fbc34e7679718613ec17:log:62,0xedd2100a171fe84f7008e5959358ae1ed344f5caf398fbc34e7679718613ec17,0x92d4d4d3ebdc1dc457709b6161bab07323f2c667,0x382ffce2287252f930e1c8dc9328dac5bf282ba1,19.73806814113966,,,,ATA,erc20,"{'value': '0x0111ebb465c915918c', 'address': '0xa2120b9e674d3fc3875f415a7df52e382f141225', 'decimal': '0x12'}",{'blockTimestamp': '2022-05-13T19:34:32.000Z'}
536,0xe1596e,0xc8752a373592b999d7123805b57eb377d242d47d3cb406880bec03b3b3262108:log:467,0xc8752a373592b999d7123805b57eb377d242d47d3cb406880bec03b3b3262108,0x28c6c06298d514db089934071355e5743bf21d60,0xf431666bdc13d00bc0d2661ef756755f0c7086dd,15787.0,,,,ATA,erc20,"{'value': '0x0357d0a2d8e3a3cc0000', 'address': '0xa2120b9e674d3fc3875f415a7df52e382f141225', 'decimal': '0x12'}",{'blockTimestamp': '2022-05-13T16:39:44.000Z'}
537,0xe15196,0x56421c7a595ee836c806dae314ac6d002c7232e24ef7b0f34c849c8476b0a94c:log:211,0x56421c7a595ee836c806dae314ac6d002c7232e24ef7b0f34c849c8476b0a94c,0x8992a7c145bf2e7e19cd55d38318b11328d3e7ad,0x28c6c06298d514db089934071355e5743bf21d60,8000.0,,,,ATA,erc20,"{'value': '0x01b1ae4d6e2ef5000000', 'address': '0xa2120b9e674d3fc3875f415a7df52e382f141225', 'decimal': '0x12'}",{'blockTimestamp': '2022-05-13T09:08:29.000Z'}
538,0xe14866,0x8143f32ae54ed4a08e880fff4c6053e24d2e5ccd5067591dfc6e6ee5da642f74:log:91,0x8143f32ae54ed4a08e880fff4c6053e24d2e5ccd5067591dfc6e6ee5da642f74,0xdfd5293d8e347dfe59e90efd55b2956a1343963d,0x20e74b82e9c2b24063c516397cd1fc2eeeb17cc0,47349.4,,,,ATA,erc20,"{'value': '0x0a06d0ed102088dc0000', 'address': '0xa2120b9e674d3fc3875f415a7df52e382f141225', 'decimal': '0x12'}",{'blockTimestamp': '2022-05-13T00:09:42.000Z'}
539,0xe145af,0x89ce5d1cbda99d5f5ab5ceaf6f9a1d80e62e89f7da5d5b4ccb719ba5337b3a69:log:53,0x89ce5d1cbda99d5f5ab5ceaf6f9a1d80e62e89f7da5d5b4ccb719ba5337b3a69,0x882d04c3d8410ddf2061b3cba2c3522854316feb,0x40ec5b33f54e0e8a33a975908c5ba1c14e5bbbdf,1224.6540441213567,,,,ATA,erc20,"{'value': '0x42637d2ca21707a8f0', 'address': '0xa2120b9e674d3fc3875f415a7df52e382f141225', 'decimal': '0x12'}",{'blockTimestamp': '2022-05-12T21:29:20.000Z'}
540,0xe145af,0x89ce5d1cbda99d5f5ab5ceaf6f9a1d80e62e89f7da5d5b4ccb719ba5337b3a69:log:48,0x89ce5d1cbda99d5f5ab5ceaf6f9a1d80e62e89f7da5d5b4ccb719ba5337b3a69,0x5654d65578cda52791879751141f2f3d7dc27fe4,0x882d04c3d8410ddf2061b3cba2c3522854316feb,1230.8080845440772,,,,ATA,erc20,"{'value': '0x42b8e4b7cac8ac5c99', 'address': '0xa2120b9e674d3fc3875f415a7df52e382f141225', 'decimal': '0x12'}",{'blockTimestamp': '2022-05-12T21:29:20.000Z'}
541,0xe14591,0x81c82c34ade79c055ccb417fa91de430ea463ab5494eea51a1bf997c5bd44723:log:446,0x81c82c34ade79c055ccb417fa91de430ea463ab5494eea51a1bf997c5bd44723,0x71b3be57e127360c92815772f0af2eb7b8c5c921,0x40ec5b33f54e0e8a33a975908c5ba1c14e5bbbdf,8891.0,,,,ATA,erc20,"{'value': '0x01e1fb6951768e0c0000', 'address': '0xa2120b9e674d3fc3875f415a7df52e382f141225', 'decimal': '0x12'}",{'blockTimestamp': '2022-05-12T21:24:25.000Z'}
542,0xe14569,0xa130926fc5a4b8784e6b729a55ecc63d624de8a6404914ad71acdaf579da6255:log:332,0xa130926fc5a4b8784e6b729a55ecc63d624de8a6404914ad71acdaf579da6255,0x21a31ee1afc51d94c2efccaa2092ad1028285549,0x71b3be57e127360c92815772f0af2eb7b8c5c921,8891.0,,,,ATA,erc20,"{'value': '0x01e1fb6951768e0c0000', 'address': '0xa2120b9e674d3fc3875f415a7df52e382f141225', 'decimal': '0x12'}",{'blockTimestamp': '2022-05-12T21:14:56.000Z'}
543,0xe14122,0x625f944649133f4eef1ab01b8beb4872fc7e7d95add472ca266cfa3d92dbd9de:log:99,0x625f944649133f4eef1ab01b8beb4872fc7e7d95add472ca266cfa3d92dbd9de,0x07fcd445e016c2d56e5d22678f53cfbd066edaac,0x28c6c06298d514db089934071355e5743bf21d60,9766.0,,,,ATA,erc20,"{'value': '0x02116a79c983b0d80000', 'address': '0xa2120b9e674d3fc3875f415a7df52e382f141225', 'decimal': '0x12'}",{'blockTimestamp': '2022-05-12T17:00:41.000Z'}
544,0xe13a34,0x30a2cd58794bc7780ad3acbc88c3ad97f78850fd5de93f74253afe5adf10ffab:log:153,0x30a2cd58794bc7780ad3acbc88c3ad97f78850fd5de93f74253afe5adf10ffab,0x6f1370a9d23815027b259864207642dee3acc50a,0x07fcd445e016c2d56e5d22678f53cfbd066edaac,9766.0,,,,ATA,erc20,"{'value': '0x02116a79c983b0d80000', 'address': '0xa2120b9e674d3fc3875f415a7df52e382f141225', 'decimal': '0x12'}",{'blockTimestamp': '2022-05-12T10:15:23.000Z'}
545,0xe1363c,0x65002a2d164f9a336d28f09f50c1a6912caf26922ca3a1b3ac036dff7ecf2ab6:log:177,0x65002a2d164f9a336d28f09f50c1a6912caf26922ca3a1b3ac036dff7ecf2ab6,0x28c6c06298d514db089934071355e5743bf21d60,0x73b3342cc5faab60dd314360bc67ad6ce694e9b5,149891.0,,,,ATA,erc20,"{'value': '0x1fbd9b7e07722c2c0000', 'address': '0xa2120b9e674d3fc3875f415a7df52e382f141225', 'decimal': '0x12'}",{'blockTimestamp': '2022-05-12T06:17:05.000Z'}
546,0xe13605,0x867b4fdef9935c1eaf4be369b079aa7ca34084f7af68a733370312d81342f3c4:log:42,0x867b4fdef9935c1eaf4be369b079aa7ca34084f7af68a733370312d81342f3c4,0x73b3342cc5faab60dd314360bc67ad6ce694e9b5,0x8992a7c145bf2e7e19cd55d38318b11328d3e7ad,8000.0,,,,ATA,erc20,"{'value': '0x01b1ae4d6e2ef5000000', 'address': '0xa2120b9e674d3fc3875f415a7df52e382f141225', 'decimal': '0x12'}",{'blockTimestamp': '2022-05-12T06:04:52.000Z'}
547,0xe13459,0x2946a6c23f3c9eb21e722db28b3eb5db29adffaa6f600ddcdd459d6840b465bf:log:287,0x2946a6c23f3c9eb21e722db28b3eb5db29adffaa6f600ddcdd459d6840b465bf,0xdfd5293d8e347dfe59e90efd55b2956a1343963d,0x73b3342cc5faab60dd314360bc67ad6ce694e9b5,8840.019,,,,ATA,erc20,"{'value': '0x01df37e86c126fdb8000', 'address': '0xa2120b9e674d3fc3875f415a7df52e382f141225', 'decimal': '0x12'}",{'blockTimestamp': '2022-05-12T04:20:59.000Z'}
548,0xe12f24,0xfa50565da476ebf784e13ccbdd6b369e39f0bdac11030ff076e0eb7499cdbaaa:log:108,0xfa50565da476ebf784e13ccbdd6b369e39f0bdac11030ff076e0eb7499cdbaaa,0xa877b3eadb2c14c0406db812ca5d23a889fa23e2,0x5654d65578cda52791879751141f2f3d7dc27fe4,2453.79184275,,,,ATA,erc20,"{'value': '0x850533d83c18ebec00', 'address': '0xa2120b9e674d3fc3875f415a7df52e382f141225', 'decimal': '0x12'}",{'blockTimestamp': '2022-05-11T23:08:08.000Z'}
549,0xe12f1f,0x5b5d7d5a805470a762dafefb36b3286f52d869ec0abbed45f19fe05932d777a3:log:64,0x5b5d7d5a805470a762dafefb36b3286f52d869ec0abbed45f19fe05932d777a3,0x0d0707963952f2fba59dd06f2b425ace40b492fe,0xa877b3eadb2c14c0406db812ca5d23a889fa23e2,2453.79184275,,,,ATA,erc20,"{'value': '0x850533d83c18ebec00', 'address': '0xa2120b9e674d3fc3875f415a7df52e382f141225', 'decimal': '0x12'}",{'blockTimestamp': '2022-05-11T23:06:32.000Z'}
550,0xe12bf1,0x3aeeb5670115cc05aea3151e9662c4e0779e7cde394f4a8863b06910482e4269:log:200,0x3aeeb5670115cc05aea3151e9662c4e0779e7cde394f4a8863b06910482e4269,0x21a31ee1afc51d94c2efccaa2092ad1028285549,0xd6b38bea1b891c9064b1167fb68f8478f6829326,43909.0,,,,ATA,erc20,"{'value': '0x094c4fc8ec25c2f40000', 'address': '0xa2120b9e674d3fc3875f415a7df52e382f141225', 'decimal': '0x12'}",{'blockTimestamp': '2022-05-11T19:54:54.000Z'}
551,0xe12594,0x6369f10bc48e43437255261cf68651490e138d1738ac0dcec7005d317ddccf14:log:54,0x6369f10bc48e43437255261cf68651490e138d1738ac0dcec7005d317ddccf14,0x1f39738e68cd25e736ecf65df6571d5eb15adca5,0x038036c5864fcfef41b1c02860d36f7922ecab52,152.52795450585774,,,,ATA,erc20,"{'value': '0x0844c0267ece977472', 'address': '0xa2120b9e674d3fc3875f415a7df52e382f141225', 'decimal': '0x12'}",{'blockTimestamp': '2022-05-11T13:54:01.000Z'}
552,0xe1256e,0xb466527739fbde079aa4570c8da7ed526a51d48335f6cd062c1a3e54c5e33561:log:8,0xb466527739fbde079aa4570c8da7ed526a51d48335f6cd062c1a3e54c5e33561,0xf16e9b0d03470827a95cdfd0cb8a8a3b46969b91,0x3c35aa12f557e3b6c00943465a9efc4e7916dfda,970.0,,,,ATA,erc20,"{'value': '0x34957444b840e80000', 'address': '0xa2120b9e674d3fc3875f415a7df52e382f141225', 'decimal': '0x12'}",{'blockTimestamp': '2022-05-11T13:44:17.000Z'}
553,0xe11f08,0x3165bc4c665cba5a090e969f29f7a735b305f028726c6da46004b6bb54a44df9:log:422,0x3165bc4c665cba5a090e969f29f7a735b305f028726c6da46004b6bb54a44df9,0x4ea40d1f42c91bd37825e88d67bc2a27e162dff3,0x28c6c06298d514db089934071355e5743bf21d60,24999.999999999996,,,,ATA,erc20,"{'value': '0x054b40b1f852bda00000', 'address': '0xa2120b9e674d3fc3875f415a7df52e382f141225', 'decimal': '0x12'}",{'blockTimestamp': '2022-05-11T07:30:09.000Z'}
554,0xe11ebf,0x0b2baefb8ddd7bb1468e4218c43920f79400f12ce687f450dbb1e133b45f9fb3:log:314,0x0b2baefb8ddd7bb1468e4218c43920f79400f12ce687f450dbb1e133b45f9fb3,0x02742aa3d0ca88052cd8f7db2bc7629842e3dff3,0x4ea40d1f42c91bd37825e88d67bc2a27e162dff3,24999.999999999996,,,,ATA,erc20,"{'value': '0x054b40b1f852bda00000', 'address': '0xa2120b9e674d3fc3875f415a7df52e382f141225', 'decimal': '0x12'}",{'blockTimestamp': '2022-05-11T07:12:54.000Z'}
555,0xe10c28,0xbdf7b3647fb7080eb0f6404598434bdcaa5867d7b78bd1b38e5c82c985b21f23:log:189,0xbdf7b3647fb7080eb0f6404598434bdcaa5867d7b78bd1b38e5c82c985b21f23,0xf16e9b0d03470827a95cdfd0cb8a8a3b46969b91,0xf3af8ae9165ff8f31014741a157088bf1a31dff3,170.7222,,,,ATA,erc20,"{'value': '0x09413f186001318000', 'address': '0xa2120b9e674d3fc3875f415a7df52e382f141225', 'decimal': '0x12'}",{'blockTimestamp': '2022-05-10T13:00:19.000Z'}
556,0xe10aff,0x4b73303b2e5d33accafbe85509adff7cdcce4fd56cb26028fc8513e007370e80:log:520,0x4b73303b2e5d33accafbe85509adff7cdcce4fd56cb26028fc8513e007370e80,0x71b3be57e127360c92815772f0af2eb7b8c5c921,0x40ec5b33f54e0e8a33a975908c5ba1c14e5bbbdf,7920.0,,,,ATA,erc20,"{'value': '0x01ad5814560aa5c00000', 'address': '0xa2120b9e674d3fc3875f415a7df52e382f141225', 'decimal': '0x12'}",{'blockTimestamp': '2022-05-10T11:55:23.000Z'}
557,0xe10ae7,0x0a02fde0ee239d9ac4059178cdc30a67434262c2431c4a0d1ea7fe610de91bea:log:21,0x0a02fde0ee239d9ac4059178cdc30a67434262c2431c4a0d1ea7fe610de91bea,0x28c6c06298d514db089934071355e5743bf21d60,0x71b3be57e127360c92815772f0af2eb7b8c5c921,7920.0,,,,ATA,erc20,"{'value': '0x01ad5814560aa5c00000', 'address': '0xa2120b9e674d3fc3875f415a7df52e382f141225', 'decimal': '0x12'}",{'blockTimestamp': '2022-05-10T11:50:36.000Z'}
558,0xe10134,0x07c8b3bbe6a547fb8d357852e3b57e3059432ee773baa865a3ee15383cdf5dee:log:372,0x07c8b3bbe6a547fb8d357852e3b57e3059432ee773baa865a3ee15383cdf5dee,0x511dbe9e6b7ede607f47d00a681bd5c7a6d397a1,0x40ec5b33f54e0e8a33a975908c5ba1c14e5bbbdf,34639.246,,,,ATA,erc20,"{'value': '0x0755cc1b1668ba9b0000', 'address': '0xa2120b9e674d3fc3875f415a7df52e382f141225', 'decimal': '0x12'}",{'blockTimestamp': '2022-05-10T02:02:21.000Z'}
559,0xe10115,0x53ec410b47332f2c1ab8035ea9638b70777ed3f5f375cf3c1ee99bed0c390674:log:165,0x53ec410b47332f2c1ab8035ea9638b70777ed3f5f375cf3c1ee99bed0c390674,0xdfd5293d8e347dfe59e90efd55b2956a1343963d,0x511dbe9e6b7ede607f47d00a681bd5c7a6d397a1,34639.246,,,,ATA,erc20,"{'value': '0x0755cc1b1668ba9b0000', 'address': '0xa2120b9e674d3fc3875f415a7df52e382f141225', 'decimal': '0x12'}",{'blockTimestamp': '2022-05-10T01:55:52.000Z'}
560,0xe0f77f,0xa48732067d55d4d4b2275625aa4d92ecc9f9c30de07d617295ff115247c18c41:log:120,0xa48732067d55d4d4b2275625aa4d92ecc9f9c30de07d617295ff115247c18c41,0x71b3be57e127360c92815772f0af2eb7b8c5c921,0x40ec5b33f54e0e8a33a975908c5ba1c14e5bbbdf,5000.0,,,,ATA,erc20,"{'value': '0x010f0cf064dd59200000', 'address': '0xa2120b9e674d3fc3875f415a7df52e382f141225', 'decimal': '0x12'}",{'blockTimestamp': '2022-05-09T16:31:54.000Z'}
561,0xe0f76e,0xd95e7f52336a848acdf53afdd91e8b9b134d38589e9a45ce39bb84d60fede2c6:log:250,0xd95e7f52336a848acdf53afdd91e8b9b134d38589e9a45ce39bb84d60fede2c6,0x40ec5b33f54e0e8a33a975908c5ba1c14e5bbbdf,0x71b3be57e127360c92815772f0af2eb7b8c5c921,5000.0,,,,ATA,erc20,"{'value': '0x010f0cf064dd59200000', 'address': '0xa2120b9e674d3fc3875f415a7df52e382f141225', 'decimal': '0x12'}",{'blockTimestamp': '2022-05-09T16:26:50.000Z'}
562,0xe0f521,0x137a4690ff13a2eaa1040a4d718ecfb1d936fcb54484e76949445b65a596be1f:log:492,0x137a4690ff13a2eaa1040a4d718ecfb1d936fcb54484e76949445b65a596be1f,0xa44964fa6b4edaf12146333124c8e42e230c4738,0x77c2eb598a0074d70e21c701687bf8251f815a29,93750.0,,,,ATA,erc20,"{'value': '0x13da329b633647180000', 'address': '0xa2120b9e674d3fc3875f415a7df52e382f141225', 'decimal': '0x12'}",{'blockTimestamp': '2022-05-09T14:00:01.000Z'}
563,0xe0f40d,0x099c3184044e217f161b64b5019659103f83aefe4e41bc26d74f96d0a4767257:log:119,0x099c3184044e217f161b64b5019659103f83aefe4e41bc26d74f96d0a4767257,0xeae8b342c958c564bf296c85bb11d471cd666213,0x007e7f91c8f9a77a27e4e47d4165fa645c623005,443.128086,,,,ATA,erc20,"{'value': '0x1805a3366c7cbf6000', 'address': '0xa2120b9e674d3fc3875f415a7df52e382f141225', 'decimal': '0x12'}",{'blockTimestamp': '2022-05-09T12:55:52.000Z'}
564,0xe0f33c,0xcfa458ac2ec243b7059dfd29a64e2d595b29e0208e6939b658544dfec5280c1a:log:122,0xcfa458ac2ec243b7059dfd29a64e2d595b29e0208e6939b658544dfec5280c1a,0x21a31ee1afc51d94c2efccaa2092ad1028285549,0x63458e18604e3c7d95422fb049d1cf458e600c6c,211.715,,,,ATA,erc20,"{'value': '0x0b7a22c6c92dd38000', 'address': '0xa2120b9e674d3fc3875f415a7df52e382f141225', 'decimal': '0x12'}",{'blockTimestamp': '2022-05-09T12:06:52.000Z'}
565,0xe0f22d,0x915c071c8d28c5fa6ba80fdc5e9ccda5a9b3b6e0a7f854681bc3e9a7d956e3c1:log:287,0x915c071c8d28c5fa6ba80fdc5e9ccda5a9b3b6e0a7f854681bc3e9a7d956e3c1,0xa2120b9e674d3fc3875f415a7df52e382f141225,0xa44964fa6b4edaf12146333124c8e42e230c4738,93750.0,,,,ATA,erc20,"{'value': '0x13da329b633647180000', 'address': '0xa2120b9e674d3fc3875f415a7df52e382f141225', 'decimal': '0x12'}",{'blockTimestamp': '2022-05-09T11:03:35.000Z'}
566,0xe0e26b,0xbb61545775400b3f64b577f372357221cd9a1b8654257da1adf08edb96702a9e:log:12,0xbb61545775400b3f64b577f372357221cd9a1b8654257da1adf08edb96702a9e,0x5654d65578cda52791879751141f2f3d7dc27fe4,0x1f39738e68cd25e736ecf65df6571d5eb15adca5,75.35667505357524,,,,ATA,erc20,"{'value': '0x0415c8b0b456e49a2e', 'address': '0xa2120b9e674d3fc3875f415a7df52e382f141225', 'decimal': '0x12'}",{'blockTimestamp': '2022-05-08T19:48:32.000Z'}
567,0xe0e263,0x4cc38934718aaa283416cce06e46e263cda2a15a9e9bef08b0dfdf1cb863fe2f:log:218,0x4cc38934718aaa283416cce06e46e263cda2a15a9e9bef08b0dfdf1cb863fe2f,0x5654d65578cda52791879751141f2f3d7dc27fe4,0x1f39738e68cd25e736ecf65df6571d5eb15adca5,77.17127945228248,,,,ATA,erc20,"{'value': '0x042ef775ca77b2da44', 'address': '0xa2120b9e674d3fc3875f415a7df52e382f141225', 'decimal': '0x12'}",{'blockTimestamp': '2022-05-08T19:47:11.000Z'}
568,0xe0c2dd,0xfa6ee2d35a8c600898988d7b2391f7a53a0d2e5c8afced7523fc128c0e115771:log:391,0xfa6ee2d35a8c600898988d7b2391f7a53a0d2e5c8afced7523fc128c0e115771,0xd304ded736cc6f781580cff82e39514a5a58ff7e,0xfc19a78ce4a417f41fdf2ce2fb63e5f629b4f93a,912.0,,,,ATA,erc20,"{'value': '0x31708ae00454400000', 'address': '0xa2120b9e674d3fc3875f415a7df52e382f141225', 'decimal': '0x12'}",{'blockTimestamp': '2022-05-07T12:55:54.000Z'}
569,0xe0aa9a,0x96bc6772bf82a20dce06307c2f40aeed6e0bdf7dcf4f387ab01d8b59395dbe01:log:59,0x96bc6772bf82a20dce06307c2f40aeed6e0bdf7dcf4f387ab01d8b59395dbe01,0x28c6c06298d514db089934071355e5743bf21d60,0xbc7776f0cadde36594917baeb6fce4be2238a402,78.0,,,,ATA,erc20,"{'value': '0x043a77aabd00780000', 'address': '0xa2120b9e674d3fc3875f415a7df52e382f141225', 'decimal': '0x12'}",{'blockTimestamp': '2022-05-06T13:14:26.000Z'}
570,0xe0a505,0xe851c73f511b5b5a454cd6f56d602d0bda894916450fae823b0ce3a65bc024d9:log:344,0xe851c73f511b5b5a454cd6f56d602d0bda894916450fae823b0ce3a65bc024d9,0xdfd5293d8e347dfe59e90efd55b2956a1343963d,0xf1ccf19f71d820db4cd1263516a958d3e6272021,4946.929999999999,,,,ATA,erc20,"{'value': '0x010c2c71e10aa3250000', 'address': '0xa2120b9e674d3fc3875f415a7df52e382f141225', 'decimal': '0x12'}",{'blockTimestamp': '2022-05-06T07:48:22.000Z'}
571,0xe076ab,0xfbd46f222b680eb27c0f3b6c8b607be52c35cdf62ef39df549edb70ada986cc9:log:246,0xfbd46f222b680eb27c0f3b6c8b607be52c35cdf62ef39df549edb70ada986cc9,0x21a31ee1afc51d94c2efccaa2092ad1028285549,0x8f40982df850951bc7a79308ffec05201d080e04,1459.8360000000002,,,,ATA,erc20,"{'value': '0x4f234b537517260000', 'address': '0xa2120b9e674d3fc3875f415a7df52e382f141225', 'decimal': '0x12'}",{'blockTimestamp': '2022-05-04T10:37:34.000Z'}
572,0xe07084,0xd21332b4100510455555c9c2722273650b668b1b8fa52726dbb3b71479d32899:log:543,0xd21332b4100510455555c9c2722273650b668b1b8fa52726dbb3b71479d32899,0xf23523dedc053bab608b67ddd15ec805c6db49ef,0x28c6c06298d514db089934071355e5743bf21d60,2500.0,,,,ATA,erc20,"{'value': '0x878678326eac900000', 'address': '0xa2120b9e674d3fc3875f415a7df52e382f141225', 'decimal': '0x12'}",{'blockTimestamp': '2022-05-04T04:32:23.000Z'}
573,0xe0648f,0x7c3757106a696d31d088320f64b0d81f5b503bccc4fb41c2f03217d92dfc759d:log:13,0x7c3757106a696d31d088320f64b0d81f5b503bccc4fb41c2f03217d92dfc759d,0xf1127d90f1022881c147a78289b8ba32b15d05c4,0xf23523dedc053bab608b67ddd15ec805c6db49ef,2500.0,,,,ATA,erc20,"{'value': '0x878678326eac900000', 'address': '0xa2120b9e674d3fc3875f415a7df52e382f141225', 'decimal': '0x12'}",{'blockTimestamp': '2022-05-03T16:48:42.000Z'}
574,0xe04fbe,0x7d7f5a48da860fe1c296bce04f2eeaf9a3edd6bc51f1f13ec16949469dbb8c17:log:188,0x7d7f5a48da860fe1c296bce04f2eeaf9a3edd6bc51f1f13ec16949469dbb8c17,0x28c6c06298d514db089934071355e5743bf21d60,0x792458d35d0e055b56442343611fd3500954dd34,9916.996000000001,,,,ATA,erc20,"{'value': '0x021999f75780d9ba0000', 'address': '0xa2120b9e674d3fc3875f415a7df52e382f141225', 'decimal': '0x12'}",{'blockTimestamp': '2022-05-02T20:44:31.000Z'}
575,0xe04c96,0xb1c103a327aaaddea9af82b3d45577b3ae49e4b9b9a8e533718d70ff5d3b720d:log:69,0xb1c103a327aaaddea9af82b3d45577b3ae49e4b9b9a8e533718d70ff5d3b720d,0xafc40fb7ed3b99310bd7f96d954bf8f44dd0d18d,0x5654d65578cda52791879751141f2f3d7dc27fe4,505.0,,,,ATA,erc20,"{'value': '0x1b6048686534440000', 'address': '0xa2120b9e674d3fc3875f415a7df52e382f141225', 'decimal': '0x12'}",{'blockTimestamp': '2022-05-02T17:33:41.000Z'}
576,0xe04c1a,0x0b1f8f616ebd59bb433d613aa03f07421d8231b531db7ce62b4f5ef618b27cf3:log:111,0x0b1f8f616ebd59bb433d613aa03f07421d8231b531db7ce62b4f5ef618b27cf3,0xe66b31678d6c16e9ebf358268a790b763c133750,0x1471e4f887b956baad6d6f9a73966a1f4e6b5277,508.8261045430898,,,,ATA,erc20,"{'value': '0x1b95617634a8a3cf0f', 'address': '0xa2120b9e674d3fc3875f415a7df52e382f141225', 'decimal': '0x12'}",{'blockTimestamp': '2022-05-02T17:04:32.000Z'}
577,0xe04c1a,0x0b1f8f616ebd59bb433d613aa03f07421d8231b531db7ce62b4f5ef618b27cf3:log:108,0x0b1f8f616ebd59bb433d613aa03f07421d8231b531db7ce62b4f5ef618b27cf3,0x5654d65578cda52791879751141f2f3d7dc27fe4,0xe66b31678d6c16e9ebf358268a790b763c133750,508.8261045430898,,,,ATA,erc20,"{'value': '0x1b95617634a8a3cf0f', 'address': '0xa2120b9e674d3fc3875f415a7df52e382f141225', 'decimal': '0x12'}",{'blockTimestamp': '2022-05-02T17:04:32.000Z'}
578,0xdff36e,0x2d4ea1e6424051b3a3b95d0dda7d98337f071569d266e0857600232c6456252c:log:13,0x2d4ea1e6424051b3a3b95d0dda7d98337f071569d266e0857600232c6456252c,0xa2120b9e674d3fc3875f415a7df52e382f141225,0x0fef682990c99003acf47cb9cd872b43544547c9,44641.07142857143,,,,ATA,erc20,"{'value': '0x0973ff5119c0a7b44925', 'address': '0xa2120b9e674d3fc3875f415a7df52e382f141225', 'decimal': '0x12'}",{'blockTimestamp': '2022-04-29T03:30:32.000Z'}
579,0xdfdd30,0x893c9df0f9166afc20fe172e3362c881f48b90802f0f92b4904b2d50b32f1815:log:397,0x893c9df0f9166afc20fe172e3362c881f48b90802f0f92b4904b2d50b32f1815,0xdfd5293d8e347dfe59e90efd55b2956a1343963d,0xd9d30b37f75a044a8d4025324b5b82570139c034,7476.0,,,,ATA,erc20,"{'value': '0x01954657767454500000', 'address': '0xa2120b9e674d3fc3875f415a7df52e382f141225', 'decimal': '0x12'}",{'blockTimestamp': '2022-04-28T06:01:00.000Z'}
580,0xdfcd31,0x71049f3ee024560fe48d1de479e114fa224a21bb1204d7d5c5bf2417a6ff8009:log:268,0x71049f3ee024560fe48d1de479e114fa224a21bb1204d7d5c5bf2417a6ff8009,0x21a31ee1afc51d94c2efccaa2092ad1028285549,0x1f43535b250135f1e0019ce2c6a2ef93341455bd,2008.0,,,,ATA,erc20,"{'value': '0x6cda991128f8600000', 'address': '0xa2120b9e674d3fc3875f415a7df52e382f141225', 'decimal': '0x12'}",{'blockTimestamp': '2022-04-27T14:38:10.000Z'}
581,0xdfca69,0x7868b9e57b968621b1cc088303fde1dfc890b5aa1d253a2b9119c36a0024b87e:log:107,0x7868b9e57b968621b1cc088303fde1dfc890b5aa1d253a2b9119c36a0024b87e,0xca63cd425d0e78ffe05a84c330bfee691242113d,0x39a4b545c077940c29d088f8f1437c2e68c6c10f,22320.535714285714,,,,ATA,erc20,"{'value': '0x04b9ffa88ce053da2492', 'address': '0xa2120b9e674d3fc3875f415a7df52e382f141225', 'decimal': '0x12'}",{'blockTimestamp': '2022-04-27T12:01:06.000Z'}
582,0xdfca62,0x9d5e6e020aa21474f9d1e844bb0f576e881efb4e30eba110da5c3759b09c7c42:log:96,0x9d5e6e020aa21474f9d1e844bb0f576e881efb4e30eba110da5c3759b09c7c42,0xa2120b9e674d3fc3875f415a7df52e382f141225,0xca63cd425d0e78ffe05a84c330bfee691242113d,22320.535714285714,,,,ATA,erc20,"{'value': '0x04b9ffa88ce053da2492', 'address': '0xa2120b9e674d3fc3875f415a7df52e382f141225', 'decimal': '0x12'}",{'blockTimestamp': '2022-04-27T12:00:06.000Z'}
583,0xdfc31c,0xd15268fab06333f324cf05fac5572479bb1efd4ca49b79fb443545a4a5de5f72:log:594,0xd15268fab06333f324cf05fac5572479bb1efd4ca49b79fb443545a4a5de5f72,0x20e74b82e9c2b24063c516397cd1fc2eeeb17cc0,0x3c02290922a3618a4646e3bbca65853ea45fe7c6,31572.559999999998,,,,ATA,erc20,"{'value': '0x06af8d49c9686b080000', 'address': '0xa2120b9e674d3fc3875f415a7df52e382f141225', 'decimal': '0x12'}",{'blockTimestamp': '2022-04-27T04:51:31.000Z'}
584,0xdfb3ad,0xc67aa253f2dad0796a66a4048dbb6f183e057a4e21b35c21dd205e5a99a2722a:log:240,0xc67aa253f2dad0796a66a4048dbb6f183e057a4e21b35c21dd205e5a99a2722a,0x28c6c06298d514db089934071355e5743bf21d60,0x20e74b82e9c2b24063c516397cd1fc2eeeb17cc0,31572.559999999998,,,,ATA,erc20,"{'value': '0x06af8d49c9686b080000', 'address': '0xa2120b9e674d3fc3875f415a7df52e382f141225', 'decimal': '0x12'}",{'blockTimestamp': '2022-04-26T13:57:58.000Z'}
585,0xdfada9,0xe012185a4b5d7bcc1698bf3bbf68a192cc5957a93e014bc20dcabc6b65e20388:log:155,0xe012185a4b5d7bcc1698bf3bbf68a192cc5957a93e014bc20dcabc6b65e20388,0x6767526a362ec6c6b1df185478e4f01506b73ff3,0x28c6c06298d514db089934071355e5743bf21d60,35898.0,,,,ATA,erc20,"{'value': '0x079a08d3a43e9ca80000', 'address': '0xa2120b9e674d3fc3875f415a7df52e382f141225', 'decimal': '0x12'}",{'blockTimestamp': '2022-04-26T08:00:02.000Z'}
586,0xdfac8f,0x787f32f50d97be318fd38e3b6584b5cac8cbe02d27a70823cbff7aa786c42bd6:log:456,0x787f32f50d97be318fd38e3b6584b5cac8cbe02d27a70823cbff7aa786c42bd6,0x3c02290922a3618a4646e3bbca65853ea45fe7c6,0x6767526a362ec6c6b1df185478e4f01506b73ff3,35898.0,,,,ATA,erc20,"{'value': '0x079a08d3a43e9ca80000', 'address': '0xa2120b9e674d3fc3875f415a7df52e382f141225', 'decimal': '0x12'}",{'blockTimestamp': '2022-04-26T06:51:58.000Z'}
587,0xdfa44c,0xb683bbaa1da62f92ad1421236d2d95c78cfe1b138a72267b0bb5085922ca3892:log:247,0xb683bbaa1da62f92ad1421236d2d95c78cfe1b138a72267b0bb5085922ca3892,0xdfd5293d8e347dfe59e90efd55b2956a1343963d,0x9b30a672472df0fc28e47af4fa851c080a925755,5881.999999999999,,,,ATA,erc20,"{'value': '0x013edd25dbd40fa80000', 'address': '0xa2120b9e674d3fc3875f415a7df52e382f141225', 'decimal': '0x12'}",{'blockTimestamp': '2022-04-25T23:00:21.000Z'}
588,0xdf8eae,0xad9f05c6046c8536b48eea429b83c3c366f1f7ee33f58a8838e4c7009ba7c226:log:153,0xad9f05c6046c8536b48eea429b83c3c366f1f7ee33f58a8838e4c7009ba7c226,0x52a57ae580670376bb0d72ab404ec50769aca253,0xf16e9b0d03470827a95cdfd0cb8a8a3b46969b91,330.17672637,,,,ATA,erc20,"{'value': '0x11e61f5f4841335400', 'address': '0xa2120b9e674d3fc3875f415a7df52e382f141225', 'decimal': '0x12'}",{'blockTimestamp': '2022-04-25T02:02:33.000Z'}
589,0xdf8889,0xc519aa7d667fa51580a680c08aafa57f0fcf8e1443cca2525fec3e658320c744:log:218,0xc519aa7d667fa51580a680c08aafa57f0fcf8e1443cca2525fec3e658320c744,0x21a31ee1afc51d94c2efccaa2092ad1028285549,0x52a57ae580670376bb0d72ab404ec50769aca253,330.17672637,,,,ATA,erc20,"{'value': '0x11e61f5f4841335400', 'address': '0xa2120b9e674d3fc3875f415a7df52e382f141225', 'decimal': '0x12'}",{'blockTimestamp': '2022-04-24T20:14:28.000Z'}
590,0xdf82a9,0x1a6faf6481446db8adbd97942a93f222e9eec45bbe2fdb68bc4fcd93bc8d3344:log:322,0x1a6faf6481446db8adbd97942a93f222e9eec45bbe2fdb68bc4fcd93bc8d3344,0xef08c9a5559fb4325dfac888b4b1040c140f5e39,0xf16e9b0d03470827a95cdfd0cb8a8a3b46969b91,4936.0,,,,ATA,erc20,"{'value': '0x010b94c2b7f380200000', 'address': '0xa2120b9e674d3fc3875f415a7df52e382f141225', 'decimal': '0x12'}",{'blockTimestamp': '2022-04-24T14:28:15.000Z'}
591,0xdf8217,0x358dd45486dd8b0cbd0ce6f81c1896f112814138d9908c790e6a350757af9aad:log:136,0x358dd45486dd8b0cbd0ce6f81c1896f112814138d9908c790e6a350757af9aad,0x28c6c06298d514db089934071355e5743bf21d60,0xef08c9a5559fb4325dfac888b4b1040c140f5e39,4936.0,,,,ATA,erc20,"{'value': '0x010b94c2b7f380200000', 'address': '0xa2120b9e674d3fc3875f415a7df52e382f141225', 'decimal': '0x12'}",{'blockTimestamp': '2022-04-24T13:51:55.000Z'}
592,0xdf7e1f,0x63c7cf227f2ed42205050d1248e38b470b41757e2d90c63705b8d531794a33df:log:605,0x63c7cf227f2ed42205050d1248e38b470b41757e2d90c63705b8d531794a33df,0xa5baf27fad7f20bbf3535ca8055de011814ecd51,0x28c6c06298d514db089934071355e5743bf21d60,6961.2588829999995,,,,ATA,erc20,"{'value': '0x01795edfa7c21b873000', 'address': '0xa2120b9e674d3fc3875f415a7df52e382f141225', 'decimal': '0x12'}",{'blockTimestamp': '2022-04-24T10:00:05.000Z'}
593,0xdf7974,0x59704331058b8d3a09180658fe90e3d7cb2c9b704cb3b392b3d8cc5a69f25157:log:45,0x59704331058b8d3a09180658fe90e3d7cb2c9b704cb3b392b3d8cc5a69f25157,0x95b564f3b3bae3f206aa418667ba000afafacc8a,0xa5baf27fad7f20bbf3535ca8055de011814ecd51,6961.25888327,,,,ATA,erc20,"{'value': '0x01795edfa800f8c83c00', 'address': '0xa2120b9e674d3fc3875f415a7df52e382f141225', 'decimal': '0x12'}",{'blockTimestamp': '2022-04-24T05:30:47.000Z'}
594,0xdf5fcf,0x743d3c89e960287e05eac5d2ae2069fccba3861f066aa89194c58a268ff5b8d8:log:254,0x743d3c89e960287e05eac5d2ae2069fccba3861f066aa89194c58a268ff5b8d8,0x20e74b82e9c2b24063c516397cd1fc2eeeb17cc0,0x3c02290922a3618a4646e3bbca65853ea45fe7c6,32703.96,,,,ATA,erc20,"{'value': '0x06ece29e0afe67fc0000', 'address': '0xa2120b9e674d3fc3875f415a7df52e382f141225', 'decimal': '0x12'}",{'blockTimestamp': '2022-04-23T04:51:14.000Z'}
595,0xdf5fa1,0x895971a6c3a00158aa2982d6ea08aa4a39606a49941dad1f1656355748d2382c:log:68,0x895971a6c3a00158aa2982d6ea08aa4a39606a49941dad1f1656355748d2382c,0x28c6c06298d514db089934071355e5743bf21d60,0xdfd5293d8e347dfe59e90efd55b2956a1343963d,865449.7626327301,,,,ATA,erc20,"{'value': '0xb744202a051b36c08400', 'address': '0xa2120b9e674d3fc3875f415a7df52e382f141225', 'decimal': '0x12'}",{'blockTimestamp': '2022-04-23T04:40:29.000Z'}
596,0xdf5f5d,0x9a237c88b0b9091fb4685eead54c3425b497821c29210e65d4c26f89ffec7563:log:370,0x9a237c88b0b9091fb4685eead54c3425b497821c29210e65d4c26f89ffec7563,0xdfd5293d8e347dfe59e90efd55b2956a1343963d,0x20e74b82e9c2b24063c516397cd1fc2eeeb17cc0,32703.96,,,,ATA,erc20,"{'value': '0x06ece29e0afe67fc0000', 'address': '0xa2120b9e674d3fc3875f415a7df52e382f141225', 'decimal': '0x12'}",{'blockTimestamp': '2022-04-23T04:24:02.000Z'}
597,0xdf4d82,0x6bf68e95dddf0f257b70f2ba42e7bd41b32e113ced2dcd7f24bcc7398af5463c:log:46,0x6bf68e95dddf0f257b70f2ba42e7bd41b32e113ced2dcd7f24bcc7398af5463c,0x98cc9f4a509605c32166f10dd20a3bb990fabc6d,0x77bd0e8731276f30b88be5d7a98917fe9adc3b22,188.839,,,,ATA,erc20,"{'value': '0x0a3caae5fcf3fd8000', 'address': '0xa2120b9e674d3fc3875f415a7df52e382f141225', 'decimal': '0x12'}",{'blockTimestamp': '2022-04-22T11:23:27.000Z'}
598,0xdf3f6a,0xe41512c130a82943cc4658d45df70ad0547f18fbf716ef8daa36ee5cac7da442:log:38,0xe41512c130a82943cc4658d45df70ad0547f18fbf716ef8daa36ee5cac7da442,0x21a31ee1afc51d94c2efccaa2092ad1028285549,0xf5bfd198909955d19b8c55eeb4d521ce91af2689,15823.094000000001,,,,ATA,erc20,"{'value': '0x0359c58a7ea7aebf0000', 'address': '0xa2120b9e674d3fc3875f415a7df52e382f141225', 'decimal': '0x12'}",{'blockTimestamp': '2022-04-21T21:43:24.000Z'}
599,0xdf3b5c,0xee3f3cd8ecd82ee3afb237fd0fab0ad5080d1a18bf734c3fd18cd0e51359f03e:log:157,0xee3f3cd8ecd82ee3afb237fd0fab0ad5080d1a18bf734c3fd18cd0e51359f03e,0x4c3e5d6c762c3ff116b07cfb5f488b43ef4e4d45,0xff952b29f8baf6624fa95a2cb824a1ec57d4e06f,2951.0000000000005,,,,ATA,erc20,"{'value': '0x9ff95a10ee91bc0000', 'address': '0xa2120b9e674d3fc3875f415a7df52e382f141225', 'decimal': '0x12'}",{'blockTimestamp': '2022-04-21T17:54:02.000Z'}
600,0xdf3abd,0x7d83972b78704be0a20611a73b2529292658e8fa74da234e1eee83a05f855859:log:127,0x7d83972b78704be0a20611a73b2529292658e8fa74da234e1eee83a05f855859,0x28c6c06298d514db089934071355e5743bf21d60,0xa56680c0a8942e19982c9432b581e3599458fb74,32140.764,,,,ATA,erc20,"{'value': '0x06ce5ab3e8ef1f160000', 'address': '0xa2120b9e674d3fc3875f415a7df52e382f141225', 'decimal': '0x12'}",{'blockTimestamp': '2022-04-21T17:18:15.000Z'}
601,0xdf348e,0xe0fb9b0adf7fc534d4b65f193bae461fb9b064a4ec0ab88d3f17395779097208:log:79,0xe0fb9b0adf7fc534d4b65f193bae461fb9b064a4ec0ab88d3f17395779097208,0xdfd5293d8e347dfe59e90efd55b2956a1343963d,0x4a1e2510178f1389d16222ca39384b97665cc287,8643.159,,,,ATA,erc20,"{'value': '0x01d48bed3514bc758000', 'address': '0xa2120b9e674d3fc3875f415a7df52e382f141225', 'decimal': '0x12'}",{'blockTimestamp': '2022-04-21T11:14:51.000Z'}
602,0xdf3482,0x794cbcfc1f100176acc96ff4a455b473988749c3e9898b978a0730a3d0d20eb7:log:675,0x794cbcfc1f100176acc96ff4a455b473988749c3e9898b978a0730a3d0d20eb7,0x21a31ee1afc51d94c2efccaa2092ad1028285549,0x4a1e2510178f1389d16222ca39384b97665cc287,63.0,,,,ATA,erc20,"{'value': '0x036a4cf636319c0000', 'address': '0xa2120b9e674d3fc3875f415a7df52e382f141225', 'decimal': '0x12'}",{'blockTimestamp': '2022-04-21T11:12:06.000Z'}
603,0xdf341d,0x054a06daa2b7b2cdca7743d0ce6349713fefb2e7d608a1f8e56a8a6b27c59dc8:log:130,0x054a06daa2b7b2cdca7743d0ce6349713fefb2e7d608a1f8e56a8a6b27c59dc8,0x28c6c06298d514db089934071355e5743bf21d60,0x98cc9f4a509605c32166f10dd20a3bb990fabc6d,188.839,,,,ATA,erc20,"{'value': '0x0a3caae5fcf3fd8000', 'address': '0xa2120b9e674d3fc3875f415a7df52e382f141225', 'decimal': '0x12'}",{'blockTimestamp': '2022-04-21T10:49:48.000Z'}
604,0xdf31bc,0x9babd42941dcee468db7a8d310efb07142ef0a4e8d0991d9d6ba1a076319a564:log:564,0x9babd42941dcee468db7a8d310efb07142ef0a4e8d0991d9d6ba1a076319a564,0xc59cf04703c4f78f0aa3ac98c4478f5812ba9b51,0x28c6c06298d514db089934071355e5743bf21d60,3253.4464918500003,,,,ATA,erc20,"{'value': '0xb05ea3dad6dc0f6400', 'address': '0xa2120b9e674d3fc3875f415a7df52e382f141225', 'decimal': '0x12'}",{'blockTimestamp': '2022-04-21T08:30:40.000Z'}
605,0xdf312f,0x4015f70b6dba80bbf3cc42db3a5966ad35ac84ba6ef26a047b2fd84e4e2ca324:log:534,0x4015f70b6dba80bbf3cc42db3a5966ad35ac84ba6ef26a047b2fd84e4e2ca324,0x3c02290922a3618a4646e3bbca65853ea45fe7c6,0xc59cf04703c4f78f0aa3ac98c4478f5812ba9b51,3253.4464918500003,,,,ATA,erc20,"{'value': '0xb05ea3dad6dc0f6400', 'address': '0xa2120b9e674d3fc3875f415a7df52e382f141225', 'decimal': '0x12'}",{'blockTimestamp': '2022-04-21T08:01:38.000Z'}
606,0xdf28f8,0x1a0c466f8bf033d13c587036b15f3ce46752175e5dc87fc7841b02d40d9cd16f:log:106,0x1a0c466f8bf033d13c587036b15f3ce46752175e5dc87fc7841b02d40d9cd16f,0xdfd5293d8e347dfe59e90efd55b2956a1343963d,0xd6b38bea1b891c9064b1167fb68f8478f6829326,77641.00000000001,,,,ATA,erc20,"{'value': '0x1070ed52bc5a17840000', 'address': '0xa2120b9e674d3fc3875f415a7df52e382f141225', 'decimal': '0x12'}",{'blockTimestamp': '2022-04-20T23:47:42.000Z'}
607,0xdf18a1,0x2e9f32778f378a20c12b4002f1b994eb7f6a44479e487f127af8f4e1a4d69175:log:113,0x2e9f32778f378a20c12b4002f1b994eb7f6a44479e487f127af8f4e1a4d69175,0x053a00953095876496e89c06898f0e441b49266e,0xbe8ff5c9d74afd3f08886256f0b1e9ba18bf83b9,112500.0,,,,ATA,erc20,"{'value': '0x17d2a320dd7455500000', 'address': '0xa2120b9e674d3fc3875f415a7df52e382f141225', 'decimal': '0x12'}",{'blockTimestamp': '2022-04-20T08:29:46.000Z'}
608,0xdf1099,0xc68cf63554ff9beb4289b7d21df033029b7651927d1b0f068ca260f170e5374a:log:185,0xc68cf63554ff9beb4289b7d21df033029b7651927d1b0f068ca260f170e5374a,0xc59cf04703c4f78f0aa3ac98c4478f5812ba9b51,0x28c6c06298d514db089934071355e5743bf21d60,3041.4451491900004,,,,ATA,erc20,"{'value': '0xa4e087c8ebd8e4bc00', 'address': '0xa2120b9e674d3fc3875f415a7df52e382f141225', 'decimal': '0x12'}",{'blockTimestamp': '2022-04-20T00:30:10.000Z'}
609,0xdf1058,0x6ee6c821107b98161dbdb20e78d2d7f8d1fdc3ebe2ca098dc6c3be0d5c227bb3:log:179,0x6ee6c821107b98161dbdb20e78d2d7f8d1fdc3ebe2ca098dc6c3be0d5c227bb3,0x3c02290922a3618a4646e3bbca65853ea45fe7c6,0xc59cf04703c4f78f0aa3ac98c4478f5812ba9b51,3041.4451491900004,,,,ATA,erc20,"{'value': '0xa4e087c8ebd8e4bc00', 'address': '0xa2120b9e674d3fc3875f415a7df52e382f141225', 'decimal': '0x12'}",{'blockTimestamp': '2022-04-20T00:16:16.000Z'}
610,0xdedad9,0xf88a42544947cb22e408a9dad028526240a0d4d63e23d4178ac0f91cbf9756cb:log:311,0xf88a42544947cb22e408a9dad028526240a0d4d63e23d4178ac0f91cbf9756cb,0xf16e9b0d03470827a95cdfd0cb8a8a3b46969b91,0x9f93c9f128ac8ff9795de0abe63582d7ff46a8d7,683.5274668,,,,ATA,erc20,"{'value': '0x250dd96192249be000', 'address': '0xa2120b9e674d3fc3875f415a7df52e382f141225', 'decimal': '0x12'}",{'blockTimestamp': '2022-04-17T20:53:29.000Z'}
611,0xdecbe0,0x0cf0373b2cd78c7916519b1061adf1d2d58adaeefd6beacd0ccb45e7938b3e83:log:247,0x0cf0373b2cd78c7916519b1061adf1d2d58adaeefd6beacd0ccb45e7938b3e83,0x882d04c3d8410ddf2061b3cba2c3522854316feb,0x5654d65578cda52791879751141f2f3d7dc27fe4,544.2121118768733,,,,ATA,erc20,"{'value': '0x1d8075d064862e5a2f', 'address': '0xa2120b9e674d3fc3875f415a7df52e382f141225', 'decimal': '0x12'}",{'blockTimestamp': '2022-04-17T06:17:41.000Z'}
612,0xdecad9,0x90422f09910f02de5812023077e243d4ace209f5e7b151f5426d0d05a85a4de8:log:515,0x90422f09910f02de5812023077e243d4ace209f5e7b151f5426d0d05a85a4de8,0x88321dcb13aec42cb9dd8a44463be63ce48a6150,0x738cf6903e6c4e699d1c2dd9ab8b67fcdb3121ea,368.28811143999997,,,,ATA,erc20,"{'value': '0x13f7063614a4ad2000', 'address': '0xa2120b9e674d3fc3875f415a7df52e382f141225', 'decimal': '0x12'}",{'blockTimestamp': '2022-04-17T05:18:01.000Z'}
613,0xdec221,0x33532c1b043593a5ba68c7c5555ae5bfe3c6a1f28d2bef15f037867ff58b6052:log:329,0x33532c1b043593a5ba68c7c5555ae5bfe3c6a1f28d2bef15f037867ff58b6052,0x21a31ee1afc51d94c2efccaa2092ad1028285549,0x88321dcb13aec42cb9dd8a44463be63ce48a6150,368.28811143999997,,,,ATA,erc20,"{'value': '0x13f7063614a4ad2000', 'address': '0xa2120b9e674d3fc3875f415a7df52e382f141225', 'decimal': '0x12'}",{'blockTimestamp': '2022-04-16T21:02:26.000Z'}
614,0xdeab0b,0xf59707ae0e76c016d320e261fdda55d7f93384246d3385eb1472a14b5d6ee1dd:log:642,0xf59707ae0e76c016d320e261fdda55d7f93384246d3385eb1472a14b5d6ee1dd,0x398c54a913917042af8ea6a96025bf8176055df1,0x28c6c06298d514db089934071355e5743bf21d60,1095.0,,,,ATA,erc20,"{'value': '0x3b5c2d7a70fcbc0000', 'address': '0xa2120b9e674d3fc3875f415a7df52e382f141225', 'decimal': '0x12'}",{'blockTimestamp': '2022-04-15T23:00:27.000Z'}
615,0xdea9cd,0x670ca987f1bba67212f332429929354fedfb3672f5b4e9e4028efb238e30fd63:log:40,0x670ca987f1bba67212f332429929354fedfb3672f5b4e9e4028efb238e30fd63,0x9e9fd3724c69a7cc9cc8a246761036360acffedf,0x398c54a913917042af8ea6a96025bf8176055df1,1095.0,,,,ATA,erc20,"{'value': '0x3b5c2d7a70fcbc0000', 'address': '0xa2120b9e674d3fc3875f415a7df52e382f141225', 'decimal': '0x12'}",{'blockTimestamp': '2022-04-15T21:49:58.000Z'}
616,0xde9ecc,0xf63c979bd31e03c46dc2459ae6b3c9ef6408b8802551984e31f480be88ef6ba5:log:294,0xf63c979bd31e03c46dc2459ae6b3c9ef6408b8802551984e31f480be88ef6ba5,0x3f43152bb095e6bc48588f14fc055e3b0d7bea00,0x28c6c06298d514db089934071355e5743bf21d60,8022.12958229,,,,ATA,erc20,"{'value': '0x01b2e16980075439b400', 'address': '0xa2120b9e674d3fc3875f415a7df52e382f141225', 'decimal': '0x12'}",{'blockTimestamp': '2022-04-15T11:19:16.000Z'}
617,0xde9e66,0xdf672f4e6d52ac711634a60a9e32e01af3aab7914edad126e44d083192e4fa9e:log:108,0xdf672f4e6d52ac711634a60a9e32e01af3aab7914edad126e44d083192e4fa9e,0x18eb478048cf6c5da5b7e3bc1532d7ac98075a8c,0x3f43152bb095e6bc48588f14fc055e3b0d7bea00,8022.12958229,,,,ATA,erc20,"{'value': '0x01b2e16980075439b400', 'address': '0xa2120b9e674d3fc3875f415a7df52e382f141225', 'decimal': '0x12'}",{'blockTimestamp': '2022-04-15T11:00:19.000Z'}
618,0xde9de2,0x9110795a9aeea563aa1251f5ee8109e8650db2b81e49cae66d5050bf4c580e47:log:386,0x9110795a9aeea563aa1251f5ee8109e8650db2b81e49cae66d5050bf4c580e47,0x28c6c06298d514db089934071355e5743bf21d60,0x18eb478048cf6c5da5b7e3bc1532d7ac98075a8c,7584.12958229,,,,ATA,erc20,"{'value': '0x019b22f0e8a6ef21b400', 'address': '0xa2120b9e674d3fc3875f415a7df52e382f141225', 'decimal': '0x12'}",{'blockTimestamp': '2022-04-15T10:29:07.000Z'}
619,0xde6845,0x0c5020e087ac5177066a2dbbe5beb3ef7f624a33aa7dabadac84ed4c17d8bfb7:log:291,0x0c5020e087ac5177066a2dbbe5beb3ef7f624a33aa7dabadac84ed4c17d8bfb7,0xa2120b9e674d3fc3875f415a7df52e382f141225,0x053a00953095876496e89c06898f0e441b49266e,223212.85714285713,,,,ATA,erc20,"{'value': '0x2f4464aadb06adf36db7', 'address': '0xa2120b9e674d3fc3875f415a7df52e382f141225', 'decimal': '0x12'}",{'blockTimestamp': '2022-04-13T06:52:41.000Z'}
620,0xde6820,0x47a7c4634247016422deae7f485b94aa241e16225aa330cdafe090628c219e47:log:57,0x47a7c4634247016422deae7f485b94aa241e16225aa330cdafe090628c219e47,0xa2120b9e674d3fc3875f415a7df52e382f141225,0xbe8ff5c9d74afd3f08886256f0b1e9ba18bf83b9,53569.28571428571,,,,ATA,erc20,"{'value': '0x0b57ff2e1ee72fa52492', 'address': '0xa2120b9e674d3fc3875f415a7df52e382f141225', 'decimal': '0x12'}",{'blockTimestamp': '2022-04-13T06:41:24.000Z'}
621,0xde6506,0x2e4987fa49bacbe224df7be021cd2da3fff3ba4e666f5d0583b97c37e7ab2ffe:log:287,0x2e4987fa49bacbe224df7be021cd2da3fff3ba4e666f5d0583b97c37e7ab2ffe,0x21a31ee1afc51d94c2efccaa2092ad1028285549,0xf1127d90f1022881c147a78289b8ba32b15d05c4,2500.0,,,,ATA,erc20,"{'value': '0x878678326eac900000', 'address': '0xa2120b9e674d3fc3875f415a7df52e382f141225', 'decimal': '0x12'}",{'blockTimestamp': '2022-04-13T03:37:20.000Z'}
622,0xde64aa,0xd4eebdf03f959a64a2693c37c332ebf907e93f9cb08c941c53a1c19abf509df6:log:363,0xd4eebdf03f959a64a2693c37c332ebf907e93f9cb08c941c53a1c19abf509df6,0x28c6c06298d514db089934071355e5743bf21d60,0xf1ccf19f71d820db4cd1263516a958d3e6272021,2166.31,,,,ATA,erc20,"{'value': '0x756f972b65d0770000', 'address': '0xa2120b9e674d3fc3875f415a7df52e382f141225', 'decimal': '0x12'}",{'blockTimestamp': '2022-04-13T03:17:37.000Z'}
623,0xde4d3f,0x7369ce9edcb45915b04aaec5d499f741467cdd04a340a5f5d297cecaff8ac328:log:474,0x7369ce9edcb45915b04aaec5d499f741467cdd04a340a5f5d297cecaff8ac328,0x52d6b10f13e8cf6fb6a71eb66c9625b4acfc13c3,0xf16e9b0d03470827a95cdfd0cb8a8a3b46969b91,1012.0,,,,ATA,erc20,"{'value': '0x36dc523e31b7500000', 'address': '0xa2120b9e674d3fc3875f415a7df52e382f141225', 'decimal': '0x12'}",{'blockTimestamp': '2022-04-12T05:06:40.000Z'}
624,0xde47dd,0xad997a06181973f8471f2ac4c82328d0e0a8a154afca82565b09d4ee4b83a500:log:85,0xad997a06181973f8471f2ac4c82328d0e0a8a154afca82565b09d4ee4b83a500,0xdfd5293d8e347dfe59e90efd55b2956a1343963d,0xd6b38bea1b891c9064b1167fb68f8478f6829326,98217.51,,,,ATA,erc20,"{'value': '0x14cc61c3465460770000', 'address': '0xa2120b9e674d3fc3875f415a7df52e382f141225', 'decimal': '0x12'}",{'blockTimestamp': '2022-04-11T23:43:54.000Z'}
625,0xde4708,0xef05a5e878484c8223ee186bfad3aa7aa6c9077097e95eaf29d18e38175a39fb:log:164,0xef05a5e878484c8223ee186bfad3aa7aa6c9077097e95eaf29d18e38175a39fb,0x21a31ee1afc51d94c2efccaa2092ad1028285549,0xd6b38bea1b891c9064b1167fb68f8478f6829326,98217.51,,,,ATA,erc20,"{'value': '0x14cc61c3465460770000', 'address': '0xa2120b9e674d3fc3875f415a7df52e382f141225', 'decimal': '0x12'}",{'blockTimestamp': '2022-04-11T22:58:18.000Z'}
626,0xde4681,0xc7ea4571296d3a9a629edb4d0defb1cf245601fe0cbd3eb7ee0dca64427956f7:log:106,0xc7ea4571296d3a9a629edb4d0defb1cf245601fe0cbd3eb7ee0dca64427956f7,0x28c6c06298d514db089934071355e5743bf21d60,0x52d6b10f13e8cf6fb6a71eb66c9625b4acfc13c3,1012.0,,,,ATA,erc20,"{'value': '0x36dc523e31b7500000', 'address': '0xa2120b9e674d3fc3875f415a7df52e382f141225', 'decimal': '0x12'}",{'blockTimestamp': '2022-04-11T22:29:20.000Z'}
627,0xde1be5,0xe07ef1315a5e612f85ad5ab50259e245bc9a66564dbb4fbb83c89c50aaf399d8:log:204,0xe07ef1315a5e612f85ad5ab50259e245bc9a66564dbb4fbb83c89c50aaf399d8,0x0d0707963952f2fba59dd06f2b425ace40b492fe,0x23a926cc3261be0adba5259520e5b16eb77621f2,91.576388,,,,ATA,erc20,"{'value': '0x04f6e0afb189584000', 'address': '0xa2120b9e674d3fc3875f415a7df52e382f141225', 'decimal': '0x12'}",{'blockTimestamp': '2022-04-10T05:39:46.000Z'}
628,0xde064f,0x08c66cf4cde1fe5f0d00ee125450b95f2b272f36adaafdf7b7913fee8c3fd0c5:log:460,0x08c66cf4cde1fe5f0d00ee125450b95f2b272f36adaafdf7b7913fee8c3fd0c5,0xdfd5293d8e347dfe59e90efd55b2956a1343963d,0x18eb478048cf6c5da5b7e3bc1532d7ac98075a8c,438.0,,,,ATA,erc20,"{'value': '0x17be78976065180000', 'address': '0xa2120b9e674d3fc3875f415a7df52e382f141225', 'decimal': '0x12'}",{'blockTimestamp': '2022-04-09T09:02:30.000Z'}
629,0xddfac8,0x2bb66408627246b6e6ace9d4d5f73f6a3cdb2b25cda478ef32e0ca3dd79f309e:log:231,0x2bb66408627246b6e6ace9d4d5f73f6a3cdb2b25cda478ef32e0ca3dd79f309e,0x21a31ee1afc51d94c2efccaa2092ad1028285549,0xd6b38bea1b891c9064b1167fb68f8478f6829326,93560.51,,,,ATA,erc20,"{'value': '0x13cfece7ac2c4e530000', 'address': '0xa2120b9e674d3fc3875f415a7df52e382f141225', 'decimal': '0x12'}",{'blockTimestamp': '2022-04-08T21:59:04.000Z'}
630,0xdde42b,0xef607405f94a75f463d4da18e9fe0e179a894f23eb3fe669be5f496178086e32:log:54,0xef607405f94a75f463d4da18e9fe0e179a894f23eb3fe669be5f496178086e32,0x95b564f3b3bae3f206aa418667ba000afafacc8a,0xe30a35e92327fb2d8bc9234e80f72897198af344,378.03750256,,,,ATA,erc20,"{'value': '0x147e5301a6589fc000', 'address': '0xa2120b9e674d3fc3875f415a7df52e382f141225', 'decimal': '0x12'}",{'blockTimestamp': '2022-04-08T00:05:00.000Z'}
631,0xddd347,0xb376e5b896ff562bbfd6e797f07257331a0260fe1c71e0d443d8c9b2cbcdc90b:log:73,0xb376e5b896ff562bbfd6e797f07257331a0260fe1c71e0d443d8c9b2cbcdc90b,0x20e74b82e9c2b24063c516397cd1fc2eeeb17cc0,0x3c02290922a3618a4646e3bbca65853ea45fe7c6,42274.200000000004,,,,ATA,erc20,"{'value': '0x08f3b06099b06a5c0000', 'address': '0xa2120b9e674d3fc3875f415a7df52e382f141225', 'decimal': '0x12'}",{'blockTimestamp': '2022-04-07T07:51:34.000Z'}
632,0xddc5df,0x8b686692653e33433cc791f2148cb1b01aa0e9665fc77403ce23f7895a6d5d4d:log:367,0x8b686692653e33433cc791f2148cb1b01aa0e9665fc77403ce23f7895a6d5d4d,0x28c6c06298d514db089934071355e5743bf21d60,0x2ebb8f334bcbc87ef0f264ba5ca14f0547841035,521.42,,,,ATA,erc20,"{'value': '0x1c4427f766002e0000', 'address': '0xa2120b9e674d3fc3875f415a7df52e382f141225', 'decimal': '0x12'}",{'blockTimestamp': '2022-04-06T19:17:18.000Z'}
633,0xddbfea,0xa823652d8906f4312d0bb1364cf6a21c7e50dc66f5e228e724f15a0df9f34e19:log:153,0xa823652d8906f4312d0bb1364cf6a21c7e50dc66f5e228e724f15a0df9f34e19,0x74de5d4fcbf63e00296fd95d33236b9794016631,0x581d08f0c21f42589c7e251f313b7c4e034dd7ab,208.97253358069378,,,,ATA,erc20,"{'value': '0x0b5413941b92a3d230', 'address': '0xa2120b9e674d3fc3875f415a7df52e382f141225', 'decimal': '0x12'}",{'blockTimestamp': '2022-04-06T13:21:54.000Z'}
634,0xddbfea,0xa823652d8906f4312d0bb1364cf6a21c7e50dc66f5e228e724f15a0df9f34e19:log:150,0xa823652d8906f4312d0bb1364cf6a21c7e50dc66f5e228e724f15a0df9f34e19,0x5654d65578cda52791879751141f2f3d7dc27fe4,0x74de5d4fcbf63e00296fd95d33236b9794016631,208.97253358069378,,,,ATA,erc20,"{'value': '0x0b5413941b92a3d230', 'address': '0xa2120b9e674d3fc3875f415a7df52e382f141225', 'decimal': '0x12'}",{'blockTimestamp': '2022-04-06T13:21:54.000Z'}
635,0xddb543,0xf19959036f1f72c0665a4b032d32283434bbb540999187dac9c2af30e8f809b8:log:66,0xf19959036f1f72c0665a4b032d32283434bbb540999187dac9c2af30e8f809b8,0xec5e545df003e227ed91b2b3a861d06664610ae3,0xf16e9b0d03470827a95cdfd0cb8a8a3b46969b91,1927.02376725,,,,ATA,erc20,"{'value': '0x6876d3b2811f45b400', 'address': '0xa2120b9e674d3fc3875f415a7df52e382f141225', 'decimal': '0x12'}",{'blockTimestamp': '2022-04-06T03:10:33.000Z'}
636,0xddab76,0x3bf37cdc827a8c5487570328ae6738643b57e8e087b0242b952c00b517ef5bfe:log:42,0x3bf37cdc827a8c5487570328ae6738643b57e8e087b0242b952c00b517ef5bfe,0x30c5312d9cf0d873994f000e72f1cbf561d0209c,0xec5e545df003e227ed91b2b3a861d06664610ae3,1927.02376725,,,,ATA,erc20,"{'value': '0x6876d3b2811f45b400', 'address': '0xa2120b9e674d3fc3875f415a7df52e382f141225', 'decimal': '0x12'}",{'blockTimestamp': '2022-04-05T17:39:04.000Z'}
637,0xddab2b,0x81c37e1035bb7cdc564cae7d56272e2fc5e1a52db462dec9776894adbbc44e4e:log:207,0x81c37e1035bb7cdc564cae7d56272e2fc5e1a52db462dec9776894adbbc44e4e,0x5654d65578cda52791879751141f2f3d7dc27fe4,0x4bba5f077a8fcfaf8d6d07c6cfbce553e2d94c9c,979.2813254008381,,,,ATA,erc20,"{'value': '0x35164228ff4aab3395', 'address': '0xa2120b9e674d3fc3875f415a7df52e382f141225', 'decimal': '0x12'}",{'blockTimestamp': '2022-04-05T17:23:23.000Z'}
638,0xddab17,0xd2b90085610fed5a49482b966760010bc4bcbceeba32a12c9d64aaca4fdd6e25:log:164,0xd2b90085610fed5a49482b966760010bc4bcbceeba32a12c9d64aaca4fdd6e25,0x40ec5b33f54e0e8a33a975908c5ba1c14e5bbbdf,0x882d04c3d8410ddf2061b3cba2c3522854316feb,1088.4242237537467,,,,ATA,erc20,"{'value': '0x3b00eba0c90c5cb45e', 'address': '0xa2120b9e674d3fc3875f415a7df52e382f141225', 'decimal': '0x12'}",{'blockTimestamp': '2022-04-05T17:19:23.000Z'}
639,0xddab15,0xebd470c55b72608e439815c8930f9cc55684b9512ca596a103d86538926c9c3e:log:25,0xebd470c55b72608e439815c8930f9cc55684b9512ca596a103d86538926c9c3e,0x364c90218f6664f6c8b154ad9c3e31947cd3640c,0x5654d65578cda52791879751141f2f3d7dc27fe4,1552.3691223455048,,,,ATA,erc20,"{'value': '0x54277303f818b75a46', 'address': '0xa2120b9e674d3fc3875f415a7df52e382f141225', 'decimal': '0x12'}",{'blockTimestamp': '2022-04-05T17:18:44.000Z'}
640,0xddab15,0xebd470c55b72608e439815c8930f9cc55684b9512ca596a103d86538926c9c3e:log:24,0xebd470c55b72608e439815c8930f9cc55684b9512ca596a103d86538926c9c3e,0x40ec5b33f54e0e8a33a975908c5ba1c14e5bbbdf,0x364c90218f6664f6c8b154ad9c3e31947cd3640c,1552.3691223455048,,,,ATA,erc20,"{'value': '0x54277303f818b75a46', 'address': '0xa2120b9e674d3fc3875f415a7df52e382f141225', 'decimal': '0x12'}",{'blockTimestamp': '2022-04-05T17:18:44.000Z'}
641,0xddaabd,0x9538488d88f8ca996ae1ccae2703449524872319a16a426482e71db4c42d682c:log:202,0x9538488d88f8ca996ae1ccae2703449524872319a16a426482e71db4c42d682c,0xdfd5293d8e347dfe59e90efd55b2956a1343963d,0xafc40fb7ed3b99310bd7f96d954bf8f44dd0d18d,1544.0,,,,ATA,erc20,"{'value': '0x53b34deb8993200000', 'address': '0xa2120b9e674d3fc3875f415a7df52e382f141225', 'decimal': '0x12'}",{'blockTimestamp': '2022-04-05T16:56:58.000Z'}
642,0xddaaa6,0xf1eab17559f7d2c04b292e0fa430d1a1447a8ea88c791877e1e657e455c2bfb2:log:110,0xf1eab17559f7d2c04b292e0fa430d1a1447a8ea88c791877e1e657e455c2bfb2,0x21a31ee1afc51d94c2efccaa2092ad1028285549,0x2543e9dd96091fb9f608d7471a4214569e17d8fb,2005.0,,,,ATA,erc20,"{'value': '0x6cb0f6ed0e02340000', 'address': '0xa2120b9e674d3fc3875f415a7df52e382f141225', 'decimal': '0x12'}",{'blockTimestamp': '2022-04-05T16:52:45.000Z'}
643,0xddaa9c,0x4ab7ad5a545da57320b5429b86d73a7279aeee844948ec22f55246581001c84e:log:81,0x4ab7ad5a545da57320b5429b86d73a7279aeee844948ec22f55246581001c84e,0x0d0707963952f2fba59dd06f2b425ace40b492fe,0x30c5312d9cf0d873994f000e72f1cbf561d0209c,1927.02376725,,,,ATA,erc20,"{'value': '0x6876d3b2811f45b400', 'address': '0xa2120b9e674d3fc3875f415a7df52e382f141225', 'decimal': '0x12'}",{'blockTimestamp': '2022-04-05T16:49:30.000Z'}
644,0xddaa9a,0xe47c655561da0a9fdd0e8fe531ad193e14ca11373ff66eaf518864a238d0ce9e:log:32,0xe47c655561da0a9fdd0e8fe531ad193e14ca11373ff66eaf518864a238d0ce9e,0x2543e9dd96091fb9f608d7471a4214569e17d8fb,0x5654d65578cda52791879751141f2f3d7dc27fe4,1128.7906979228874,,,,ATA,erc20,"{'value': '0x3d311e272be2f66114', 'address': '0xa2120b9e674d3fc3875f415a7df52e382f141225', 'decimal': '0x12'}",{'blockTimestamp': '2022-04-05T16:48:29.000Z'}
645,0xddaa90,0x8a122e095cf17da149179921164efba63745762dfdf2a95b3dd50dddbcb2c2a8:log:64,0x8a122e095cf17da149179921164efba63745762dfdf2a95b3dd50dddbcb2c2a8,0xafc40fb7ed3b99310bd7f96d954bf8f44dd0d18d,0x5654d65578cda52791879751141f2f3d7dc27fe4,933.0,,,,ATA,erc20,"{'value': '0x3293f9dcc10f740000', 'address': '0xa2120b9e674d3fc3875f415a7df52e382f141225', 'decimal': '0x12'}",{'blockTimestamp': '2022-04-05T16:46:22.000Z'}
646,0xddaa8f,0xc405942be38d4997419dab1e2339fe1acae46febc04e654922e7beb387f99806:log:31,0xc405942be38d4997419dab1e2339fe1acae46febc04e654922e7beb387f99806,0xe8c060f8052e07423f71d445277c61ac5138a2e5,0x5654d65578cda52791879751141f2f3d7dc27fe4,101.61818771237014,,,,ATA,erc20,"{'value': '0x05823c535402c98649', 'address': '0xa2120b9e674d3fc3875f415a7df52e382f141225', 'decimal': '0x12'}",{'blockTimestamp': '2022-04-05T16:46:17.000Z'}
647,0xddaa8f,0x4f9f211dd0077df242e1c4bd88c82a4162a3c8d871e476038a51efb63ee1e48d:log:30,0x4f9f211dd0077df242e1c4bd88c82a4162a3c8d871e476038a51efb63ee1e48d,0xe66b31678d6c16e9ebf358268a790b763c133750,0x92d4d4d3ebdc1dc457709b6161bab07323f2c667,1973.806814113966,,,,ATA,erc20,"{'value': '0x6b001277c28c6cdacd', 'address': '0xa2120b9e674d3fc3875f415a7df52e382f141225', 'decimal': '0x12'}",{'blockTimestamp': '2022-04-05T16:46:17.000Z'}
648,0xddaa8f,0x4f9f211dd0077df242e1c4bd88c82a4162a3c8d871e476038a51efb63ee1e48d:log:27,0x4f9f211dd0077df242e1c4bd88c82a4162a3c8d871e476038a51efb63ee1e48d,0x5654d65578cda52791879751141f2f3d7dc27fe4,0xe66b31678d6c16e9ebf358268a790b763c133750,1973.806814113966,,,,ATA,erc20,"{'value': '0x6b001277c28c6cdacd', 'address': '0xa2120b9e674d3fc3875f415a7df52e382f141225', 'decimal': '0x12'}",{'blockTimestamp': '2022-04-05T16:46:17.000Z'}
649,0xddaa8f,0xadf1a613af1690a8e7710d78a2874d669f12b9fbf091e242514430cf71ab1ea2:log:22,0xadf1a613af1690a8e7710d78a2874d669f12b9fbf091e242514430cf71ab1ea2,0x5654d65578cda52791879751141f2f3d7dc27fe4,0xe8c060f8052e07423f71d445277c61ac5138a2e5,101.61818771237014,,,,ATA,erc20,"{'value': '0x05823c535402c9864a', 'address': '0xa2120b9e674d3fc3875f415a7df52e382f141225', 'decimal': '0x12'}",{'blockTimestamp': '2022-04-05T16:46:17.000Z'}
650,0xddaa36,0xc8dd55ee8c75f650565844d52a6500f4190419c4135e2be65c6d2fca8236d006:log:144,0xc8dd55ee8c75f650565844d52a6500f4190419c4135e2be65c6d2fca8236d006,0xf16e9b0d03470827a95cdfd0cb8a8a3b46969b91,0x5fd8624bd6ba75162191c1aaa793f510b7abdede,3400.2626,,,,ATA,erc20,"{'value': '0xb8541f73562e248000', 'address': '0xa2120b9e674d3fc3875f415a7df52e382f141225', 'decimal': '0x12'}",{'blockTimestamp': '2022-04-05T16:27:50.000Z'}
651,0xddaa25,0x1be495f92b130c9359970dde5d76ca5cae4c07285ce92802e00c13f78baf273d:log:132,0x1be495f92b130c9359970dde5d76ca5cae4c07285ce92802e00c13f78baf273d,0xf16e9b0d03470827a95cdfd0cb8a8a3b46969b91,0x5fd8624bd6ba75162191c1aaa793f510b7abdede,100.0,,,,ATA,erc20,"{'value': '0x056bc75e2d63100000', 'address': '0xa2120b9e674d3fc3875f415a7df52e382f141225', 'decimal': '0x12'}",{'blockTimestamp': '2022-04-05T16:24:12.000Z'}
652,0xdd9985,0x95b8162eaf99c5cc813dcd64aa04cbf1631bc5222323a995d3cd2c8164b6afd9:log:57,0x95b8162eaf99c5cc813dcd64aa04cbf1631bc5222323a995d3cd2c8164b6afd9,0xe66b31678d6c16e9ebf358268a790b763c133750,0x87cf22a6c0f40b70de58f28ab0d5155e8fa32bad,172.47756494877356,,,,ATA,erc20,"{'value': '0x09599b677ee003a8eb', 'address': '0xa2120b9e674d3fc3875f415a7df52e382f141225', 'decimal': '0x12'}",{'blockTimestamp': '2022-04-05T00:37:06.000Z'}
653,0xdd9985,0x95b8162eaf99c5cc813dcd64aa04cbf1631bc5222323a995d3cd2c8164b6afd9:log:54,0x95b8162eaf99c5cc813dcd64aa04cbf1631bc5222323a995d3cd2c8164b6afd9,0x5654d65578cda52791879751141f2f3d7dc27fe4,0xe66b31678d6c16e9ebf358268a790b763c133750,172.47756494877356,,,,ATA,erc20,"{'value': '0x09599b677ee003a8eb', 'address': '0xa2120b9e674d3fc3875f415a7df52e382f141225', 'decimal': '0x12'}",{'blockTimestamp': '2022-04-05T00:37:06.000Z'}
654,0xdd83d1,0x2d44c5186adba454a4f53ca7a955afdbb2b439bc0a3f748c84369014eefc4673:log:173,0x2d44c5186adba454a4f53ca7a955afdbb2b439bc0a3f748c84369014eefc4673,0x74de5d4fcbf63e00296fd95d33236b9794016631,0x5c95fcd4375a7961d8c99edf9701f751109b0443,29.84105802875511,,,,ATA,erc20,"{'value': '0x019e20bc2c25c44abc', 'address': '0xa2120b9e674d3fc3875f415a7df52e382f141225', 'decimal': '0x12'}",{'blockTimestamp': '2022-04-04T03:43:45.000Z'}
655,0xdd83d1,0x2d44c5186adba454a4f53ca7a955afdbb2b439bc0a3f748c84369014eefc4673:log:170,0x2d44c5186adba454a4f53ca7a955afdbb2b439bc0a3f748c84369014eefc4673,0x5654d65578cda52791879751141f2f3d7dc27fe4,0x74de5d4fcbf63e00296fd95d33236b9794016631,29.84105802875511,,,,ATA,erc20,"{'value': '0x019e20bc2c25c44abc', 'address': '0xa2120b9e674d3fc3875f415a7df52e382f141225', 'decimal': '0x12'}",{'blockTimestamp': '2022-04-04T03:43:45.000Z'}
656,0xdd727f,0x80fc6cb2fc2a365adf8eb08e16962e63aed281c904b9f6c579fd3037d9e9ce76:log:18,0x80fc6cb2fc2a365adf8eb08e16962e63aed281c904b9f6c579fd3037d9e9ce76,0xfa922f0b90f5ee16ecb87c75cf301c482a090612,0x28c6c06298d514db089934071355e5743bf21d60,11988.939,,,,ATA,erc20,"{'value': '0x0289ebf39460fae78000', 'address': '0xa2120b9e674d3fc3875f415a7df52e382f141225', 'decimal': '0x12'}",{'blockTimestamp': '2022-04-03T11:01:10.000Z'}
657,0xdd7238,0xf4d345b08cc697733cfd1261697ef6712aea341351541384a70bad12b69de1a3:log:423,0xf4d345b08cc697733cfd1261697ef6712aea341351541384a70bad12b69de1a3,0x9ea979c27236049a0af165f4391681d67015bddc,0xfa922f0b90f5ee16ecb87c75cf301c482a090612,11988.939,,,,ATA,erc20,"{'value': '0x0289ebf39460fae78000', 'address': '0xa2120b9e674d3fc3875f415a7df52e382f141225', 'decimal': '0x12'}",{'blockTimestamp': '2022-04-03T10:43:55.000Z'}
658,0xdd6abf,0x3ae044c4be53f5b0728bfee02e47cff0d0b99bbe038a17af93bdb9acf2aa9352:log:36,0x3ae044c4be53f5b0728bfee02e47cff0d0b99bbe038a17af93bdb9acf2aa9352,0xd6d161ea346bebc857451bf443a5b1e926d6d2a5,0x632e435b70c676d6c7d214fcae5e858bc4139bcb,240.78919496836667,,,,ATA,erc20,"{'value': '0x0d0d9f111161c56bf4', 'address': '0xa2120b9e674d3fc3875f415a7df52e382f141225', 'decimal': '0x12'}",{'blockTimestamp': '2022-04-03T03:25:22.000Z'}
659,0xdd601c,0x9b5a92cff0bb134041fbfb96693f783bc26654dd2d70542d81871313c1e1bce9:log:213,0x9b5a92cff0bb134041fbfb96693f783bc26654dd2d70542d81871313c1e1bce9,0xded7e3fd582f6c0713b3e148f4d57cd6e3522194,0x28c6c06298d514db089934071355e5743bf21d60,5080.996,,,,ATA,erc20,"{'value': '0x011370fbfdbabcaa0000', 'address': '0xa2120b9e674d3fc3875f415a7df52e382f141225', 'decimal': '0x12'}",{'blockTimestamp': '2022-04-02T17:30:10.000Z'}
660,0xdd5fef,0x8bf95b1a202714741658014ab2527d6085706f1974e88aaa99c5933d35fee393:log:482,0x8bf95b1a202714741658014ab2527d6085706f1974e88aaa99c5933d35fee393,0x05be4d5048fd82398e138e3915d99b4c6f4e912c,0xded7e3fd582f6c0713b3e148f4d57cd6e3522194,5080.996,,,,ATA,erc20,"{'value': '0x011370fbfdbabcaa0000', 'address': '0xa2120b9e674d3fc3875f415a7df52e382f141225', 'decimal': '0x12'}",{'blockTimestamp': '2022-04-02T17:21:46.000Z'}
661,0xdd4548,0x77b3c2cace90eac3b22069fb57b7cdc4b0eece496419033242b375a8171e9c39:log:351,0x77b3c2cace90eac3b22069fb57b7cdc4b0eece496419033242b375a8171e9c39,0xa305fab8bda7e1638235b054889b3217441dd645,0x28c6c06298d514db089934071355e5743bf21d60,2986.102609,,,,ATA,erc20,"{'value': '0xa1e07f95d5f82a1000', 'address': '0xa2120b9e674d3fc3875f415a7df52e382f141225', 'decimal': '0x12'}",{'blockTimestamp': '2022-04-01T15:30:02.000Z'}
662,0xdd4037,0x3d6319221321558c8873db4c3fdc3ce23d36915dcf799cec2eb23fa9f4f3d9e7:log:160,0x3d6319221321558c8873db4c3fdc3ce23d36915dcf799cec2eb23fa9f4f3d9e7,0x48c04ed5691981c42154c6167398f95e8f38a7ff,0xa305fab8bda7e1638235b054889b3217441dd645,2986.102609,,,,ATA,erc20,"{'value': '0xa1e07f95d5f82a1000', 'address': '0xa2120b9e674d3fc3875f415a7df52e382f141225', 'decimal': '0x12'}",{'blockTimestamp': '2022-04-01T10:49:33.000Z'}
663,0xdd2aa4,0xad1b43a336da91db2745372b9414b96d933b5242c54c705fb8d435757cd90bbc:log:490,0xad1b43a336da91db2745372b9414b96d933b5242c54c705fb8d435757cd90bbc,0xc8e310fda929f978c162942e922560866ddbfa2e,0x28c6c06298d514db089934071355e5743bf21d60,1538.9423,,,,ATA,erc20,"{'value': '0x536d1d5c2f2aa1c000', 'address': '0xa2120b9e674d3fc3875f415a7df52e382f141225', 'decimal': '0x12'}",{'blockTimestamp': '2022-03-31T14:01:23.000Z'}
664,0xdd2a3a,0xa9e2f8148b9ad43681fba731f1a7d378ee884815aa55480075a20b863922032e:log:113,0xa9e2f8148b9ad43681fba731f1a7d378ee884815aa55480075a20b863922032e,0x0d0707963952f2fba59dd06f2b425ace40b492fe,0x402b947f89ae8805893520b3344b4f41a3b91298,3.7458,,,,ATA,erc20,"{'value': '0x33fbc140ffa88000', 'address': '0xa2120b9e674d3fc3875f415a7df52e382f141225', 'decimal': '0x12'}",{'blockTimestamp': '2022-03-31T13:37:35.000Z'}
665,0xdd2a24,0x0da5044cfc48ecae3ed48b71c348cc88e2b2e07bd169342e1a08ddef2259fb53:log:188,0x0da5044cfc48ecae3ed48b71c348cc88e2b2e07bd169342e1a08ddef2259fb53,0xf16e9b0d03470827a95cdfd0cb8a8a3b46969b91,0xc8e310fda929f978c162942e922560866ddbfa2e,1538.9423,,,,ATA,erc20,"{'value': '0x536d1d5c2f2aa1c000', 'address': '0xa2120b9e674d3fc3875f415a7df52e382f141225', 'decimal': '0x12'}",{'blockTimestamp': '2022-03-31T13:33:24.000Z'}
666,0xdd2884,0x30c7d6004d1765fdb9743a4176eb0ba4b9488be83676529f7dfb50e8de4f0380:log:131,0x30c7d6004d1765fdb9743a4176eb0ba4b9488be83676529f7dfb50e8de4f0380,0x28c6c06298d514db089934071355e5743bf21d60,0x20e74b82e9c2b24063c516397cd1fc2eeeb17cc0,42274.200000000004,,,,ATA,erc20,"{'value': '0x08f3b06099b06a5c0000', 'address': '0xa2120b9e674d3fc3875f415a7df52e382f141225', 'decimal': '0x12'}",{'blockTimestamp': '2022-03-31T12:00:43.000Z'}
667,0xdd165b,0xbdea96a4d7cc83110bd308159da83b687f72c0739077a86cd4ab877029be9f96:log:301,0xbdea96a4d7cc83110bd308159da83b687f72c0739077a86cd4ab877029be9f96,0x3b92c73c6f753455c3e744631f424f6ed6394927,0x28c6c06298d514db089934071355e5743bf21d60,112470.995094,,,,ATA,erc20,"{'value': '0x17d1109abd1f3bb76000', 'address': '0xa2120b9e674d3fc3875f415a7df52e382f141225', 'decimal': '0x12'}",{'blockTimestamp': '2022-03-30T18:35:21.000Z'}
668,0xdd044c,0x2dd47923cb6eaec49c4c0b2c1432b0ff5dd9cfcebcc3605007a414c1321e7785:log:213,0x2dd47923cb6eaec49c4c0b2c1432b0ff5dd9cfcebcc3605007a414c1321e7785,0xd596fe3737bf533fdd9533f879ae20cfd856d921,0xed22826389575dd7e6f1cef2361c586c5690cb20,225.88957026439334,,,,ATA,erc20,"{'value': '0x0c3ed8f7575ace9ea8', 'address': '0xa2120b9e674d3fc3875f415a7df52e382f141225', 'decimal': '0x12'}",{'blockTimestamp': '2022-03-30T01:13:54.000Z'}
669,0xdcf85c,0x2ea919d8b46d358c6508b6f3e58abddc029614a49948655370c943a1cd0f0aeb:log:383,0x2ea919d8b46d358c6508b6f3e58abddc029614a49948655370c943a1cd0f0aeb,0x21a31ee1afc51d94c2efccaa2092ad1028285549,0x9ea979c27236049a0af165f4391681d67015bddc,11988.939,,,,ATA,erc20,"{'value': '0x0289ebf39460fae78000', 'address': '0xa2120b9e674d3fc3875f415a7df52e382f141225', 'decimal': '0x12'}",{'blockTimestamp': '2022-03-29T13:59:08.000Z'}
670,0xdcf460,0x63c2401561632e909910d857acbf76a51d8dac55225cfa1b586efa18ea0e3c71:log:166,0x63c2401561632e909910d857acbf76a51d8dac55225cfa1b586efa18ea0e3c71,0xe66b31678d6c16e9ebf358268a790b763c133750,0x88c23659be38f7c77b54c1eba3bb6c9223f8a226,577.2098019800577,,,,ATA,erc20,"{'value': '0x1f4a6528b656e7885d', 'address': '0xa2120b9e674d3fc3875f415a7df52e382f141225', 'decimal': '0x12'}",{'blockTimestamp': '2022-03-29T10:07:44.000Z'}
671,0xdcf460,0x63c2401561632e909910d857acbf76a51d8dac55225cfa1b586efa18ea0e3c71:log:163,0x63c2401561632e909910d857acbf76a51d8dac55225cfa1b586efa18ea0e3c71,0x5654d65578cda52791879751141f2f3d7dc27fe4,0xe66b31678d6c16e9ebf358268a790b763c133750,577.2098019800577,,,,ATA,erc20,"{'value': '0x1f4a6528b656e7885d', 'address': '0xa2120b9e674d3fc3875f415a7df52e382f141225', 'decimal': '0x12'}",{'blockTimestamp': '2022-03-29T10:07:44.000Z'}
672,0xdcf308,0xcc63b85925ee21248beb4366c4c9d5af0f9d0ab87789c4a673726850d68044b9:log:111,0xcc63b85925ee21248beb4366c4c9d5af0f9d0ab87789c4a673726850d68044b9,0xe66b31678d6c16e9ebf358268a790b763c133750,0xd596fe3737bf533fdd9533f879ae20cfd856d921,225.88957026439334,,,,ATA,erc20,"{'value': '0x0c3ed8f7575ace9ea8', 'address': '0xa2120b9e674d3fc3875f415a7df52e382f141225', 'decimal': '0x12'}",{'blockTimestamp': '2022-03-29T08:42:53.000Z'}
673,0xdcf308,0xcc63b85925ee21248beb4366c4c9d5af0f9d0ab87789c4a673726850d68044b9:log:108,0xcc63b85925ee21248beb4366c4c9d5af0f9d0ab87789c4a673726850d68044b9,0x5654d65578cda52791879751141f2f3d7dc27fe4,0xe66b31678d6c16e9ebf358268a790b763c133750,225.88957026439334,,,,ATA,erc20,"{'value': '0x0c3ed8f7575ace9ea8', 'address': '0xa2120b9e674d3fc3875f415a7df52e382f141225', 'decimal': '0x12'}",{'blockTimestamp': '2022-03-29T08:42:53.000Z'}
674,0xdcec66,0xddf276abb45f548f57f2cf1e165d742f3780d365ffffc2ed4ce6c9f7261cda24:log:34,0xddf276abb45f548f57f2cf1e165d742f3780d365ffffc2ed4ce6c9f7261cda24,0xf3e36ad56aa85abdacc18c02d19509ae4f7d5899,0x3b92c73c6f753455c3e744631f424f6ed6394927,112470.995094,,,,ATA,erc20,"{'value': '0x17d1109abd1f3bb76000', 'address': '0xa2120b9e674d3fc3875f415a7df52e382f141225', 'decimal': '0x12'}",{'blockTimestamp': '2022-03-29T02:32:50.000Z'}
675,0xdcdcb8,0x7561222b5c54e7af261b1c3e056a8af3dd7e476237d1b7d8fb7f8e3c5475f5df:log:479,0x7561222b5c54e7af261b1c3e056a8af3dd7e476237d1b7d8fb7f8e3c5475f5df,0x312c0cf5cb72b05d5be8d89411741048930fd280,0x28c6c06298d514db089934071355e5743bf21d60,8193.732,,,,ATA,erc20,"{'value': '0x01bc2edfc1bf4efa0000', 'address': '0xa2120b9e674d3fc3875f415a7df52e382f141225', 'decimal': '0x12'}",{'blockTimestamp': '2022-03-28T11:29:57.000Z'}
676,0xdcdbe4,0xa90f5a5053fe704c317a2ce9aacb944ec6525d5430d1c9ac01d953e3dc4be2d4:log:325,0xa90f5a5053fe704c317a2ce9aacb944ec6525d5430d1c9ac01d953e3dc4be2d4,0x3c02290922a3618a4646e3bbca65853ea45fe7c6,0x312c0cf5cb72b05d5be8d89411741048930fd280,8193.732,,,,ATA,erc20,"{'value': '0x01bc2edfc1bf4efa0000', 'address': '0xa2120b9e674d3fc3875f415a7df52e382f141225', 'decimal': '0x12'}",{'blockTimestamp': '2022-03-28T10:42:10.000Z'}
677,0xdcd582,0xf990b29fb52c181940c07a5608dbea19d2245b04340e53afb5a4b6c29df6df5f:log:228,0xf990b29fb52c181940c07a5608dbea19d2245b04340e53afb5a4b6c29df6df5f,0x28c6c06298d514db089934071355e5743bf21d60,0xd6b38bea1b891c9064b1167fb68f8478f6829326,92347.48,,,,ATA,erc20,"{'value': '0x138e2abb6614da3c0000', 'address': '0xa2120b9e674d3fc3875f415a7df52e382f141225', 'decimal': '0x12'}",{'blockTimestamp': '2022-03-28T04:33:19.000Z'}
678,0xdcc970,0xc85291ae16b1f99b5ff03818b197e87b56d95d7f025c293a5e0b8be18e1c0b1e:log:85,0xc85291ae16b1f99b5ff03818b197e87b56d95d7f025c293a5e0b8be18e1c0b1e,0x6767526a362ec6c6b1df185478e4f01506b73ff3,0x28c6c06298d514db089934071355e5743bf21d60,32689.000000000004,,,,ATA,erc20,"{'value': '0x06ec1301724158240000', 'address': '0xa2120b9e674d3fc3875f415a7df52e382f141225', 'decimal': '0x12'}",{'blockTimestamp': '2022-03-27T17:00:00.000Z'}
679,0xdcb8dc,0x677c622db5319f4562925299679611f8f5e326cfdc2f13d1287868d28e0271ed:log:295,0x677c622db5319f4562925299679611f8f5e326cfdc2f13d1287868d28e0271ed,0xdfd5293d8e347dfe59e90efd55b2956a1343963d,0xd6b38bea1b891c9064b1167fb68f8478f6829326,109330.48,,,,ATA,erc20,"{'value': '0x1726d133ce4a85380000', 'address': '0xa2120b9e674d3fc3875f415a7df52e382f141225', 'decimal': '0x12'}",{'blockTimestamp': '2022-03-27T01:17:18.000Z'}
680,0xdcaa83,0xa3648d81c60549f93532d0d08bf2d268c5e415049b185f85866e11910703a9f1:log:406,0xa3648d81c60549f93532d0d08bf2d268c5e415049b185f85866e11910703a9f1,0x3c02290922a3618a4646e3bbca65853ea45fe7c6,0x6767526a362ec6c6b1df185478e4f01506b73ff3,32689.000000000004,,,,ATA,erc20,"{'value': '0x06ec1301724158240000', 'address': '0xa2120b9e674d3fc3875f415a7df52e382f141225', 'decimal': '0x12'}",{'blockTimestamp': '2022-03-26T11:30:47.000Z'}
681,0xdc9efb,0x6a612858bfa22ad51391ae9b3fc297bbeab5d953c93dc74f1c55c961b2d5b839:log:175,0x6a612858bfa22ad51391ae9b3fc297bbeab5d953c93dc74f1c55c961b2d5b839,0x21a31ee1afc51d94c2efccaa2092ad1028285549,0xd6b38bea1b891c9064b1167fb68f8478f6829326,56487.49,,,,ATA,erc20,"{'value': '0x0bf631666773862d0000', 'address': '0xa2120b9e674d3fc3875f415a7df52e382f141225', 'decimal': '0x12'}",{'blockTimestamp': '2022-03-26T00:28:19.000Z'}
682,0xdc9627,0x395b9010bb44004609c5b9e9336b1990c4a9cc69db6542af76da734a4c0c2130:log:153,0x395b9010bb44004609c5b9e9336b1990c4a9cc69db6542af76da734a4c0c2130,0x8992a7c145bf2e7e19cd55d38318b11328d3e7ad,0x28c6c06298d514db089934071355e5743bf21d60,5000.0,,,,ATA,erc20,"{'value': '0x010f0cf064dd59200000', 'address': '0xa2120b9e674d3fc3875f415a7df52e382f141225', 'decimal': '0x12'}",{'blockTimestamp': '2022-03-25T15:52:38.000Z'}
683,0xdc939d,0x0e7780aa7e70ac4ab7a5d342d8dc054d2b405d9bd541718f9f9f49a54016cd0d:log:132,0x0e7780aa7e70ac4ab7a5d342d8dc054d2b405d9bd541718f9f9f49a54016cd0d,0x28c6c06298d514db089934071355e5743bf21d60,0x9b30a672472df0fc28e47af4fa851c080a925755,4761.999999999999,,,,ATA,erc20,"{'value': '0x0102260689d7ba280000', 'address': '0xa2120b9e674d3fc3875f415a7df52e382f141225', 'decimal': '0x12'}",{'blockTimestamp': '2022-03-25T13:29:32.000Z'}
684,0xdc9390,0xbcae3574251680dfeacd2fad92872b7ac1f7d6992f9d790b27ac0634bff5cafc:log:79,0xbcae3574251680dfeacd2fad92872b7ac1f7d6992f9d790b27ac0634bff5cafc,0xdfd5293d8e347dfe59e90efd55b2956a1343963d,0x1d682ed9f8d15026200085cb6341c3895b60c007,139942.0,,,,ATA,erc20,"{'value': '0x1da24561a381d2d80000', 'address': '0xa2120b9e674d3fc3875f415a7df52e382f141225', 'decimal': '0x12'}",{'blockTimestamp': '2022-03-25T13:25:28.000Z'}
685,0xdc925b,0xdefc0aaed960b1edb6225ba148cde637d1d972f966061328c58060735d228544:log:81,0xdefc0aaed960b1edb6225ba148cde637d1d972f966061328c58060735d228544,0x1d682ed9f8d15026200085cb6341c3895b60c007,0x8992a7c145bf2e7e19cd55d38318b11328d3e7ad,5000.0,,,,ATA,erc20,"{'value': '0x010f0cf064dd59200000', 'address': '0xa2120b9e674d3fc3875f415a7df52e382f141225', 'decimal': '0x12'}",{'blockTimestamp': '2022-03-25T12:17:43.000Z'}
686,0xdc9232,0xe392a66565006861911639652c5bf64c266dc3e5b9852e380d7ccd032a44063f:log:436,0xe392a66565006861911639652c5bf64c266dc3e5b9852e380d7ccd032a44063f,0x21a31ee1afc51d94c2efccaa2092ad1028285549,0x1d682ed9f8d15026200085cb6341c3895b60c007,29942.0,,,,ATA,erc20,"{'value': '0x065728b8f87c2a180000', 'address': '0xa2120b9e674d3fc3875f415a7df52e382f141225', 'decimal': '0x12'}",{'blockTimestamp': '2022-03-25T12:09:34.000Z'}
687,0xdc91ef,0x08ca085e9a3b678c1b1517c8775ece90981ad071685a1b5e1ab5920706c96230:log:420,0x08ca085e9a3b678c1b1517c8775ece90981ad071685a1b5e1ab5920706c96230,0x28c6c06298d514db089934071355e5743bf21d60,0x1d682ed9f8d15026200085cb6341c3895b60c007,2942.0,,,,ATA,erc20,"{'value': '0x9f7c73a49daf380000', 'address': '0xa2120b9e674d3fc3875f415a7df52e382f141225', 'decimal': '0x12'}",{'blockTimestamp': '2022-03-25T11:55:15.000Z'}
688,0xdc8c2c,0xefa7359b0573421aadf1fb63136b602d25be04cec2c560ed8d6a176ae0a2b4c0:log:712,0xefa7359b0573421aadf1fb63136b602d25be04cec2c560ed8d6a176ae0a2b4c0,0x236de2b5491a65f7d3e7277de196a975103851bd,0x28c6c06298d514db089934071355e5743bf21d60,6103.0502,,,,ATA,erc20,"{'value': '0x014ad8d5ed8de0b58000', 'address': '0xa2120b9e674d3fc3875f415a7df52e382f141225', 'decimal': '0x12'}",{'blockTimestamp': '2022-03-25T06:30:18.000Z'}
689,0xdc82b7,0x0e0cc6fbd826f571516238e467b279e2a5dfc6d61801820f8b352f71b5c03ef2:log:386,0x0e0cc6fbd826f571516238e467b279e2a5dfc6d61801820f8b352f71b5c03ef2,0xdfd5293d8e347dfe59e90efd55b2956a1343963d,0x792458d35d0e055b56442343611fd3500954dd34,15372.055,,,,ATA,erc20,"{'value': '0x0341521e11dcaf558000', 'address': '0xa2120b9e674d3fc3875f415a7df52e382f141225', 'decimal': '0x12'}",{'blockTimestamp': '2022-03-24T21:25:55.000Z'}
690,0xdc7f29,0xe0a266791789731ad9b9643786ebe479e88ccdaaa5c8f105502dbc0901974cb1:log:146,0xe0a266791789731ad9b9643786ebe479e88ccdaaa5c8f105502dbc0901974cb1,0x0e1ac3d2255e66729be730648806e3775d42ae7a,0x236de2b5491a65f7d3e7277de196a975103851bd,6103.0502,,,,ATA,erc20,"{'value': '0x014ad8d5ed8de0b58000', 'address': '0xa2120b9e674d3fc3875f415a7df52e382f141225', 'decimal': '0x12'}",{'blockTimestamp': '2022-03-24T18:01:17.000Z'}
691,0xdc7067,0xab0efe708fdcb12ca2dc9b36b7f7332626c59fcc2f7d252fc05e6c7aceb7054b:log:175,0xab0efe708fdcb12ca2dc9b36b7f7332626c59fcc2f7d252fc05e6c7aceb7054b,0x21a31ee1afc51d94c2efccaa2092ad1028285549,0x8e2571e7e3bed1c912ec9dbb1a795dd670e9687b,8202.732,,,,ATA,erc20,"{'value': '0x01bcabc62e10317e0000', 'address': '0xa2120b9e674d3fc3875f415a7df52e382f141225', 'decimal': '0x12'}",{'blockTimestamp': '2022-03-24T03:54:06.000Z'}
692,0xdc5bd6,0xa7431e6d4ed573e300397362aa36f9c98726c3bbed7a02b8a5cdbe5fb37c2745:log:332,0xa7431e6d4ed573e300397362aa36f9c98726c3bbed7a02b8a5cdbe5fb37c2745,0xa2120b9e674d3fc3875f415a7df52e382f141225,0x5e38feb229039ff40648b3fafd85ebf7bc018989,148803.57142857142,,,,ATA,erc20,"{'value': '0x1f82a863ab2cd9ae4925', 'address': '0xa2120b9e674d3fc3875f415a7df52e382f141225', 'decimal': '0x12'}",{'blockTimestamp': '2022-03-23T08:18:53.000Z'}
693,0xdc5388,0xd577940f0cab206668f7c693c675fa5f116ffe33f325ff936e6fb621cd62877d:log:136,0xd577940f0cab206668f7c693c675fa5f116ffe33f325ff936e6fb621cd62877d,0x28c6c06298d514db089934071355e5743bf21d60,0xd6b38bea1b891c9064b1167fb68f8478f6829326,105806.5,,,,ATA,erc20,"{'value': '0x1667c827db23282a0000', 'address': '0xa2120b9e674d3fc3875f415a7df52e382f141225', 'decimal': '0x12'}",{'blockTimestamp': '2022-03-23T00:19:24.000Z'}
694,0xdc4dc0,0x797bb47b8fb0f234b769d75fe5187fda44e47b7b2f0cf55ebe243a5b063f6ef4:log:73,0x797bb47b8fb0f234b769d75fe5187fda44e47b7b2f0cf55ebe243a5b063f6ef4,0xf1127d90f1022881c147a78289b8ba32b15d05c4,0x00d77a658d0a83a6f03671ea66c3a4c339a5f0c4,10000.0,,,,ATA,erc20,"{'value': '0x021e19e0c9bab2400000', 'address': '0xa2120b9e674d3fc3875f415a7df52e382f141225', 'decimal': '0x12'}",{'blockTimestamp': '2022-03-22T18:51:35.000Z'}
695,0xdc4480,0x39da32eff01fc9a3621a16984a984fb54aeab082a5b31562fe392cff98e8db30:log:61,0x39da32eff01fc9a3621a16984a984fb54aeab082a5b31562fe392cff98e8db30,0xdfd5293d8e347dfe59e90efd55b2956a1343963d,0xd6b38bea1b891c9064b1167fb68f8478f6829326,43845.5,,,,ATA,erc20,"{'value': '0x0948de8b9a95bda60000', 'address': '0xa2120b9e674d3fc3875f415a7df52e382f141225', 'decimal': '0x12'}",{'blockTimestamp': '2022-03-22T10:01:07.000Z'}
696,0xdc4402,0x139c3e1be579e140ddb6db84cb5aed1328f1cd05e187836e620f69d779602f49:log:89,0x139c3e1be579e140ddb6db84cb5aed1328f1cd05e187836e620f69d779602f49,0x21a31ee1afc51d94c2efccaa2092ad1028285549,0xd6b38bea1b891c9064b1167fb68f8478f6829326,43845.5,,,,ATA,erc20,"{'value': '0x0948de8b9a95bda60000', 'address': '0xa2120b9e674d3fc3875f415a7df52e382f141225', 'decimal': '0x12'}",{'blockTimestamp': '2022-03-22T09:33:58.000Z'}
697,0xdc42f8,0xa68e550359874f969e5321c61548efe252a05709e80650247c69536f4bc889d4:log:195,0xa68e550359874f969e5321c61548efe252a05709e80650247c69536f4bc889d4,0x28c6c06298d514db089934071355e5743bf21d60,0xd6b38bea1b891c9064b1167fb68f8478f6829326,43845.5,,,,ATA,erc20,"{'value': '0x0948de8b9a95bda60000', 'address': '0xa2120b9e674d3fc3875f415a7df52e382f141225', 'decimal': '0x12'}",{'blockTimestamp': '2022-03-22T08:33:21.000Z'}
698,0xdc41db,0x749a5b2dffb1c8898d7c7bcb48e5836bd0a9393729578bdffbdea2f3bbb4b445:log:162,0x749a5b2dffb1c8898d7c7bcb48e5836bd0a9393729578bdffbdea2f3bbb4b445,0xdfd5293d8e347dfe59e90efd55b2956a1343963d,0xd6b38bea1b891c9064b1167fb68f8478f6829326,43845.5,,,,ATA,erc20,"{'value': '0x0948de8b9a95bda60000', 'address': '0xa2120b9e674d3fc3875f415a7df52e382f141225', 'decimal': '0x12'}",{'blockTimestamp': '2022-03-22T07:30:25.000Z'}
699,0xdc2191,0x1589c55bb67f110c26691e4399bae10293a236b3762598099c9b3685beeb9533:log:809,0x1589c55bb67f110c26691e4399bae10293a236b3762598099c9b3685beeb9533,0x114b906dc423deb365f943ab6df1ffdc9f3e639c,0x28c6c06298d514db089934071355e5743bf21d60,22320.535714285714,,,,ATA,erc20,"{'value': '0x04b9ffa88ce053da2492', 'address': '0xa2120b9e674d3fc3875f415a7df52e382f141225', 'decimal': '0x12'}",{'blockTimestamp': '2022-03-21T00:30:11.000Z'}
700,0xdc2123,0xd4ec11627eb42efa9909f445e3a93d0d2c0b21cbbcba5026abb60900847c57ed:log:237,0xd4ec11627eb42efa9909f445e3a93d0d2c0b21cbbcba5026abb60900847c57ed,0x21a31ee1afc51d94c2efccaa2092ad1028285549,0xd6b38bea1b891c9064b1167fb68f8478f6829326,109937.51999999999,,,,ATA,erc20,"{'value': '0x1747b9931e0e2a580000', 'address': '0xa2120b9e674d3fc3875f415a7df52e382f141225', 'decimal': '0x12'}",{'blockTimestamp': '2022-03-21T00:06:18.000Z'}
701,0xdc1ba1,0x2a9a30020aa093b5590b452de73ace480c269047c613396a59a143febd39227f:log:218,0x2a9a30020aa093b5590b452de73ace480c269047c613396a59a143febd39227f,0xb14025f7eb7717cff43e7a33b66d86eabd6bc7d7,0x114b906dc423deb365f943ab6df1ffdc9f3e639c,22320.535714285714,,,,ATA,erc20,"{'value': '0x04b9ffa88ce053da2492', 'address': '0xa2120b9e674d3fc3875f415a7df52e382f141225', 'decimal': '0x12'}",{'blockTimestamp': '2022-03-20T18:54:39.000Z'}
702,0xdc1a94,0x9d7674103741489703a3d3e00329cafbfb6af1b7d61a96a10ea595e4e1945cb7:log:33,0x9d7674103741489703a3d3e00329cafbfb6af1b7d61a96a10ea595e4e1945cb7,0x28c6c06298d514db089934071355e5743bf21d60,0x0635f1fc950e7d8902f35597a1ab1963b88c1946,833.0,,,,ATA,erc20,"{'value': '0x2d28327e93ac640000', 'address': '0xa2120b9e674d3fc3875f415a7df52e382f141225', 'decimal': '0x12'}",{'blockTimestamp': '2022-03-20T17:57:30.000Z'}
703,0xdc024f,0x6cb850e38fe1a99707a4ceae42559549df288d2562117550a65fcc267dbdb6b6:log:46,0x6cb850e38fe1a99707a4ceae42559549df288d2562117550a65fcc267dbdb6b6,0xe66b31678d6c16e9ebf358268a790b763c133750,0x7fa41ca60359c61ed88d72e7a1f5f5b23176b073,78.9524285817829,,,,ATA,erc20,"{'value': '0x0447af5f7cbb9141f7', 'address': '0xa2120b9e674d3fc3875f415a7df52e382f141225', 'decimal': '0x12'}",{'blockTimestamp': '2022-03-19T18:27:41.000Z'}
704,0xdc024f,0x6cb850e38fe1a99707a4ceae42559549df288d2562117550a65fcc267dbdb6b6:log:43,0x6cb850e38fe1a99707a4ceae42559549df288d2562117550a65fcc267dbdb6b6,0x5654d65578cda52791879751141f2f3d7dc27fe4,0xe66b31678d6c16e9ebf358268a790b763c133750,78.9524285817829,,,,ATA,erc20,"{'value': '0x0447af5f7cbb9141f7', 'address': '0xa2120b9e674d3fc3875f415a7df52e382f141225', 'decimal': '0x12'}",{'blockTimestamp': '2022-03-19T18:27:41.000Z'}
705,0xdc016f,0xe2c3796639623c767638a4b320c49fe7aea4be01a8ae8f718ea2b5567db4af91:log:168,0xe2c3796639623c767638a4b320c49fe7aea4be01a8ae8f718ea2b5567db4af91,0xdfd5293d8e347dfe59e90efd55b2956a1343963d,0x6a26bffa30b56514ffd358e9d813b90aab31de29,2716.6526003100003,,,,ATA,erc20,"{'value': '0x934520da8a22cc1c00', 'address': '0xa2120b9e674d3fc3875f415a7df52e382f141225', 'decimal': '0x12'}",{'blockTimestamp': '2022-03-19T17:43:56.000Z'}
706,0xdbfc04,0xa027fe43eccbb256d075b02f3952f26f3a00a633a73647b878d05b3bff32253d:log:175,0xa027fe43eccbb256d075b02f3952f26f3a00a633a73647b878d05b3bff32253d,0x21a31ee1afc51d94c2efccaa2092ad1028285549,0xa8206923da9fe5f329b8d7a17e765b0788f3f0c0,1329.8720172600001,,,,ATA,erc20,"{'value': '0x4817ae81bbea733800', 'address': '0xa2120b9e674d3fc3875f415a7df52e382f141225', 'decimal': '0x12'}",{'blockTimestamp': '2022-03-19T12:32:50.000Z'}
707,0xdbdfd5,0xe2e5ca365d7a7f826b310bcbb4ff24cb20c9d49b52aacf626571976f970f0aa4:log:264,0xe2e5ca365d7a7f826b310bcbb4ff24cb20c9d49b52aacf626571976f970f0aa4,0x28c6c06298d514db089934071355e5743bf21d60,0xd6b38bea1b891c9064b1167fb68f8478f6829326,299923.54000000004,,,,ATA,erc20,"{'value': '0x3f82e33f26fb1d220000', 'address': '0xa2120b9e674d3fc3875f415a7df52e382f141225', 'decimal': '0x12'}",{'blockTimestamp': '2022-03-18T09:41:43.000Z'}
708,0xdbdfb2,0x35c962d29ca1272a700c931ca57da86dc43d337d8bf9a35d174cd208e3c8b126:log:78,0x35c962d29ca1272a700c931ca57da86dc43d337d8bf9a35d174cd208e3c8b126,0xdfd5293d8e347dfe59e90efd55b2956a1343963d,0xd6b38bea1b891c9064b1167fb68f8478f6829326,83.54,,,,ATA,erc20,"{'value': '0x048759b362d8220000', 'address': '0xa2120b9e674d3fc3875f415a7df52e382f141225', 'decimal': '0x12'}",{'blockTimestamp': '2022-03-18T09:32:31.000Z'}
709,0xdbdaab,0x0d979a399512d7620e5f18712f0d0fe979b1daecf2993826a32659f6208e0aba:log:175,0x0d979a399512d7620e5f18712f0d0fe979b1daecf2993826a32659f6208e0aba,0xa2120b9e674d3fc3875f415a7df52e382f141225,0xb14025f7eb7717cff43e7a33b66d86eabd6bc7d7,22320.535714285714,,,,ATA,erc20,"{'value': '0x04b9ffa88ce053da2492', 'address': '0xa2120b9e674d3fc3875f415a7df52e382f141225', 'decimal': '0x12'}",{'blockTimestamp': '2022-03-18T04:55:27.000Z'}
710,0xdbd643,0xc64621e2a5732ecc85434dc1ac0b9f3501ad0e0cf81edd7ce5bbc55b51ed3af0:log:332,0xc64621e2a5732ecc85434dc1ac0b9f3501ad0e0cf81edd7ce5bbc55b51ed3af0,0xc62a44a5cdf585c7c72e7df13daccef7f0adfd21,0x28c6c06298d514db089934071355e5743bf21d60,178564.2857142857,,,,ATA,erc20,"{'value': '0x25cffd4467029ed12492', 'address': '0xa2120b9e674d3fc3875f415a7df52e382f141225', 'decimal': '0x12'}",{'blockTimestamp': '2022-03-18T00:37:29.000Z'}
711,0xdbca9e,0x1d3c7e169787411daa7c59c048428bc7290b31b6b3b423e9b247181b13e3f8d2:log:113,0x1d3c7e169787411daa7c59c048428bc7290b31b6b3b423e9b247181b13e3f8d2,0x273ba31c706b9d9fdae1fd999183bfa865895be9,0xc62a44a5cdf585c7c72e7df13daccef7f0adfd21,178564.2857142857,,,,ATA,erc20,"{'value': '0x25cffd4467029ed12492', 'address': '0xa2120b9e674d3fc3875f415a7df52e382f141225', 'decimal': '0x12'}",{'blockTimestamp': '2022-03-17T13:19:51.000Z'}
712,0xdbca7c,0x24bdc57e588666bfbe42efe7f195ade217a172a32b11eba615ba28aba71cc0f0:log:215,0x24bdc57e588666bfbe42efe7f195ade217a172a32b11eba615ba28aba71cc0f0,0xa2120b9e674d3fc3875f415a7df52e382f141225,0x273ba31c706b9d9fdae1fd999183bfa865895be9,178564.2857142857,,,,ATA,erc20,"{'value': '0x25cffd4467029ed12492', 'address': '0xa2120b9e674d3fc3875f415a7df52e382f141225', 'decimal': '0x12'}",{'blockTimestamp': '2022-03-17T13:09:48.000Z'}
713,0xdbb878,0xb95ec7fae9595c7b6eb9c401336cbaca8ae55bcb280dc72d0d38534b6673e209:log:53,0xb95ec7fae9595c7b6eb9c401336cbaca8ae55bcb280dc72d0d38534b6673e209,0x21a31ee1afc51d94c2efccaa2092ad1028285549,0x478271c960137418c9d90082dddbf68aa72e4367,122751.0,,,,ATA,erc20,"{'value': '0x19fe5854c954269c0000', 'address': '0xa2120b9e674d3fc3875f415a7df52e382f141225', 'decimal': '0x12'}",{'blockTimestamp': '2022-03-16T19:56:28.000Z'}
714,0xdbad8a,0x392493dc0eed351a5b3a260e21074d7aa7cbad0e62bd61c58a2df903a2874b5a:log:208,0x392493dc0eed351a5b3a260e21074d7aa7cbad0e62bd61c58a2df903a2874b5a,0x3c02290922a3618a4646e3bbca65853ea45fe7c6,0xaad60b6615b9eb13a9b0212af7b298f26dd74e7f,298.0,,,,ATA,erc20,"{'value': '0x102794ad20da680000', 'address': '0xa2120b9e674d3fc3875f415a7df52e382f141225', 'decimal': '0x12'}",{'blockTimestamp': '2022-03-16T09:31:38.000Z'}
715,0xdb9816,0xa64b1d2c5c58e48cca31ea47b97a59f15a0d317a2cf5f44d319a0a093776cc88:log:328,0xa64b1d2c5c58e48cca31ea47b97a59f15a0d317a2cf5f44d319a0a093776cc88,0x9ca4e098ef3ed4678989f4745fea75c1eeb746d3,0x28c6c06298d514db089934071355e5743bf21d60,21880.714285714286,,,,ATA,erc20,"{'value': '0x04a227e8f1dd4702db6d', 'address': '0xa2120b9e674d3fc3875f415a7df52e382f141225', 'decimal': '0x12'}",{'blockTimestamp': '2022-03-15T13:00:15.000Z'}
716,0xdb97b9,0x57a51799fc04f03ebb5ec9177163d52444ec84509fb01d4f42ed209152b2a7c4:log:374,0x57a51799fc04f03ebb5ec9177163d52444ec84509fb01d4f42ed209152b2a7c4,0x778c029675d3e2435cf4c207e981d37c2174bec8,0x9ca4e098ef3ed4678989f4745fea75c1eeb746d3,21880.714285714286,,,,ATA,erc20,"{'value': '0x04a227e8f1dd4702db6d', 'address': '0xa2120b9e674d3fc3875f415a7df52e382f141225', 'decimal': '0x12'}",{'blockTimestamp': '2022-03-15T12:43:55.000Z'}
717,0xdb9794,0x83706394e8245c09848f118411082ff0a767b7922c03b593c81cee069593d195:log:233,0x83706394e8245c09848f118411082ff0a767b7922c03b593c81cee069593d195,0xa2120b9e674d3fc3875f415a7df52e382f141225,0x778c029675d3e2435cf4c207e981d37c2174bec8,14880.357142857143,,,,ATA,erc20,"{'value': '0x0326aa705deae2916db7', 'address': '0xa2120b9e674d3fc3875f415a7df52e382f141225', 'decimal': '0x12'}",{'blockTimestamp': '2022-03-15T12:36:26.000Z'}
718,0xdb94a1,0x281892d8711c6e623a1807a19f13a4cd083b4740f8656f4b780bd65cc5c2b209:log:73,0x281892d8711c6e623a1807a19f13a4cd083b4740f8656f4b780bd65cc5c2b209,0xcca3e865525e0d976745a8c292c7fc549ba7d6a1,0x95b564f3b3bae3f206aa418667ba000afafacc8a,1022.0,,,,ATA,erc20,"{'value': '0x376719613641380000', 'address': '0xa2120b9e674d3fc3875f415a7df52e382f141225', 'decimal': '0x12'}",{'blockTimestamp': '2022-03-15T09:49:41.000Z'}
719,0xdb8fad,0x81766280577cc8f47decce13e965c0c2f4a51f42c09e2258aee4f25abd1bd3d1:log:374,0x81766280577cc8f47decce13e965c0c2f4a51f42c09e2258aee4f25abd1bd3d1,0x797797b198fd8e5c52590bc96fd58626e371ba45,0x28c6c06298d514db089934071355e5743bf21d60,19934.899999999998,,,,ATA,erc20,"{'value': '0x0438ac4fea5f86920000', 'address': '0xa2120b9e674d3fc3875f415a7df52e382f141225', 'decimal': '0x12'}",{'blockTimestamp': '2022-03-15T05:00:04.000Z'}
720,0xdb8508,0x2415ee80bdd8f5f1aabc5920125e354f12bc325d3542233be39e0ddb4fab0903:log:30,0x2415ee80bdd8f5f1aabc5920125e354f12bc325d3542233be39e0ddb4fab0903,0x1fe05841fa946a4249e41fde8f9bebfa9f2437a8,0x797797b198fd8e5c52590bc96fd58626e371ba45,19934.899999999998,,,,ATA,erc20,"{'value': '0x0438ac4fea5f86920000', 'address': '0xa2120b9e674d3fc3875f415a7df52e382f141225', 'decimal': '0x12'}",{'blockTimestamp': '2022-03-14T18:49:30.000Z'}
721,0xdb73f1,0xeb5a114de96c92893841a0406d55e37ff8ff69357446c3a8e5d620c63758d086:log:711,0xeb5a114de96c92893841a0406d55e37ff8ff69357446c3a8e5d620c63758d086,0x1b6ccc5509bc04cfc32f72716588da4bf807cf4e,0x28c6c06298d514db089934071355e5743bf21d60,14880.357142857143,,,,ATA,erc20,"{'value': '0x0326aa705deae2916db7', 'address': '0xa2120b9e674d3fc3875f415a7df52e382f141225', 'decimal': '0x12'}",{'blockTimestamp': '2022-03-14T02:30:02.000Z'}
722,0xdb7375,0x4830b258736dd2d7d93f2da7109d04b1b3073b1e4c272be8e2266fab866224ae:log:231,0x4830b258736dd2d7d93f2da7109d04b1b3073b1e4c272be8e2266fab866224ae,0xcbbc8d8963a44349843b44c9018587c99ef5c28e,0x1b6ccc5509bc04cfc32f72716588da4bf807cf4e,14880.357142857143,,,,ATA,erc20,"{'value': '0x0326aa705deae2916db7', 'address': '0xa2120b9e674d3fc3875f415a7df52e382f141225', 'decimal': '0x12'}",{'blockTimestamp': '2022-03-14T02:04:36.000Z'}
723,0xdb7368,0x24a40fa34328d9a4541a880e4a95292b31460020ac7a1a3a303e5f654fa2fdd5:log:38,0x24a40fa34328d9a4541a880e4a95292b31460020ac7a1a3a303e5f654fa2fdd5,0xa2120b9e674d3fc3875f415a7df52e382f141225,0xcbbc8d8963a44349843b44c9018587c99ef5c28e,14880.357142857143,,,,ATA,erc20,"{'value': '0x0326aa705deae2916db7', 'address': '0xa2120b9e674d3fc3875f415a7df52e382f141225', 'decimal': '0x12'}",{'blockTimestamp': '2022-03-14T02:01:43.000Z'}
724,0xdb6d0d,0x997662965e8f46c01d20d60ff967112fff4e8c937b194e46725c0dfb13dcb337:log:310,0x997662965e8f46c01d20d60ff967112fff4e8c937b194e46725c0dfb13dcb337,0xbcf222d1060b5850076bf69f1503564cf5144d24,0x28c6c06298d514db089934071355e5743bf21d60,23808.571428571428,,,,ATA,erc20,"{'value': '0x050aaa4d63116a824925', 'address': '0xa2120b9e674d3fc3875f415a7df52e382f141225', 'decimal': '0x12'}",{'blockTimestamp': '2022-03-13T20:00:33.000Z'}
725,0xdb6c52,0xea4672889a9fcc44bd8c7ff41c8b08e733db7877f6f8d902e5efb7708fa4145e:log:127,0xea4672889a9fcc44bd8c7ff41c8b08e733db7877f6f8d902e5efb7708fa4145e,0xa0ff757077b5d796259582b2b9db99c906277007,0xbcf222d1060b5850076bf69f1503564cf5144d24,23808.571428571428,,,,ATA,erc20,"{'value': '0x050aaa4d63116a824925', 'address': '0xa2120b9e674d3fc3875f415a7df52e382f141225', 'decimal': '0x12'}",{'blockTimestamp': '2022-03-13T19:16:45.000Z'}
726,0xdb6be9,0x740234c47bef69f1ca2317f72e96b74f1b552f14431a5c601c3d2b34b87539c8:log:68,0x740234c47bef69f1ca2317f72e96b74f1b552f14431a5c601c3d2b34b87539c8,0xa2120b9e674d3fc3875f415a7df52e382f141225,0xa0ff757077b5d796259582b2b9db99c906277007,23808.571428571428,,,,ATA,erc20,"{'value': '0x050aaa4d63116a824925', 'address': '0xa2120b9e674d3fc3875f415a7df52e382f141225', 'decimal': '0x12'}",{'blockTimestamp': '2022-03-13T18:54:39.000Z'}
727,0xdb6b9f,0x831a69504cdb420ee23eaed3c94c23f12c93ce611d425dc6d6ff2957d1743c81:log:295,0x831a69504cdb420ee23eaed3c94c23f12c93ce611d425dc6d6ff2957d1743c81,0xbc173e82e47c9e3298808dd30edf1caf75666bb0,0x28c6c06298d514db089934071355e5743bf21d60,14880.357142857143,,,,ATA,erc20,"{'value': '0x0326aa705deae2916db7', 'address': '0xa2120b9e674d3fc3875f415a7df52e382f141225', 'decimal': '0x12'}",{'blockTimestamp': '2022-03-13T18:38:11.000Z'}
728,0xdb662f,0x074cfcf6a6fb58fb5db8d4dae789f9d3b8c0e1a72c08e5564d2b64737748777e:log:181,0x074cfcf6a6fb58fb5db8d4dae789f9d3b8c0e1a72c08e5564d2b64737748777e,0x46494ef7b2d64fe15de493477ea5c73eede4a82f,0xbc173e82e47c9e3298808dd30edf1caf75666bb0,14880.357142857143,,,,ATA,erc20,"{'value': '0x0326aa705deae2916db7', 'address': '0xa2120b9e674d3fc3875f415a7df52e382f141225', 'decimal': '0x12'}",{'blockTimestamp': '2022-03-13T13:20:59.000Z'}
729,0xdb65fd,0x0a9e11b8dd61d547405a77999594422a900cbe1aacbbaf4915014d7c17a8431d:log:292,0x0a9e11b8dd61d547405a77999594422a900cbe1aacbbaf4915014d7c17a8431d,0xa2120b9e674d3fc3875f415a7df52e382f141225,0x46494ef7b2d64fe15de493477ea5c73eede4a82f,14880.357142857143,,,,ATA,erc20,"{'value': '0x0326aa705deae2916db7', 'address': '0xa2120b9e674d3fc3875f415a7df52e382f141225', 'decimal': '0x12'}",{'blockTimestamp': '2022-03-13T13:08:46.000Z'}
730,0xdb5220,0x02f34174987b2fa6449bb9acb62d38a5269565c9469773406b4fa3c0e5874310:log:169,0x02f34174987b2fa6449bb9acb62d38a5269565c9469773406b4fa3c0e5874310,0x28c6c06298d514db089934071355e5743bf21d60,0x0e1ac3d2255e66729be730648806e3775d42ae7a,437.9992,,,,ATA,erc20,"{'value': '0x17be75bfc7e1460000', 'address': '0xa2120b9e674d3fc3875f415a7df52e382f141225', 'decimal': '0x12'}",{'blockTimestamp': '2022-03-12T18:00:39.000Z'}
731,0xdb4e54,0xd7b7d03471e1da4f4352689cd900b14eb73217f701232ab30d96e9f163418491:log:167,0xd7b7d03471e1da4f4352689cd900b14eb73217f701232ab30d96e9f163418491,0x0d0707963952f2fba59dd06f2b425ace40b492fe,0xd3317f1c749a8623f1114134d5837c02df686ec5,367.40560475,,,,ATA,erc20,"{'value': '0x13eac6eaebfb520c00', 'address': '0xa2120b9e674d3fc3875f415a7df52e382f141225', 'decimal': '0x12'}",{'blockTimestamp': '2022-03-12T14:18:53.000Z'}
732,0xdb4b5b,0x8899bf32d67a9a3268fcf5d5b12a2ce72fe23db81815eea5d7377b72b8ae3f4d:log:35,0x8899bf32d67a9a3268fcf5d5b12a2ce72fe23db81815eea5d7377b72b8ae3f4d,0xb309b5aac6e7039af4d6ad24ed2196a59d0f8c48,0x28c6c06298d514db089934071355e5743bf21d60,49999.99999999999,,,,ATA,erc20,"{'value': '0x0a968163f0a57b400000', 'address': '0xa2120b9e674d3fc3875f415a7df52e382f141225', 'decimal': '0x12'}",{'blockTimestamp': '2022-03-12T11:30:27.000Z'}
733,0xdb48df,0xab3cf48805faf71e9ebc7999d395c7f94bbbad627b6b343b6662af431f912194:log:204,0xab3cf48805faf71e9ebc7999d395c7f94bbbad627b6b343b6662af431f912194,0x74de5d4fcbf63e00296fd95d33236b9794016631,0x5654d65578cda52791879751141f2f3d7dc27fe4,289.82448783999996,,,,ATA,erc20,"{'value': '0x0fb61f6c2270b84000', 'address': '0xa2120b9e674d3fc3875f415a7df52e382f141225', 'decimal': '0x12'}",{'blockTimestamp': '2022-03-12T09:05:09.000Z'}
734,0xdb48df,0xab3cf48805faf71e9ebc7999d395c7f94bbbad627b6b343b6662af431f912194:log:202,0xab3cf48805faf71e9ebc7999d395c7f94bbbad627b6b343b6662af431f912194,0x7566a930bfdde68365cd1c80ef333ee107bd6613,0x74de5d4fcbf63e00296fd95d33236b9794016631,289.82448783999996,,,,ATA,erc20,"{'value': '0x0fb61f6c2270b84000', 'address': '0xa2120b9e674d3fc3875f415a7df52e382f141225', 'decimal': '0x12'}",{'blockTimestamp': '2022-03-12T09:05:09.000Z'}
735,0xdb41aa,0xc488c49f6b6989b862391f4fe156c74d77f78dbdc40240e315a899a2af007c9c:log:274,0xc488c49f6b6989b862391f4fe156c74d77f78dbdc40240e315a899a2af007c9c,0xc16415770ce17f438dac86f5226f1216e950e60f,0xb309b5aac6e7039af4d6ad24ed2196a59d0f8c48,49999.99999999999,,,,ATA,erc20,"{'value': '0x0a968163f0a57b400000', 'address': '0xa2120b9e674d3fc3875f415a7df52e382f141225', 'decimal': '0x12'}",{'blockTimestamp': '2022-03-12T02:15:26.000Z'}
736,0xdb3884,0xca191518d2e16cf43ca25f88981324bdd2607c9487c12a83672555df8505a9fe:log:437,0xca191518d2e16cf43ca25f88981324bdd2607c9487c12a83672555df8505a9fe,0x6d9635a2e167d5e9cfe153b86577c7aaa4df8e18,0x28c6c06298d514db089934071355e5743bf21d60,44641.07142857143,,,,ATA,erc20,"{'value': '0x0973ff5119c0a7b44925', 'address': '0xa2120b9e674d3fc3875f415a7df52e382f141225', 'decimal': '0x12'}",{'blockTimestamp': '2022-03-11T17:30:32.000Z'}
737,0xdb375f,0x357ca8efa9b6f035d9f766f6894d6d8d205e8b666b14342655480b6d73ed4948:log:119,0x357ca8efa9b6f035d9f766f6894d6d8d205e8b666b14342655480b6d73ed4948,0x8fbef0d5e0d37a9e3fa43bfa03c69f73c90ec17e,0x6d9635a2e167d5e9cfe153b86577c7aaa4df8e18,44641.07142857143,,,,ATA,erc20,"{'value': '0x0973ff5119c0a7b44925', 'address': '0xa2120b9e674d3fc3875f415a7df52e382f141225', 'decimal': '0x12'}",{'blockTimestamp': '2022-03-11T16:23:35.000Z'}
738,0xdb3705,0xfba01f9c186864296700da353a1c9ebef5cc7faed04c5c387b23b49dc95f2e67:log:34,0xfba01f9c186864296700da353a1c9ebef5cc7faed04c5c387b23b49dc95f2e67,0xa2120b9e674d3fc3875f415a7df52e382f141225,0xc16415770ce17f438dac86f5226f1216e950e60f,49999.99999999999,,,,ATA,erc20,"{'value': '0x0a968163f0a57b400000', 'address': '0xa2120b9e674d3fc3875f415a7df52e382f141225', 'decimal': '0x12'}",{'blockTimestamp': '2022-03-11T16:03:46.000Z'}
739,0xdb2f02,0x0054bc69f2ba0b2bace9b7c50db4b31af81279ed09566b3869ff6c815d89b924:log:89,0x0054bc69f2ba0b2bace9b7c50db4b31af81279ed09566b3869ff6c815d89b924,0x5654d65578cda52791879751141f2f3d7dc27fe4,0x13307b8854a95946b54a904100afd0767a7a577b,3418.3790818524994,,,,ATA,erc20,"{'value': '0xb94f8a1f98a4323d0d', 'address': '0xa2120b9e674d3fc3875f415a7df52e382f141225', 'decimal': '0x12'}",{'blockTimestamp': '2022-03-11T08:10:26.000Z'}
740,0xdb2f01,0x69683e08f267fe5d20413805a8346e0f82fb1dcc6ce5930bc2df562cb584f1f6:log:197,0x69683e08f267fe5d20413805a8346e0f82fb1dcc6ce5930bc2df562cb584f1f6,0x39bb878b46cdc86b3190dbef394f311691ce3ee9,0x5654d65578cda52791879751141f2f3d7dc27fe4,3662.0,,,,ATA,erc20,"{'value': '0xc684757de478780000', 'address': '0xa2120b9e674d3fc3875f415a7df52e382f141225', 'decimal': '0x12'}",{'blockTimestamp': '2022-03-11T08:10:09.000Z'}
741,0xdb1f04,0xefc0d04ad16deddcb3896d6102a26accff2a8a68192c2f8f81db674c1d064961:log:422,0xefc0d04ad16deddcb3896d6102a26accff2a8a68192c2f8f81db674c1d064961,0xdfd5293d8e347dfe59e90efd55b2956a1343963d,0xf1127d90f1022881c147a78289b8ba32b15d05c4,2500.0,,,,ATA,erc20,"{'value': '0x878678326eac900000', 'address': '0xa2120b9e674d3fc3875f415a7df52e382f141225', 'decimal': '0x12'}",{'blockTimestamp': '2022-03-10T17:03:23.000Z'}
742,0xdb1d12,0x3712c149cf59649e1d59876b0cd0fe012b63cd26fab4dd56a0585f30ec07e16c:log:151,0x3712c149cf59649e1d59876b0cd0fe012b63cd26fab4dd56a0585f30ec07e16c,0x21a31ee1afc51d94c2efccaa2092ad1028285549,0xf431666bdc13d00bc0d2661ef756755f0c7086dd,15904.0,,,,ATA,erc20,"{'value': '0x035e285658ff24800000', 'address': '0xa2120b9e674d3fc3875f415a7df52e382f141225', 'decimal': '0x12'}",{'blockTimestamp': '2022-03-10T15:08:54.000Z'}
743,0xdb175b,0xdda2a3a0495b68c790ac1236d135ea690fb50d7da837803a391adb6cb3a2190a:log:250,0xdda2a3a0495b68c790ac1236d135ea690fb50d7da837803a391adb6cb3a2190a,0x858b0dea41a020339c60a8c9eb2f5f6d437fb32c,0xf16e9b0d03470827a95cdfd0cb8a8a3b46969b91,74401.78571428571,,,,ATA,erc20,"{'value': '0x0fc15431d5966cd72492', 'address': '0xa2120b9e674d3fc3875f415a7df52e382f141225', 'decimal': '0x12'}",{'blockTimestamp': '2022-03-10T09:44:12.000Z'}
744,0xdb1033,0x4d1c2a259a6004eabe2f824c736efa2e91dd9227b2418a3226663a2bd07837ff:log:406,0x4d1c2a259a6004eabe2f824c736efa2e91dd9227b2418a3226663a2bd07837ff,0x41e3fe77de1eca115902eb058b1fb57395358d62,0x858b0dea41a020339c60a8c9eb2f5f6d437fb32c,74401.78571428571,,,,ATA,erc20,"{'value': '0x0fc15431d5966cd72492', 'address': '0xa2120b9e674d3fc3875f415a7df52e382f141225', 'decimal': '0x12'}",{'blockTimestamp': '2022-03-10T03:03:43.000Z'}
745,0xdb1014,0x1517abd4b23e94b264b474f25ee37fbd789d1c843c9136ea37dbdcc389701f91:log:229,0x1517abd4b23e94b264b474f25ee37fbd789d1c843c9136ea37dbdcc389701f91,0xa2120b9e674d3fc3875f415a7df52e382f141225,0x41e3fe77de1eca115902eb058b1fb57395358d62,74401.78571428571,,,,ATA,erc20,"{'value': '0x0fc15431d5966cd72492', 'address': '0xa2120b9e674d3fc3875f415a7df52e382f141225', 'decimal': '0x12'}",{'blockTimestamp': '2022-03-10T02:56:22.000Z'}
746,0xdb0db7,0xb6759ab974c3885173f4d9a4454e0919e7904c86c774209ec8013de5c1f35ad8:log:91,0xb6759ab974c3885173f4d9a4454e0919e7904c86c774209ec8013de5c1f35ad8,0xfe6612ee6b7e881fd5dd84e43f84f3f951dc703a,0x28c6c06298d514db089934071355e5743bf21d60,476171.4285714286,,,,ATA,erc20,"{'value': '0x64d54e0bbd5c522db6db', 'address': '0xa2120b9e674d3fc3875f415a7df52e382f141225', 'decimal': '0x12'}",{'blockTimestamp': '2022-03-10T00:30:44.000Z'}
747,0xdb0840,0x45a6bb437506ddf3e480a99ed6f3314f6de5e3146a3cc0350e70c7c0adf22184:log:101,0x45a6bb437506ddf3e480a99ed6f3314f6de5e3146a3cc0350e70c7c0adf22184,0x28c6c06298d514db089934071355e5743bf21d60,0xdba104c48b03a30e509e79eb8f0078c056b0c9a8,401.662,,,,ATA,erc20,"{'value': '0x15c62e14e74cf30000', 'address': '0xa2120b9e674d3fc3875f415a7df52e382f141225', 'decimal': '0x12'}",{'blockTimestamp': '2022-03-09T19:34:45.000Z'}
748,0xdb0578,0x81da4fbe1b71ff921f858560d8fbd9a4d68e759715d0ccde19b450a023642ffe:log:89,0x81da4fbe1b71ff921f858560d8fbd9a4d68e759715d0ccde19b450a023642ffe,0x27e5d34338d3a160398d80d1df674befc06c096b,0xfe6612ee6b7e881fd5dd84e43f84f3f951dc703a,476171.4285714286,,,,ATA,erc20,"{'value': '0x64d54e0bbd5c522db6db', 'address': '0xa2120b9e674d3fc3875f415a7df52e382f141225', 'decimal': '0x12'}",{'blockTimestamp': '2022-03-09T16:59:19.000Z'}
749,0xdb0566,0xcf13f218ea063e89c20216a7ded4416d3c6629e19f500804caf9987384a3c709:log:238,0xcf13f218ea063e89c20216a7ded4416d3c6629e19f500804caf9987384a3c709,0xa2120b9e674d3fc3875f415a7df52e382f141225,0x27e5d34338d3a160398d80d1df674befc06c096b,476171.4285714286,,,,ATA,erc20,"{'value': '0x64d54e0bbd5c522db6db', 'address': '0xa2120b9e674d3fc3875f415a7df52e382f141225', 'decimal': '0x12'}",{'blockTimestamp': '2022-03-09T16:54:01.000Z'}
750,0xdafda3,0x06a68b53a24b28653a93b90fa27bc5feb70f31625018cc9d2adcd9a0670041c1:log:193,0x06a68b53a24b28653a93b90fa27bc5feb70f31625018cc9d2adcd9a0670041c1,0x8a9e0106326b01b5089f128566587491dbddcbc5,0x28c6c06298d514db089934071355e5743bf21d60,89282.14285714286,,,,ATA,erc20,"{'value': '0x12e7fea233814f689249', 'address': '0xa2120b9e674d3fc3875f415a7df52e382f141225', 'decimal': '0x12'}",{'blockTimestamp': '2022-03-09T09:29:56.000Z'}
751,0xdafcf0,0xa04abc35173203a6772fe432eb50a7ee2acdfe3462811bb8ede81cae1e040702:log:355,0xa04abc35173203a6772fe432eb50a7ee2acdfe3462811bb8ede81cae1e040702,0xa8059754bc0337408b376851f4ee7a3ca9be3ffd,0x8a9e0106326b01b5089f128566587491dbddcbc5,89282.14285714286,,,,ATA,erc20,"{'value': '0x12e7fea233814f689249', 'address': '0xa2120b9e674d3fc3875f415a7df52e382f141225', 'decimal': '0x12'}",{'blockTimestamp': '2022-03-09T08:46:27.000Z'}
752,0xdafce4,0xa5bb02f8a5500c7b3e6161c98ccf94ca3bbe491949462f280c1a4c81da71565f:log:180,0xa5bb02f8a5500c7b3e6161c98ccf94ca3bbe491949462f280c1a4c81da71565f,0xa2120b9e674d3fc3875f415a7df52e382f141225,0xa8059754bc0337408b376851f4ee7a3ca9be3ffd,89282.14285714286,,,,ATA,erc20,"{'value': '0x12e7fea233814f689249', 'address': '0xa2120b9e674d3fc3875f415a7df52e382f141225', 'decimal': '0x12'}",{'blockTimestamp': '2022-03-09T08:42:50.000Z'}
753,0xdae093,0x585fba58009f2744df43d8cf1fe5cbc18cabe5464b7939d6bbc8bee16841e44f:log:475,0x585fba58009f2744df43d8cf1fe5cbc18cabe5464b7939d6bbc8bee16841e44f,0x0f5852d319c9bf3f58ac4cb32dca980da426804e,0x28c6c06298d514db089934071355e5743bf21d60,156250.0,,,,ATA,erc20,"{'value': '0x21165458500521280000', 'address': '0xa2120b9e674d3fc3875f415a7df52e382f141225', 'decimal': '0x12'}",{'blockTimestamp': '2022-03-08T05:30:10.000Z'}
754,0xdae013,0x5f37bd9fdbefe97b4b6e5066e56d2200336fd7c94ecb6a10205182e1c157833c:log:69,0x5f37bd9fdbefe97b4b6e5066e56d2200336fd7c94ecb6a10205182e1c157833c,0xb0325dbe7fa891436e83a094f9f12848c78e449b,0x0f5852d319c9bf3f58ac4cb32dca980da426804e,156250.0,,,,ATA,erc20,"{'value': '0x21165458500521280000', 'address': '0xa2120b9e674d3fc3875f415a7df52e382f141225', 'decimal': '0x12'}",{'blockTimestamp': '2022-03-08T05:02:49.000Z'}
755,0xdadff5,0xd69f9c20c6dcdb31bd4ce08d4513604bc8634fb93c53354e4d59c095ff6540c5:log:72,0xd69f9c20c6dcdb31bd4ce08d4513604bc8634fb93c53354e4d59c095ff6540c5,0xb0325dbe7fa891436e83a094f9f12848c78e449b,0x334a1e8f47d5a55108b9df8de5413949858eefe7,156250.0,,,,ATA,erc20,"{'value': '0x21165458500521280000', 'address': '0xa2120b9e674d3fc3875f415a7df52e382f141225', 'decimal': '0x12'}",{'blockTimestamp': '2022-03-08T04:56:17.000Z'}
756,0xdadfee,0x615756fb87edd54ba881f98d1488639d7fd657c98c0d6e70a73f4ce398096dc4:log:611,0x615756fb87edd54ba881f98d1488639d7fd657c98c0d6e70a73f4ce398096dc4,0xa2120b9e674d3fc3875f415a7df52e382f141225,0xb0325dbe7fa891436e83a094f9f12848c78e449b,312500.0,,,,ATA,erc20,"{'value': '0x422ca8b0a00a42500000', 'address': '0xa2120b9e674d3fc3875f415a7df52e382f141225', 'decimal': '0x12'}",{'blockTimestamp': '2022-03-08T04:53:51.000Z'}
757,0xdada91,0x314fe65568ff8583f56a3072f1e2d25e332aff09e510f0d41b7d37e50f3e250c:log:135,0x314fe65568ff8583f56a3072f1e2d25e332aff09e510f0d41b7d37e50f3e250c,0x28c6c06298d514db089934071355e5743bf21d60,0x0e1ac3d2255e66729be730648806e3775d42ae7a,5665.051,,,,ATA,erc20,"{'value': '0x01331a602dc5ff6f8000', 'address': '0xa2120b9e674d3fc3875f415a7df52e382f141225', 'decimal': '0x12'}",{'blockTimestamp': '2022-03-07T23:50:50.000Z'}
758,0xdad3f9,0x4819cbc783bb69cbbdacc417011a5b7d691ab0ed0ad45004fa76e935c14197c8:log:349,0x4819cbc783bb69cbbdacc417011a5b7d691ab0ed0ad45004fa76e935c14197c8,0xf977814e90da44bfa03b6295a0616a897441acec,0x5a52e96bacdabb82fd05763e25335261b270efcb,15355585.16053679,,,,ATA,erc20,"{'value': '0x0cb3abf085d335cfb8dc00', 'address': '0xa2120b9e674d3fc3875f415a7df52e382f141225', 'decimal': '0x12'}",{'blockTimestamp': '2022-03-07T17:41:24.000Z'}
759,0xdad1ce,0xd7c1d7f061d2615b2b5eab1d4b90ba2ff6c236bf99acafb8d2e39d6c493113dc:log:131,0xd7c1d7f061d2615b2b5eab1d4b90ba2ff6c236bf99acafb8d2e39d6c493113dc,0x74de5d4fcbf63e00296fd95d33236b9794016631,0x5654d65578cda52791879751141f2f3d7dc27fe4,148.9347788,,,,ATA,erc20,"{'value': '0x0812e2a03a7360e000', 'address': '0xa2120b9e674d3fc3875f415a7df52e382f141225', 'decimal': '0x12'}",{'blockTimestamp': '2022-03-07T15:37:21.000Z'}
760,0xdad1ce,0xd7c1d7f061d2615b2b5eab1d4b90ba2ff6c236bf99acafb8d2e39d6c493113dc:log:129,0xd7c1d7f061d2615b2b5eab1d4b90ba2ff6c236bf99acafb8d2e39d6c493113dc,0x05745ca3ac6ffcb336fcf57e270e67a5ecf06175,0x74de5d4fcbf63e00296fd95d33236b9794016631,148.9347788,,,,ATA,erc20,"{'value': '0x0812e2a03a7360e000', 'address': '0xa2120b9e674d3fc3875f415a7df52e382f141225', 'decimal': '0x12'}",{'blockTimestamp': '2022-03-07T15:37:21.000Z'}
761,0xdad10a,0xda3b3e8956c619c9123d87b70035be7a819174ca36491289be96c66f66a521db:log:285,0xda3b3e8956c619c9123d87b70035be7a819174ca36491289be96c66f66a521db,0x43e94bc9d1d59fde92453d022ccb012218c6f038,0x28c6c06298d514db089934071355e5743bf21d60,29760.7142,,,,ATA,erc20,"{'value': '0x064d54e06de0db958000', 'address': '0xa2120b9e674d3fc3875f415a7df52e382f141225', 'decimal': '0x12'}",{'blockTimestamp': '2022-03-07T14:56:15.000Z'}
762,0xdad079,0x230d47632f12e2f6c06d498c986f3fc3ef9a49de21a33b7a30bf3cb686fc6bc9:log:175,0x230d47632f12e2f6c06d498c986f3fc3ef9a49de21a33b7a30bf3cb686fc6bc9,0xdedea2917faa29bdd6245987d4c0647d246afabd,0x43e94bc9d1d59fde92453d022ccb012218c6f038,29760.7142,,,,ATA,erc20,"{'value': '0x064d54e06de0db958000', 'address': '0xa2120b9e674d3fc3875f415a7df52e382f141225', 'decimal': '0x12'}",{'blockTimestamp': '2022-03-07T14:23:32.000Z'}
763,0xdad05e,0x02487f146132934e95ae6644909515872eea598d608588c4e5044323182a3dd0:log:150,0x02487f146132934e95ae6644909515872eea598d608588c4e5044323182a3dd0,0xa2120b9e674d3fc3875f415a7df52e382f141225,0xdedea2917faa29bdd6245987d4c0647d246afabd,29760.714285714286,,,,ATA,erc20,"{'value': '0x064d54e0bbd5c522db6e', 'address': '0xa2120b9e674d3fc3875f415a7df52e382f141225', 'decimal': '0x12'}",{'blockTimestamp': '2022-03-07T14:17:21.000Z'}
764,0xdace70,0x7f4edf93c2a5acd39b0c12f56590ccfb0f86ffdaa6db0ddec09d7866854a45e0:log:151,0x7f4edf93c2a5acd39b0c12f56590ccfb0f86ffdaa6db0ddec09d7866854a45e0,0x904b14174286cedd8086bba62e0de2c5a466ede3,0x28c6c06298d514db089934071355e5743bf21d60,20832.5,,,,ATA,erc20,"{'value': '0x04695503b6af3d320000', 'address': '0xa2120b9e674d3fc3875f415a7df52e382f141225', 'decimal': '0x12'}",{'blockTimestamp': '2022-03-07T12:30:01.000Z'}
765,0xdacdf1,0xc6edb31b9fad7c55c8cfca3c679bc73db9210c9182d162a5a1d5dc6ae13490d1:log:135,0xc6edb31b9fad7c55c8cfca3c679bc73db9210c9182d162a5a1d5dc6ae13490d1,0xf7bb3785a9d73d1140d18371be511c8d6ca06536,0x28c6c06298d514db089934071355e5743bf21d60,14880.357142857143,,,,ATA,erc20,"{'value': '0x0326aa705deae2916db7', 'address': '0xa2120b9e674d3fc3875f415a7df52e382f141225', 'decimal': '0x12'}",{'blockTimestamp': '2022-03-07T12:00:32.000Z'}
766,0xdacd47,0xaf469e9e3d5083e44830b9482e408ae160beef20b7b7b18d12d3a04c757353db:log:210,0xaf469e9e3d5083e44830b9482e408ae160beef20b7b7b18d12d3a04c757353db,0x4d883824258f7253101f266a23207dcb2dd45768,0xf7bb3785a9d73d1140d18371be511c8d6ca06536,14880.357142857143,,,,ATA,erc20,"{'value': '0x0326aa705deae2916db7', 'address': '0xa2120b9e674d3fc3875f415a7df52e382f141225', 'decimal': '0x12'}",{'blockTimestamp': '2022-03-07T11:22:13.000Z'}
767,0xdacb5c,0xdd2f474435cadddecaea6734d251a594fac82c1caced73c1aa2608d383765c6d:log:253,0xdd2f474435cadddecaea6734d251a594fac82c1caced73c1aa2608d383765c6d,0x42a93fe4ae13e538c1081018f970f132f0c8f44d,0x28c6c06298d514db089934071355e5743bf21d60,62500.0,,,,ATA,erc20,"{'value': '0x0d3c21bcecceda100000', 'address': '0xa2120b9e674d3fc3875f415a7df52e382f141225', 'decimal': '0x12'}",{'blockTimestamp': '2022-03-07T09:30:40.000Z'}
768,0xdacb41,0xda7971ff50c810df6546db909a50eb447b8faa54bec26eba522492fbe6a62b35:log:194,0xda7971ff50c810df6546db909a50eb447b8faa54bec26eba522492fbe6a62b35,0xe0d9ded9532f1d2451e0ea6ca8fff517bdf0500b,0x42a93fe4ae13e538c1081018f970f132f0c8f44d,62500.0,,,,ATA,erc20,"{'value': '0x0d3c21bcecceda100000', 'address': '0xa2120b9e674d3fc3875f415a7df52e382f141225', 'decimal': '0x12'}",{'blockTimestamp': '2022-03-07T09:24:13.000Z'}
769,0xdacb2f,0x30255b8c7f4b9d1da3f30ca66afde4a3ab137f463fa0acd05f68191796a77214:log:114,0x30255b8c7f4b9d1da3f30ca66afde4a3ab137f463fa0acd05f68191796a77214,0xdfd5293d8e347dfe59e90efd55b2956a1343963d,0x5427853ccb4e72b8b19d3051edf4a605496cdd15,14019.294,,,,ATA,erc20,"{'value': '0x02f7fcc98f98d5230000', 'address': '0xa2120b9e674d3fc3875f415a7df52e382f141225', 'decimal': '0x12'}",{'blockTimestamp': '2022-03-07T09:20:48.000Z'}
770,0xdacb17,0x47bffaa88497f22a73e2b6ee06a6ada5e4f0e92c50cd3d82cc323e17de31ae07:log:6,0x47bffaa88497f22a73e2b6ee06a6ada5e4f0e92c50cd3d82cc323e17de31ae07,0xa2120b9e674d3fc3875f415a7df52e382f141225,0xe0d9ded9532f1d2451e0ea6ca8fff517bdf0500b,62500.0,,,,ATA,erc20,"{'value': '0x0d3c21bcecceda100000', 'address': '0xa2120b9e674d3fc3875f415a7df52e382f141225', 'decimal': '0x12'}",{'blockTimestamp': '2022-03-07T09:15:43.000Z'}
771,0xdacabb,0x2940ea74733997f59bfb55b6260114ec949c66a599c7fd0b4586404786812974:log:245,0x2940ea74733997f59bfb55b6260114ec949c66a599c7fd0b4586404786812974,0xa2120b9e674d3fc3875f415a7df52e382f141225,0x4d883824258f7253101f266a23207dcb2dd45768,14880.357142857143,,,,ATA,erc20,"{'value': '0x0326aa705deae2916db7', 'address': '0xa2120b9e674d3fc3875f415a7df52e382f141225', 'decimal': '0x12'}",{'blockTimestamp': '2022-03-07T08:50:52.000Z'}
772,0xdac839,0x7637ec29e0a87bfaf766f4b8724e2f179c4a803fccaf8c21b3c97f4f27cec27e:log:270,0x7637ec29e0a87bfaf766f4b8724e2f179c4a803fccaf8c21b3c97f4f27cec27e,0x70031213c95deecfa44a6c438bca25134a292eef,0x904b14174286cedd8086bba62e0de2c5a466ede3,20832.5,,,,ATA,erc20,"{'value': '0x04695503b6af3d320000', 'address': '0xa2120b9e674d3fc3875f415a7df52e382f141225', 'decimal': '0x12'}",{'blockTimestamp': '2022-03-07T06:21:28.000Z'}
773,0xdac836,0x2b02d1ac24f86eb9bc92f43e322cf29ccfaf51a3d772c3658705ffaf39d64185:log:82,0x2b02d1ac24f86eb9bc92f43e322cf29ccfaf51a3d772c3658705ffaf39d64185,0xa2120b9e674d3fc3875f415a7df52e382f141225,0x70031213c95deecfa44a6c438bca25134a292eef,20832.5,,,,ATA,erc20,"{'value': '0x04695503b6af3d320000', 'address': '0xa2120b9e674d3fc3875f415a7df52e382f141225', 'decimal': '0x12'}",{'blockTimestamp': '2022-03-07T06:20:53.000Z'}
774,0xdac7dd,0xbbe15a2a69794b06d2a9d0a49187911bb56039f1810a4a6a34743f18a4998ee6:log:336,0xbbe15a2a69794b06d2a9d0a49187911bb56039f1810a4a6a34743f18a4998ee6,0x2765b477ce6fdc03325f86586405d7d4ad3d4bfa,0x28c6c06298d514db089934071355e5743bf21d60,187500.0,,,,ATA,erc20,"{'value': '0x27b46536c66c8e300000', 'address': '0xa2120b9e674d3fc3875f415a7df52e382f141225', 'decimal': '0x12'}",{'blockTimestamp': '2022-03-07T06:00:40.000Z'}
775,0xdac77c,0xabd0afe149e5a17124b9be45b45badb5331f6c4b9803c668474476f624dd64d6:log:144,0xabd0afe149e5a17124b9be45b45badb5331f6c4b9803c668474476f624dd64d6,0x2ce5f9f52c1eec9a1183f91139c59b485ff39dad,0x2765b477ce6fdc03325f86586405d7d4ad3d4bfa,187500.0,,,,ATA,erc20,"{'value': '0x27b46536c66c8e300000', 'address': '0xa2120b9e674d3fc3875f415a7df52e382f141225', 'decimal': '0x12'}",{'blockTimestamp': '2022-03-07T05:39:05.000Z'}
776,0xdac739,0xb28d45d3a191a7288f1e21d8b38cfc02725f8a099dc52b0cf09a3133917450cf:log:190,0xb28d45d3a191a7288f1e21d8b38cfc02725f8a099dc52b0cf09a3133917450cf,0xa2120b9e674d3fc3875f415a7df52e382f141225,0x2ce5f9f52c1eec9a1183f91139c59b485ff39dad,187500.0,,,,ATA,erc20,"{'value': '0x27b46536c66c8e300000', 'address': '0xa2120b9e674d3fc3875f415a7df52e382f141225', 'decimal': '0x12'}",{'blockTimestamp': '2022-03-07T05:26:14.000Z'}
777,0xdac549,0x06e9e869205855b8313ca75eef87e4098cefd4e864e64cfb0dfda758d29defef:log:549,0x06e9e869205855b8313ca75eef87e4098cefd4e864e64cfb0dfda758d29defef,0xd36a97d6c65d784ea3ad7c88045cfa0fada94036,0x28c6c06298d514db089934071355e5743bf21d60,312500.0,,,,ATA,erc20,"{'value': '0x422ca8b0a00a42500000', 'address': '0xa2120b9e674d3fc3875f415a7df52e382f141225', 'decimal': '0x12'}",{'blockTimestamp': '2022-03-07T03:32:44.000Z'}
778,0xdac53e,0x25ef49dc7231ad8b78b15cc426cc9e1e8cfcafb51857e569fe7e896b78ca2976:log:284,0x25ef49dc7231ad8b78b15cc426cc9e1e8cfcafb51857e569fe7e896b78ca2976,0x21a31ee1afc51d94c2efccaa2092ad1028285549,0x075ee453fabee1f5cd4f2b8d83620c37cefed52d,12213.7,,,,ATA,erc20,"{'value': '0x02961b230f0b447a0000', 'address': '0xa2120b9e674d3fc3875f415a7df52e382f141225', 'decimal': '0x12'}",{'blockTimestamp': '2022-03-07T03:29:45.000Z'}
779,0xdac494,0xeda97bd3e648663e23f16fce8e323d90ff73d5aba40703d1f431830267e5fff6:log:197,0xeda97bd3e648663e23f16fce8e323d90ff73d5aba40703d1f431830267e5fff6,0x61f92a958f2116c1ed916a6d29ef55b1da016d55,0xd36a97d6c65d784ea3ad7c88045cfa0fada94036,312500.0,,,,ATA,erc20,"{'value': '0x422ca8b0a00a42500000', 'address': '0xa2120b9e674d3fc3875f415a7df52e382f141225', 'decimal': '0x12'}",{'blockTimestamp': '2022-03-07T02:54:10.000Z'}
780,0xdab2f4,0x319a27738a7345e75bb45d30462246631c1867e1c920add2d801df7cd56262d4:log:803,0x319a27738a7345e75bb45d30462246631c1867e1c920add2d801df7cd56262d4,0x86cf8b263b8b6c7ca7c2ed2625a17ea0f16ad3c9,0x28c6c06298d514db089934071355e5743bf21d60,31130.0,,,,ATA,erc20,"{'value': '0x06978f88d230f6280000', 'address': '0xa2120b9e674d3fc3875f415a7df52e382f141225', 'decimal': '0x12'}",{'blockTimestamp': '2022-03-06T09:59:59.000Z'}
781,0xdab1b3,0x61d249ed110ba6ba851e0e380a8c0b5ebe4a9ed6d977698521d7bc0cea89d228:log:275,0x61d249ed110ba6ba851e0e380a8c0b5ebe4a9ed6d977698521d7bc0cea89d228,0x6cc8dcbca746a6e4fdefb98e1d0df903b107fd21,0x86cf8b263b8b6c7ca7c2ed2625a17ea0f16ad3c9,31130.0,,,,ATA,erc20,"{'value': '0x06978f88d230f6280000', 'address': '0xa2120b9e674d3fc3875f415a7df52e382f141225', 'decimal': '0x12'}",{'blockTimestamp': '2022-03-06T08:46:18.000Z'}
782,0xdab12b,0x187727fffa77c4f39dd91c64353e5d4f4d76953040844a4b5bf94e995994f895:log:279,0x187727fffa77c4f39dd91c64353e5d4f4d76953040844a4b5bf94e995994f895,0x0a81ef55bf9999e3ef08cf6d1ea961731d0d7c28,0x6cc8dcbca746a6e4fdefb98e1d0df903b107fd21,31250.0,,,,ATA,erc20,"{'value': '0x069e10de76676d080000', 'address': '0xa2120b9e674d3fc3875f415a7df52e382f141225', 'decimal': '0x12'}",{'blockTimestamp': '2022-03-06T08:11:41.000Z'}
783,0xdab104,0x752af3557b7563d5bdaf957b97775c9ebd2b40ebd79637ef01959cab4b453954:log:157,0x752af3557b7563d5bdaf957b97775c9ebd2b40ebd79637ef01959cab4b453954,0x9f62257406227b87724ea6b049cfab63c42df407,0x0a81ef55bf9999e3ef08cf6d1ea961731d0d7c28,31250.0,,,,ATA,erc20,"{'value': '0x069e10de76676d080000', 'address': '0xa2120b9e674d3fc3875f415a7df52e382f141225', 'decimal': '0x12'}",{'blockTimestamp': '2022-03-06T08:03:52.000Z'}
784,0xdaa48a,0x144e2c293caeb71c9e15f4b5eea0ce62a765ed7e94f9d541f335ed0f6f6b90bf:log:281,0x144e2c293caeb71c9e15f4b5eea0ce62a765ed7e94f9d541f335ed0f6f6b90bf,0xa2120b9e674d3fc3875f415a7df52e382f141225,0x9f62257406227b87724ea6b049cfab63c42df407,31250.0,,,,ATA,erc20,"{'value': '0x069e10de76676d080000', 'address': '0xa2120b9e674d3fc3875f415a7df52e382f141225', 'decimal': '0x12'}",{'blockTimestamp': '2022-03-05T20:11:44.000Z'}
785,0xda9c3a,0x2b9c77f18ba3923a6b8722940dfeffb9f261853112e43ea901c39fdcb3457257:log:137,0x2b9c77f18ba3923a6b8722940dfeffb9f261853112e43ea901c39fdcb3457257,0x0d0707963952f2fba59dd06f2b425ace40b492fe,0xc5b9757bddae2407e829ff75c400dc9e68c98f48,2300.0,,,,ATA,erc20,"{'value': '0x7caee97613e6700000', 'address': '0xa2120b9e674d3fc3875f415a7df52e382f141225', 'decimal': '0x12'}",{'blockTimestamp': '2022-03-05T12:26:08.000Z'}
786,0xda918d,0x296c88be752a6bd688faf4166af1207f253f2e447cb69a89ab375dd6e8bea712:log:79,0x296c88be752a6bd688faf4166af1207f253f2e447cb69a89ab375dd6e8bea712,0x498579a1454ad536485bcde7f4b169a2f94fe45d,0x28c6c06298d514db089934071355e5743bf21d60,119042.85714285714,,,,ATA,erc20,"{'value': '0x19355382ef57148b6db7', 'address': '0xa2120b9e674d3fc3875f415a7df52e382f141225', 'decimal': '0x12'}",{'blockTimestamp': '2022-03-05T02:01:35.000Z'}
787,0xda9128,0x84bf3cd3a279c0c1482cea1fe23ee36738a9a41f5fa7f85b0d8f8d1561a3d968:log:382,0x84bf3cd3a279c0c1482cea1fe23ee36738a9a41f5fa7f85b0d8f8d1561a3d968,0x993aafeabd4d02c49551ebaa3e609842a4698814,0x498579a1454ad536485bcde7f4b169a2f94fe45d,119042.85714285714,,,,ATA,erc20,"{'value': '0x19355382ef57148b6db7', 'address': '0xa2120b9e674d3fc3875f415a7df52e382f141225', 'decimal': '0x12'}",{'blockTimestamp': '2022-03-05T01:35:27.000Z'}
788,0xda9051,0x21c0cba5e9321a9c47b30fe93924e079654c61ad7e18173549a445f71358d8cb:log:148,0x21c0cba5e9321a9c47b30fe93924e079654c61ad7e18173549a445f71358d8cb,0xa2120b9e674d3fc3875f415a7df52e382f141225,0x993aafeabd4d02c49551ebaa3e609842a4698814,119042.85714285714,,,,ATA,erc20,"{'value': '0x19355382ef57148b6db7', 'address': '0xa2120b9e674d3fc3875f415a7df52e382f141225', 'decimal': '0x12'}",{'blockTimestamp': '2022-03-05T00:47:18.000Z'}
789,0xda8820,0xdc72d5dd68b2e927e61230a44c5025eefba1a2480185b093e54800fe325d4e24:log:43,0xdc72d5dd68b2e927e61230a44c5025eefba1a2480185b093e54800fe325d4e24,0xa1d8d972560c2f8144af871db508f0b0b10a3fbf,0xf16e9b0d03470827a95cdfd0cb8a8a3b46969b91,14880.357142857143,,,,ATA,erc20,"{'value': '0x0326aa705deae2916db7', 'address': '0xa2120b9e674d3fc3875f415a7df52e382f141225', 'decimal': '0x12'}",{'blockTimestamp': '2022-03-04T16:50:16.000Z'}
790,0xda8717,0xaa02d4c11372478fead0fe6f2358970f00dc5dd6cd047a92d7f54303f44cde25:log:59,0xaa02d4c11372478fead0fe6f2358970f00dc5dd6cd047a92d7f54303f44cde25,0x28c6c06298d514db089934071355e5743bf21d60,0x966f6eb1ee9b1fd497af55f9294a3ec9fa81eb84,4744.41175497,,,,ATA,erc20,"{'value': '0x010131f08a2ca67a0400', 'address': '0xa2120b9e674d3fc3875f415a7df52e382f141225', 'decimal': '0x12'}",{'blockTimestamp': '2022-03-04T15:51:52.000Z'}
791,0xda8290,0x0bd27ab3a92c705a31ae3760d82465cdce283fed6b73f4d7d4f2e78aaea46e5e:log:64,0x0bd27ab3a92c705a31ae3760d82465cdce283fed6b73f4d7d4f2e78aaea46e5e,0xffefd149590c41499e2f63f2536d9133c8dc3069,0xa1d8d972560c2f8144af871db508f0b0b10a3fbf,14880.357142857143,,,,ATA,erc20,"{'value': '0x0326aa705deae2916db7', 'address': '0xa2120b9e674d3fc3875f415a7df52e382f141225', 'decimal': '0x12'}",{'blockTimestamp': '2022-03-04T11:50:37.000Z'}
792,0xda8235,0xe419dc8555fef03ea0a9418a53817447bea22316907e8b6d50ebfd0df4a67f9b:log:465,0xe419dc8555fef03ea0a9418a53817447bea22316907e8b6d50ebfd0df4a67f9b,0x4ea40d1f42c91bd37825e88d67bc2a27e162dff3,0x28c6c06298d514db089934071355e5743bf21d60,44641.07,,,,ATA,erc20,"{'value': '0x0973ff4c0679732b0000', 'address': '0xa2120b9e674d3fc3875f415a7df52e382f141225', 'decimal': '0x12'}",{'blockTimestamp': '2022-03-04T11:30:40.000Z'}
793,0xda8209,0x3ed14aa03845d002d475c0eaa634f6efd8964eb217989acf5478bb66a3d8b6cc:log:281,0x3ed14aa03845d002d475c0eaa634f6efd8964eb217989acf5478bb66a3d8b6cc,0x2165ffc3b1c7ee4a618ecdf3d025625f30112e4e,0xffefd149590c41499e2f63f2536d9133c8dc3069,14880.357142857143,,,,ATA,erc20,"{'value': '0x0326aa705deae2916db7', 'address': '0xa2120b9e674d3fc3875f415a7df52e382f141225', 'decimal': '0x12'}",{'blockTimestamp': '2022-03-04T11:19:09.000Z'}
794,0xda81fc,0x4846436ceb5e1df7b39c9b219e52146a8ceed0091cc1f90ae343872dd36a2bb6:log:144,0x4846436ceb5e1df7b39c9b219e52146a8ceed0091cc1f90ae343872dd36a2bb6,0xa2120b9e674d3fc3875f415a7df52e382f141225,0x2165ffc3b1c7ee4a618ecdf3d025625f30112e4e,14880.357142857143,,,,ATA,erc20,"{'value': '0x0326aa705deae2916db7', 'address': '0xa2120b9e674d3fc3875f415a7df52e382f141225', 'decimal': '0x12'}",{'blockTimestamp': '2022-03-04T11:16:23.000Z'}
795,0xda81c6,0x22feecc0c527d94a2d5df962d9ec46214adf38c178e39f7050c7b92d53ba4ae3:log:18,0x22feecc0c527d94a2d5df962d9ec46214adf38c178e39f7050c7b92d53ba4ae3,0x4f4ff77788ed76cc1c855a33a94de82662bc6254,0x4ea40d1f42c91bd37825e88d67bc2a27e162dff3,44641.07,,,,ATA,erc20,"{'value': '0x0973ff4c0679732b0000', 'address': '0xa2120b9e674d3fc3875f415a7df52e382f141225', 'decimal': '0x12'}",{'blockTimestamp': '2022-03-04T11:03:03.000Z'}
796,0xda81b9,0x335698b574fb79a76e7626781ca22b3c379dab54657b68c3d3b21c76f5815c1f:log:36,0x335698b574fb79a76e7626781ca22b3c379dab54657b68c3d3b21c76f5815c1f,0xa2120b9e674d3fc3875f415a7df52e382f141225,0x4f4ff77788ed76cc1c855a33a94de82662bc6254,44641.07142857143,,,,ATA,erc20,"{'value': '0x0973ff5119c0a7b44925', 'address': '0xa2120b9e674d3fc3875f415a7df52e382f141225', 'decimal': '0x12'}",{'blockTimestamp': '2022-03-04T10:59:39.000Z'}
797,0xda8110,0x7946f876ed6240445d76a2cd4e9737de00f996ed3d8ddd86ee94d5fc6e1325e4:log:12,0x7946f876ed6240445d76a2cd4e9737de00f996ed3d8ddd86ee94d5fc6e1325e4,0xa2120b9e674d3fc3875f415a7df52e382f141225,0x8fbef0d5e0d37a9e3fa43bfa03c69f73c90ec17e,44641.07142857143,,,,ATA,erc20,"{'value': '0x0973ff5119c0a7b44925', 'address': '0xa2120b9e674d3fc3875f415a7df52e382f141225', 'decimal': '0x12'}",{'blockTimestamp': '2022-03-04T10:23:34.000Z'}
798,0xda7fc4,0x58da6cc925873ff85958e6783b3870e430953ef7b8bfc44e1adc59b781fea2d3:log:42,0x58da6cc925873ff85958e6783b3870e430953ef7b8bfc44e1adc59b781fea2d3,0xcf30dfed07cb9977cfcc3ee5a5b15b45b1663ab5,0x28c6c06298d514db089934071355e5743bf21d60,633910.7142857142,,,,ATA,erc20,"{'value': '0x863c5e61c7f31b3adb6e', 'address': '0xa2120b9e674d3fc3875f415a7df52e382f141225', 'decimal': '0x12'}",{'blockTimestamp': '2022-03-04T09:09:15.000Z'}
799,0xda7f67,0x701fac04dee75b991a54df2c02e55f80fb0a9a174e39c2cd50b618d9c893a17e:log:40,0x701fac04dee75b991a54df2c02e55f80fb0a9a174e39c2cd50b618d9c893a17e,0xa1d8d972560c2f8144af871db508f0b0b10a3fbf,0xf16e9b0d03470827a95cdfd0cb8a8a3b46969b91,75000.0,,,,ATA,erc20,"{'value': '0x0fe1c215e8f838e00000', 'address': '0xa2120b9e674d3fc3875f415a7df52e382f141225', 'decimal': '0x12'}",{'blockTimestamp': '2022-03-04T08:49:07.000Z'}
800,0xda7e48,0xc5a539372fc3f37439559c26010fa96b77e2266b45fd5faf6c614723858208ff:log:110,0xc5a539372fc3f37439559c26010fa96b77e2266b45fd5faf6c614723858208ff,0xfb0dac68505076b6f610b0c65da602962f14877c,0xa1d8d972560c2f8144af871db508f0b0b10a3fbf,75000.0,,,,ATA,erc20,"{'value': '0x0fe1c215e8f838e00000', 'address': '0xa2120b9e674d3fc3875f415a7df52e382f141225', 'decimal': '0x12'}",{'blockTimestamp': '2022-03-04T07:49:30.000Z'}
801,0xda7d97,0x19a8f4843a862c7950bf84c66946f8bc174f0f395e11fd4cecd55cb9b5cef75a:log:286,0x19a8f4843a862c7950bf84c66946f8bc174f0f395e11fd4cecd55cb9b5cef75a,0x28c6c06298d514db089934071355e5743bf21d60,0xf977814e90da44bfa03b6295a0616a897441acec,25543264.000000004,,,,ATA,erc20,"{'value': '0x1520ff1db6032c8d800000', 'address': '0xa2120b9e674d3fc3875f415a7df52e382f141225', 'decimal': '0x12'}",{'blockTimestamp': '2022-03-04T07:10:34.000Z'}
802,0xda7d6d,0x8a5f672f9a72cedbfc4a9ec1ca2112ae85a945b6a5876d645759fc7c84a50b67:log:301,0x8a5f672f9a72cedbfc4a9ec1ca2112ae85a945b6a5876d645759fc7c84a50b67,0x9e396b27e32518448cbdb2277070ae2ab2984e79,0x28c6c06298d514db089934071355e5743bf21d60,312500.0,,,,ATA,erc20,"{'value': '0x422ca8b0a00a42500000', 'address': '0xa2120b9e674d3fc3875f415a7df52e382f141225', 'decimal': '0x12'}",{'blockTimestamp': '2022-03-04T07:00:28.000Z'}
803,0xda7d6c,0x2a5d4c078f6cd2be306294b7a2acd81bd29bc1ad9fdbacbff64cf0f3b65893e8:log:326,0x2a5d4c078f6cd2be306294b7a2acd81bd29bc1ad9fdbacbff64cf0f3b65893e8,0x1756fd71985dadb46cd664f443c1b11a32a51092,0x28c6c06298d514db089934071355e5743bf21d60,22200000.0,,,,ATA,erc20,"{'value': '0x125d0869555f01c3000000', 'address': '0xa2120b9e674d3fc3875f415a7df52e382f141225', 'decimal': '0x12'}",{'blockTimestamp': '2022-03-04T07:00:14.000Z'}
804,0xda7d6c,0xb076102c371172dd728a3b29afbe46909feb87ebe0d9106e60a02a6b63fd3405:log:286,0xb076102c371172dd728a3b29afbe46909feb87ebe0d9106e60a02a6b63fd3405,0x7db8d9c10f338133b82db0082d62954d56f57d22,0x28c6c06298d514db089934071355e5743bf21d60,14880.357142857143,,,,ATA,erc20,"{'value': '0x0326aa705deae2916db7', 'address': '0xa2120b9e674d3fc3875f415a7df52e382f141225', 'decimal': '0x12'}",{'blockTimestamp': '2022-03-04T07:00:14.000Z'}
805,0xda7d58,0x6cc941f490e358032cf3b1493ca64add28cb0458c401f63ac7b149511838fb3d:log:454,0x6cc941f490e358032cf3b1493ca64add28cb0458c401f63ac7b149511838fb3d,0xa2120b9e674d3fc3875f415a7df52e382f141225,0x61f92a958f2116c1ed916a6d29ef55b1da016d55,312500.0,,,,ATA,erc20,"{'value': '0x422ca8b0a00a42500000', 'address': '0xa2120b9e674d3fc3875f415a7df52e382f141225', 'decimal': '0x12'}",{'blockTimestamp': '2022-03-04T06:56:09.000Z'}
806,0xda7d41,0x9fc9fb24159842ab7494c41ea4da8838bfd3626324e9d3829ec2073bd934c71b:log:368,0x9fc9fb24159842ab7494c41ea4da8838bfd3626324e9d3829ec2073bd934c71b,0xffe9be91eeee0a168d9b92abc6cb3aeaf0e76e43,0xfb0dac68505076b6f610b0c65da602962f14877c,75000.0,,,,ATA,erc20,"{'value': '0x0fe1c215e8f838e00000', 'address': '0xa2120b9e674d3fc3875f415a7df52e382f141225', 'decimal': '0x12'}",{'blockTimestamp': '2022-03-04T06:52:06.000Z'}
807,0xda7d1b,0xc2144d25ba903c53206c7aa1a5940771c047b010063fcc3c0139aedaf211bfa0:log:449,0xc2144d25ba903c53206c7aa1a5940771c047b010063fcc3c0139aedaf211bfa0,0x61068c3f88a0b6fd9d4cd6a7e604c78290987354,0x1756fd71985dadb46cd664f443c1b11a32a51092,14700000.0,,,,ATA,erc20,"{'value': '0x0c28d898c65e0b8b800000', 'address': '0xa2120b9e674d3fc3875f415a7df52e382f141225', 'decimal': '0x12'}",{'blockTimestamp': '2022-03-04T06:43:31.000Z'}
808,0xda7d0d,0x9e4fec01e804c6f15daaadee461935c3edf272ea4e421bbfa2273ef04855a73d:log:180,0x9e4fec01e804c6f15daaadee461935c3edf272ea4e421bbfa2273ef04855a73d,0xa2120b9e674d3fc3875f415a7df52e382f141225,0x61068c3f88a0b6fd9d4cd6a7e604c78290987354,14700000.0,,,,ATA,erc20,"{'value': '0x0c28d898c65e0b8b800000', 'address': '0xa2120b9e674d3fc3875f415a7df52e382f141225', 'decimal': '0x12'}",{'blockTimestamp': '2022-03-04T06:39:26.000Z'}
809,0xda7cfd,0x561a8a9368c85bcabfc6991a9f49c9feb971fed2fa8ff4dec359ba4cee0f74d0:log:72,0x561a8a9368c85bcabfc6991a9f49c9feb971fed2fa8ff4dec359ba4cee0f74d0,0x8c64cffd734b7981be14a545570c1e96daa69066,0x1756fd71985dadb46cd664f443c1b11a32a51092,7500000.0,,,,ATA,erc20,"{'value': '0x06342fd08f00f637800000', 'address': '0xa2120b9e674d3fc3875f415a7df52e382f141225', 'decimal': '0x12'}",{'blockTimestamp': '2022-03-04T06:35:05.000Z'}
810,0xda7ce6,0xea10affb699633d428901f10e9b589aa7653d79779bfb19b1ba8c10820ee4587:log:584,0xea10affb699633d428901f10e9b589aa7653d79779bfb19b1ba8c10820ee4587,0xbf6b41e10144130726b34b242a67523a853fbcfb,0x28c6c06298d514db089934071355e5743bf21d60,595214.2857142857,,,,ATA,erc20,"{'value': '0x7e0aa18eacb366b92492', 'address': '0xa2120b9e674d3fc3875f415a7df52e382f141225', 'decimal': '0x12'}",{'blockTimestamp': '2022-03-04T06:29:50.000Z'}
811,0xda7ce2,0x97148bdaca96cbf696383d3b902e45c939a1e4f4e16177ac429a4f3aeb3683f1:log:379,0x97148bdaca96cbf696383d3b902e45c939a1e4f4e16177ac429a4f3aeb3683f1,0xa2120b9e674d3fc3875f415a7df52e382f141225,0xa548cb6546ce34766e7721370ba1d49bc640409d,44641.07142857143,,,,ATA,erc20,"{'value': '0x0973ff5119c0a7b44925', 'address': '0xa2120b9e674d3fc3875f415a7df52e382f141225', 'decimal': '0x12'}",{'blockTimestamp': '2022-03-04T06:28:29.000Z'}
812,0xda7ccd,0xecff241a2d179abbdc6e8558b77d6b3221a560c6e44bbace9a7eb24396c01929:log:99,0xecff241a2d179abbdc6e8558b77d6b3221a560c6e44bbace9a7eb24396c01929,0xa2120b9e674d3fc3875f415a7df52e382f141225,0x8c64cffd734b7981be14a545570c1e96daa69066,7500000.0,,,,ATA,erc20,"{'value': '0x06342fd08f00f637800000', 'address': '0xa2120b9e674d3fc3875f415a7df52e382f141225', 'decimal': '0x12'}",{'blockTimestamp': '2022-03-04T06:24:39.000Z'}
813,0xda7c9c,0xdfde54b7396f50ee48f3e4fa7916b28c174fc64fc4647a5e6007c84a828e0986:log:522,0xdfde54b7396f50ee48f3e4fa7916b28c174fc64fc4647a5e6007c84a828e0986,0x20f7c7e4b410af0d7309a04792fc22c7b4c7f46e,0x7db8d9c10f338133b82db0082d62954d56f57d22,14000.0,,,,ATA,erc20,"{'value': '0x02f6f10780d22cc00000', 'address': '0xa2120b9e674d3fc3875f415a7df52e382f141225', 'decimal': '0x12'}",{'blockTimestamp': '2022-03-04T06:12:44.000Z'}
814,0xda7c8e,0xaf9337fc3d8fa941199ce86e7037e57ac340c0809b0c8683d0a86fc70caaf0cc:log:509,0xaf9337fc3d8fa941199ce86e7037e57ac340c0809b0c8683d0a86fc70caaf0cc,0x20f7c7e4b410af0d7309a04792fc22c7b4c7f46e,0x7db8d9c10f338133b82db0082d62954d56f57d22,880.3571428571429,,,,ATA,erc20,"{'value': '0x2fb968dd18b5d16db7', 'address': '0xa2120b9e674d3fc3875f415a7df52e382f141225', 'decimal': '0x12'}",{'blockTimestamp': '2022-03-04T06:09:07.000Z'}
815,0xda7c8d,0x870112e886bf444f65af43575ff4b5090d5b6d3e3ffdf529061844daa3385373:log:1337,0x870112e886bf444f65af43575ff4b5090d5b6d3e3ffdf529061844daa3385373,0xdfd5293d8e347dfe59e90efd55b2956a1343963d,0xffe9be91eeee0a168d9b92abc6cb3aeaf0e76e43,75000.0,,,,ATA,erc20,"{'value': '0x0fe1c215e8f838e00000', 'address': '0xa2120b9e674d3fc3875f415a7df52e382f141225', 'decimal': '0x12'}",{'blockTimestamp': '2022-03-04T06:08:39.000Z'}
816,0xda7c7b,0x2e6b3a148000ae297119c4df60481923dbe89df3cf256447b2f8d17fd856dba2:log:331,0x2e6b3a148000ae297119c4df60481923dbe89df3cf256447b2f8d17fd856dba2,0xb09d8ccc60c2ad5711272475f8fff9d0ac0ca8bd,0x9e396b27e32518448cbdb2277070ae2ab2984e79,312500.0,,,,ATA,erc20,"{'value': '0x422ca8b0a00a42500000', 'address': '0xa2120b9e674d3fc3875f415a7df52e382f141225', 'decimal': '0x12'}",{'blockTimestamp': '2022-03-04T06:04:54.000Z'}
817,0xda7c6f,0xb04b5ed15aa6311f171a2bd6a9e35da7582d2810f075fea69030d8a3b05c2cf5:log:27,0xb04b5ed15aa6311f171a2bd6a9e35da7582d2810f075fea69030d8a3b05c2cf5,0xa2120b9e674d3fc3875f415a7df52e382f141225,0xb09d8ccc60c2ad5711272475f8fff9d0ac0ca8bd,312500.0,,,,ATA,erc20,"{'value': '0x422ca8b0a00a42500000', 'address': '0xa2120b9e674d3fc3875f415a7df52e382f141225', 'decimal': '0x12'}",{'blockTimestamp': '2022-03-04T06:03:36.000Z'}
818,0xda7c6c,0x6d1f8353a7082e031e7d92408a1ef4f2aa5ca2d0f2121143d4fe592c02817067:log:17,0x6d1f8353a7082e031e7d92408a1ef4f2aa5ca2d0f2121143d4fe592c02817067,0xd924ea8fe7fce36b448bacca523090bb7976ae07,0xbf6b41e10144130726b34b242a67523a853fbcfb,595214.2857142857,,,,ATA,erc20,"{'value': '0x7e0aa18eacb366b92492', 'address': '0xa2120b9e674d3fc3875f415a7df52e382f141225', 'decimal': '0x12'}",{'blockTimestamp': '2022-03-04T06:03:23.000Z'}
819,0xda7c6a,0xcfdf258b37fae6ca3e44f42f9bd82e25ba04dcdfe61c13e7d499d4bfdd6fb05c:log:289,0xcfdf258b37fae6ca3e44f42f9bd82e25ba04dcdfe61c13e7d499d4bfdd6fb05c,0xa2120b9e674d3fc3875f415a7df52e382f141225,0x20f7c7e4b410af0d7309a04792fc22c7b4c7f46e,14880.357142857143,,,,ATA,erc20,"{'value': '0x0326aa705deae2916db7', 'address': '0xa2120b9e674d3fc3875f415a7df52e382f141225', 'decimal': '0x12'}",{'blockTimestamp': '2022-03-04T06:02:47.000Z'}
820,0xda7c65,0x392300a960e3eb4ebf47938cb2e136fb163ab0e2037e0d9f46eab9defad3d368:log:119,0x392300a960e3eb4ebf47938cb2e136fb163ab0e2037e0d9f46eab9defad3d368,0x21a31ee1afc51d94c2efccaa2092ad1028285549,0x02742aa3d0ca88052cd8f7db2bc7629842e3dff3,24999.999999999996,,,,ATA,erc20,"{'value': '0x054b40b1f852bda00000', 'address': '0xa2120b9e674d3fc3875f415a7df52e382f141225', 'decimal': '0x12'}",{'blockTimestamp': '2022-03-04T06:01:17.000Z'}
821,0xda7c64,0xcb0da7bc72d97ff5e5a0dfaf6e2a0d22771dbbb778913a603bf61c259ebb5cd6:log:154,0xcb0da7bc72d97ff5e5a0dfaf6e2a0d22771dbbb778913a603bf61c259ebb5cd6,0x28c6c06298d514db089934071355e5743bf21d60,0x27f904be4e0c76fecbcec4f2ebe8c8ddb7f06b02,24999.999999999996,,,,ATA,erc20,"{'value': '0x054b40b1f852bda00000', 'address': '0xa2120b9e674d3fc3875f415a7df52e382f141225', 'decimal': '0x12'}",{'blockTimestamp': '2022-03-04T06:00:47.000Z'}
822,0xda7c56,0xbd799b3046628c8eb0cdd2f4b14625bad04c95e31ec0ae302a4d1685be8b6c6a:log:182,0xbd799b3046628c8eb0cdd2f4b14625bad04c95e31ec0ae302a4d1685be8b6c6a,0x02d115a57c075ad4767848b6881ea10a24ac39b2,0xcf30dfed07cb9977cfcc3ee5a5b15b45b1663ab5,633910.7142857142,,,,ATA,erc20,"{'value': '0x863c5e61c7f31b3adb6e', 'address': '0xa2120b9e674d3fc3875f415a7df52e382f141225', 'decimal': '0x12'}",{'blockTimestamp': '2022-03-04T05:58:43.000Z'}
823,0xda7c53,0x4182ce0ecb6409f8182a72037d5789c12525b7e127141ce7d5d89a1837182f49:log:39,0x4182ce0ecb6409f8182a72037d5789c12525b7e127141ce7d5d89a1837182f49,0xa2120b9e674d3fc3875f415a7df52e382f141225,0x02d115a57c075ad4767848b6881ea10a24ac39b2,633910.7142857142,,,,ATA,erc20,"{'value': '0x863c5e61c7f31b3adb6e', 'address': '0xa2120b9e674d3fc3875f415a7df52e382f141225', 'decimal': '0x12'}",{'blockTimestamp': '2022-03-04T05:57:59.000Z'}
824,0xda7c50,0xc09c0f9632eeeaae1882d8ab15dfe47ec490b0cbe585bc95158c81f1f8a8dd38:log:70,0xc09c0f9632eeeaae1882d8ab15dfe47ec490b0cbe585bc95158c81f1f8a8dd38,0xa2120b9e674d3fc3875f415a7df52e382f141225,0xd924ea8fe7fce36b448bacca523090bb7976ae07,595214.2857142857,,,,ATA,erc20,"{'value': '0x7e0aa18eacb366b92492', 'address': '0xa2120b9e674d3fc3875f415a7df52e382f141225', 'decimal': '0x12'}",{'blockTimestamp': '2022-03-04T05:57:31.000Z'}
825,0xda6cbb,0x33168b78b0c4fa96c071cbb21f23956b4a27b6643248a5010ba8d27468686114:log:37,0x33168b78b0c4fa96c071cbb21f23956b4a27b6643248a5010ba8d27468686114,0xdfd5293d8e347dfe59e90efd55b2956a1343963d,0xd8e75444642946e2b0641ad056a68f77979ed9a4,153.0,,,,ATA,erc20,"{'value': '0x084b4d315f0ac40000', 'address': '0xa2120b9e674d3fc3875f415a7df52e382f141225', 'decimal': '0x12'}",{'blockTimestamp': '2022-03-03T15:06:35.000Z'}
826,0xda68e5,0x94f9d8196ca0f827a67b4e48347ff562a1df81a2c97e3aeb3637d87fdf51f280:log:103,0x94f9d8196ca0f827a67b4e48347ff562a1df81a2c97e3aeb3637d87fdf51f280,0x21a31ee1afc51d94c2efccaa2092ad1028285549,0x729d023839967d2629e3bd93ea136d9b8515b2d9,8266.654,,,,ATA,erc20,"{'value': '0x01c022debe63d6030000', 'address': '0xa2120b9e674d3fc3875f415a7df52e382f141225', 'decimal': '0x12'}",{'blockTimestamp': '2022-03-03T11:16:50.000Z'}
827,0xda61b9,0xbc680b26dcb675daa72dc0b7165fdffabc897e106493e673f772c655101d274c:log:165,0xbc680b26dcb675daa72dc0b7165fdffabc897e106493e673f772c655101d274c,0x6767526a362ec6c6b1df185478e4f01506b73ff3,0x28c6c06298d514db089934071355e5743bf21d60,38877.0,,,,ATA,erc20,"{'value': '0x083b86c1b0d37d540000', 'address': '0xa2120b9e674d3fc3875f415a7df52e382f141225', 'decimal': '0x12'}",{'blockTimestamp': '2022-03-03T04:29:48.000Z'}
828,0xda6172,0xd85443445c8e75607fc63283a004d6e0868c0b9338e7d582c01555cb5b5bf1a6:log:235,0xd85443445c8e75607fc63283a004d6e0868c0b9338e7d582c01555cb5b5bf1a6,0x3c02290922a3618a4646e3bbca65853ea45fe7c6,0x6767526a362ec6c6b1df185478e4f01506b73ff3,38877.0,,,,ATA,erc20,"{'value': '0x083b86c1b0d37d540000', 'address': '0xa2120b9e674d3fc3875f415a7df52e382f141225', 'decimal': '0x12'}",{'blockTimestamp': '2022-03-03T04:11:33.000Z'}
829,0xda4f0c,0x58513f7cbf6323d4c854578418026bce83071b94b08b5b77e9fa3ba6be3a3edc:log:86,0x58513f7cbf6323d4c854578418026bce83071b94b08b5b77e9fa3ba6be3a3edc,0x48c04ed5691981c42154c6167398f95e8f38a7ff,0x9407c4118538e8409c8bbbfddd38d716b96c48f2,191.46350249,,,,ATA,erc20,"{'value': '0x0a61170118f8918400', 'address': '0xa2120b9e674d3fc3875f415a7df52e382f141225', 'decimal': '0x12'}",{'blockTimestamp': '2022-03-02T10:40:15.000Z'}
830,0xda40d8,0x525799619536cf7f44296b07cb1d11f5b03c9e7d55dc610a7e7ac7880ecfcf09:log:89,0x525799619536cf7f44296b07cb1d11f5b03c9e7d55dc610a7e7ac7880ecfcf09,0x28c6c06298d514db089934071355e5743bf21d60,0x65df9902e9d82429b35859c92102a4a85fcebd60,2498.6272,,,,ATA,erc20,"{'value': '0x87736b081b10e80000', 'address': '0xa2120b9e674d3fc3875f415a7df52e382f141225', 'decimal': '0x12'}",{'blockTimestamp': '2022-03-01T21:06:18.000Z'}
831,0xda3418,0xdcb0651cfbaee5499b48a3547a1e955dd700b60220bbec6becc7cd5962f620fc:log:204,0xdcb0651cfbaee5499b48a3547a1e955dd700b60220bbec6becc7cd5962f620fc,0xdfd5293d8e347dfe59e90efd55b2956a1343963d,0x7d855b693626a22a92d3617ae83392eb287cfa4d,1488.4920000000002,,,,ATA,erc20,"{'value': '0x50b0f9e3a1a2be0000', 'address': '0xa2120b9e674d3fc3875f415a7df52e382f141225', 'decimal': '0x12'}",{'blockTimestamp': '2022-03-01T09:04:34.000Z'}
832,0xda314f,0x7cb4201be4f4c58b85f0c37a49e87042ca6086c5b96d9efca67fd081dcf154e9:log:157,0x7cb4201be4f4c58b85f0c37a49e87042ca6086c5b96d9efca67fd081dcf154e9,0xc67650f4edd30c42a0ed11c0b2bc2f6bd6ac014f,0x28c6c06298d514db089934071355e5743bf21d60,7913.4980000000005,,,,ATA,erc20,"{'value': '0x01acfdd8977d9c290000', 'address': '0xa2120b9e674d3fc3875f415a7df52e382f141225', 'decimal': '0x12'}",{'blockTimestamp': '2022-03-01T06:31:03.000Z'}
833,0xda3103,0x0b59788c4ea99c98291fc0b4336e6cbe90eb280fe1886e5ebda2b4b5fadc15e9:log:371,0x0b59788c4ea99c98291fc0b4336e6cbe90eb280fe1886e5ebda2b4b5fadc15e9,0xb9728f32616987b0a836cde43fe11f07d6113157,0xc67650f4edd30c42a0ed11c0b2bc2f6bd6ac014f,7893.4980000000005,,,,ATA,erc20,"{'value': '0x01abe84a517488590000', 'address': '0xa2120b9e674d3fc3875f415a7df52e382f141225', 'decimal': '0x12'}",{'blockTimestamp': '2022-03-01T06:15:00.000Z'}
834,0xda30b9,0xa0f1ab22c059bc8aa21aa00401eb5b6f8a0f394c5c1539b020302e14685762c3:log:543,0xa0f1ab22c059bc8aa21aa00401eb5b6f8a0f394c5c1539b020302e14685762c3,0xb9728f32616987b0a836cde43fe11f07d6113157,0xc67650f4edd30c42a0ed11c0b2bc2f6bd6ac014f,20.0,,,,ATA,erc20,"{'value': '0x01158e460913d00000', 'address': '0xa2120b9e674d3fc3875f415a7df52e382f141225', 'decimal': '0x12'}",{'blockTimestamp': '2022-03-01T05:58:02.000Z'}
835,0xda3054,0x094197693982306680a477b76995b84b4f0e2f4bc3c9f2c74107a9ce7c2f1d6b:log:319,0x094197693982306680a477b76995b84b4f0e2f4bc3c9f2c74107a9ce7c2f1d6b,0x21a31ee1afc51d94c2efccaa2092ad1028285549,0x77fe0c9722174eb561b03d2cf8ea1f262ae0c277,4457.1050000000005,,,,ATA,erc20,"{'value': '0xf19ec1e6bee16e8000', 'address': '0xa2120b9e674d3fc3875f415a7df52e382f141225', 'decimal': '0x12'}",{'blockTimestamp': '2022-03-01T05:31:07.000Z'}
836,0xda1e46,0x93dfdcd589964cb706acd3a3d2693bc72540c1176c894e2d2ad4add954e3bf32:log:57,0x93dfdcd589964cb706acd3a3d2693bc72540c1176c894e2d2ad4add954e3bf32,0x5654d65578cda52791879751141f2f3d7dc27fe4,0x13307b8854a95946b54a904100afd0767a7a577b,1668.9351909531931,,,,ATA,erc20,"{'value': '0x5a7920e1c639ca04cc', 'address': '0xa2120b9e674d3fc3875f415a7df52e382f141225', 'decimal': '0x12'}",{'blockTimestamp': '2022-02-28T12:18:27.000Z'}
837,0xda1e45,0xf1d393706bb1a0e70daaae5dfbdde11b67672f7c001fc3e91e262d623c4f04e2:log:103,0xf1d393706bb1a0e70daaae5dfbdde11b67672f7c001fc3e91e262d623c4f04e2,0x39bb878b46cdc86b3190dbef394f311691ce3ee9,0x5654d65578cda52791879751141f2f3d7dc27fe4,600.0,,,,ATA,erc20,"{'value': '0x2086ac351052600000', 'address': '0xa2120b9e674d3fc3875f415a7df52e382f141225', 'decimal': '0x12'}",{'blockTimestamp': '2022-02-28T12:18:15.000Z'}
838,0xda1e38,0x4a96a35f8bc43cf23e983cd10cef17c8d0329f95cff9572a85445e21d8a4719a:log:186,0x4a96a35f8bc43cf23e983cd10cef17c8d0329f95cff9572a85445e21d8a4719a,0x39bb878b46cdc86b3190dbef394f311691ce3ee9,0x5654d65578cda52791879751141f2f3d7dc27fe4,500.0,,,,ATA,erc20,"{'value': '0x1b1ae4d6e2ef500000', 'address': '0xa2120b9e674d3fc3875f415a7df52e382f141225', 'decimal': '0x12'}",{'blockTimestamp': '2022-02-28T12:16:11.000Z'}
839,0xda1cd7,0x492ae6acc33f4ac1f521f9bc2abedfbbf2359ce2b488c40852ddfead9f967697:log:129,0x492ae6acc33f4ac1f521f9bc2abedfbbf2359ce2b488c40852ddfead9f967697,0x28c6c06298d514db089934071355e5743bf21d60,0x1fe05841fa946a4249e41fde8f9bebfa9f2437a8,19934.899999999998,,,,ATA,erc20,"{'value': '0x0438ac4fea5f86920000', 'address': '0xa2120b9e674d3fc3875f415a7df52e382f141225', 'decimal': '0x12'}",{'blockTimestamp': '2022-02-28T10:59:33.000Z'}
840,0xda1c21,0x5b9bbf6978650f4a677eabf76a95514b05a7bd33b1c6bc41cd7d5b8ffa683df4:log:141,0x5b9bbf6978650f4a677eabf76a95514b05a7bd33b1c6bc41cd7d5b8ffa683df4,0xdfd5293d8e347dfe59e90efd55b2956a1343963d,0x30db8e058514caec496217c27fd8221390e12605,4457.91895845,,,,ATA,erc20,"{'value': '0xf1aa0da9a4b39bf400', 'address': '0xa2120b9e674d3fc3875f415a7df52e382f141225', 'decimal': '0x12'}",{'blockTimestamp': '2022-02-28T10:18:40.000Z'}
841,0xda0804,0xd1a9a2ddc2f536e8ba5d71ccbe91c18ef70eb0243407aa34ead3f9281fab9942:log:122,0xd1a9a2ddc2f536e8ba5d71ccbe91c18ef70eb0243407aa34ead3f9281fab9942,0x21a31ee1afc51d94c2efccaa2092ad1028285549,0x9eb6df9effed35598a06a008c63e4797f74daad9,6647.610478099999,,,,ATA,erc20,"{'value': '0x01685e20ad483b23c800', 'address': '0xa2120b9e674d3fc3875f415a7df52e382f141225', 'decimal': '0x12'}",{'blockTimestamp': '2022-02-27T15:06:27.000Z'}
842,0xda07e9,0x0f9ca93cb98302bf27973919ed9b4bd38111ce7436f2815fe1d1c121744e292d:log:90,0x0f9ca93cb98302bf27973919ed9b4bd38111ce7436f2815fe1d1c121744e292d,0x28c6c06298d514db089934071355e5743bf21d60,0x05be4d5048fd82398e138e3915d99b4c6f4e912c,5080.996,,,,ATA,erc20,"{'value': '0x011370fbfdbabcaa0000', 'address': '0xa2120b9e674d3fc3875f415a7df52e382f141225', 'decimal': '0x12'}",{'blockTimestamp': '2022-02-27T15:01:17.000Z'}
843,0xd9ec6a,0xa540b05ec815aa499e618d1e2dfb7cc4b2df17457915fd67753281b7aa7fb495:log:173,0xa540b05ec815aa499e618d1e2dfb7cc4b2df17457915fd67753281b7aa7fb495,0x73c93a802c6d4459651a561b49fcba320ee260e2,0x3c02290922a3618a4646e3bbca65853ea45fe7c6,26257.600000000002,,,,ATA,erc20,"{'value': '0x058f6d66b145d8e00000', 'address': '0xa2120b9e674d3fc3875f415a7df52e382f141225', 'decimal': '0x12'}",{'blockTimestamp': '2022-02-26T12:54:06.000Z'}
844,0xd9ec68,0x6abfeee78db71944c59bf534068e6082598506cd5f399c9c1f778977f1e14f94:log:78,0x6abfeee78db71944c59bf534068e6082598506cd5f399c9c1f778977f1e14f94,0xf431666bdc13d00bc0d2661ef756755f0c7086dd,0x3c02290922a3618a4646e3bbca65853ea45fe7c6,28330.498356919998,,,,ATA,erc20,"{'value': '0x05ffcca50a34945d3000', 'address': '0xa2120b9e674d3fc3875f415a7df52e382f141225', 'decimal': '0x12'}",{'blockTimestamp': '2022-02-26T12:53:43.000Z'}
845,0xd9e3b3,0x9e152944b6950f51f379e45e7a8e91b1721ac27329b8ad7abc0883b4baef8c2b:log:206,0x9e152944b6950f51f379e45e7a8e91b1721ac27329b8ad7abc0883b4baef8c2b,0x2108b3f61fe829e705d009af172b8f6e2f7c8981,0x95b564f3b3bae3f206aa418667ba000afafacc8a,2139.0,,,,ATA,erc20,"{'value': '0x73f4968f17a08c0000', 'address': '0xa2120b9e674d3fc3875f415a7df52e382f141225', 'decimal': '0x12'}",{'blockTimestamp': '2022-02-26T04:38:56.000Z'}
846,0xd9d922,0x860e850d5637e171b4e1aa8b3293edcf88fc2701b1d115f138c8bcc23aea0a6a:log:54,0x860e850d5637e171b4e1aa8b3293edcf88fc2701b1d115f138c8bcc23aea0a6a,0xdff86b14f77fdfee66b93670583c152fccd939d7,0x28c6c06298d514db089934071355e5743bf21d60,6223.0,,,,ATA,erc20,"{'value': '0x01515979392207dc0000', 'address': '0xa2120b9e674d3fc3875f415a7df52e382f141225', 'decimal': '0x12'}",{'blockTimestamp': '2022-02-25T18:32:18.000Z'}
847,0xd9d867,0x842714dfe0b5c5398611dc611326f515b451ca59c494312ff8f6ea27f33e11d9:log:307,0x842714dfe0b5c5398611dc611326f515b451ca59c494312ff8f6ea27f33e11d9,0xc9b67c14c24be43ee6a55414526aa5c70e164163,0xdff86b14f77fdfee66b93670583c152fccd939d7,6223.0,,,,ATA,erc20,"{'value': '0x01515979392207dc0000', 'address': '0xa2120b9e674d3fc3875f415a7df52e382f141225', 'decimal': '0x12'}",{'blockTimestamp': '2022-02-25T17:53:59.000Z'}
848,0xd9d535,0x85b30d687c2fb37ad57a4a3a701d43add45eeee6294ed203d556420d4e24a515:log:59,0x85b30d687c2fb37ad57a4a3a701d43add45eeee6294ed203d556420d4e24a515,0xdfd5293d8e347dfe59e90efd55b2956a1343963d,0x9b30a672472df0fc28e47af4fa851c080a925755,1351.0,,,,ATA,erc20,"{'value': '0x493ce42e1860bc0000', 'address': '0xa2120b9e674d3fc3875f415a7df52e382f141225', 'decimal': '0x12'}",{'blockTimestamp': '2022-02-25T14:47:41.000Z'}
849,0xd9bbb6,0x1492f3339049f7e3ccc7150202e83e1c907481e3b81b3856e8a0a521674952ee:log:76,0x1492f3339049f7e3ccc7150202e83e1c907481e3b81b3856e8a0a521674952ee,0x21a31ee1afc51d94c2efccaa2092ad1028285549,0xf431666bdc13d00bc0d2661ef756755f0c7086dd,15971.999999999998,,,,ATA,erc20,"{'value': '0x0361d806e0b79b100000', 'address': '0xa2120b9e674d3fc3875f415a7df52e382f141225', 'decimal': '0x12'}",{'blockTimestamp': '2022-02-24T14:37:37.000Z'}
850,0xd9b968,0x49fae0c08c99428691d6328f9533a81034b8a98143fd30a4b3347d79bfcbf2c3:log:207,0x49fae0c08c99428691d6328f9533a81034b8a98143fd30a4b3347d79bfcbf2c3,0x28c6c06298d514db089934071355e5743bf21d60,0x85b13d4882d62fcd1bed1f3182639adee89fc7fc,3130.0,,,,ATA,erc20,"{'value': '0xa9ad79d08c9ca80000', 'address': '0xa2120b9e674d3fc3875f415a7df52e382f141225', 'decimal': '0x12'}",{'blockTimestamp': '2022-02-24T12:22:09.000Z'}
851,0xd9a67b,0x02c599ab41d9ce0c0b0079e313724343d72fff0a11a775fcb19ca0dfd8f9864c:log:48,0x02c599ab41d9ce0c0b0079e313724343d72fff0a11a775fcb19ca0dfd8f9864c,0x60db5c634051aac40b400cacb6e24da83f592587,0x28c6c06298d514db089934071355e5743bf21d60,26243.40079465,,,,ATA,erc20,"{'value': '0x058ea858fb3cd54c8400', 'address': '0xa2120b9e674d3fc3875f415a7df52e382f141225', 'decimal': '0x12'}",{'blockTimestamp': '2022-02-23T18:30:09.000Z'}
852,0xd9a3a9,0x6a8011d7104d67efa90655e4e453777a97e6aac48b26354163981a064872fc09:log:157,0x6a8011d7104d67efa90655e4e453777a97e6aac48b26354163981a064872fc09,0x3c02290922a3618a4646e3bbca65853ea45fe7c6,0x60db5c634051aac40b400cacb6e24da83f592587,26243.40079465,,,,ATA,erc20,"{'value': '0x058ea858fb3cd54c8400', 'address': '0xa2120b9e674d3fc3875f415a7df52e382f141225', 'decimal': '0x12'}",{'blockTimestamp': '2022-02-23T15:40:45.000Z'}
853,0xd9a343,0xb880ab018873cd7f1abfc017c7d716452346eb4b0f703dd6523e6409edef80ac:log:290,0xb880ab018873cd7f1abfc017c7d716452346eb4b0f703dd6523e6409edef80ac,0xf16e9b0d03470827a95cdfd0cb8a8a3b46969b91,0x73c93a802c6d4459651a561b49fcba320ee260e2,26257.600000000002,,,,ATA,erc20,"{'value': '0x058f6d66b145d8e00000', 'address': '0xa2120b9e674d3fc3875f415a7df52e382f141225', 'decimal': '0x12'}",{'blockTimestamp': '2022-02-23T15:17:20.000Z'}
854,0xd9a02e,0xd26793d4f98c9b8256e849f1c0085118a0a37bed2960e5bf95d6570f1e522902:log:318,0xd26793d4f98c9b8256e849f1c0085118a0a37bed2960e5bf95d6570f1e522902,0x6767526a362ec6c6b1df185478e4f01506b73ff3,0x28c6c06298d514db089934071355e5743bf21d60,31310.999999999996,,,,ATA,erc20,"{'value': '0x06a15f69ff364fdc0000', 'address': '0xa2120b9e674d3fc3875f415a7df52e382f141225', 'decimal': '0x12'}",{'blockTimestamp': '2022-02-23T12:30:12.000Z'}
855,0xd99ced,0x1187e35bb6e2566e2c5dadbe8f9c113f6dd83f75c3d35449bb8b4a3a54757794:log:93,0x1187e35bb6e2566e2c5dadbe8f9c113f6dd83f75c3d35449bb8b4a3a54757794,0x3c02290922a3618a4646e3bbca65853ea45fe7c6,0x6767526a362ec6c6b1df185478e4f01506b73ff3,31310.999999999996,,,,ATA,erc20,"{'value': '0x06a15f69ff364fdc0000', 'address': '0xa2120b9e674d3fc3875f415a7df52e382f141225', 'decimal': '0x12'}",{'blockTimestamp': '2022-02-23T09:17:14.000Z'}
856,0xd983ef,0xf7fad7d1fbc017dd1f43e9879b12143120ec6453ea6bb4af1cddb64637a0d1e6:log:546,0xf7fad7d1fbc017dd1f43e9879b12143120ec6453ea6bb4af1cddb64637a0d1e6,0x1f8a5a541874bd042f2efa491244f018a6c50412,0x738cf6903e6c4e699d1c2dd9ab8b67fcdb3121ea,5151.7970000000005,,,,ATA,erc20,"{'value': '0x0117478bac1c13188000', 'address': '0xa2120b9e674d3fc3875f415a7df52e382f141225', 'decimal': '0x12'}",{'blockTimestamp': '2022-02-22T09:38:49.000Z'}
857,0xd98394,0x1ea55a8df6067ca19bd3d2366dc561af92d24d2a0dd4b5a4f2d95ed8944f35e9:log:529,0x1ea55a8df6067ca19bd3d2366dc561af92d24d2a0dd4b5a4f2d95ed8944f35e9,0xff70b9291164877353504ce1703fa12eb04405d4,0x1f8a5a541874bd042f2efa491244f018a6c50412,5151.7970000000005,,,,ATA,erc20,"{'value': '0x0117478bac1c13188000', 'address': '0xa2120b9e674d3fc3875f415a7df52e382f141225', 'decimal': '0x12'}",{'blockTimestamp': '2022-02-22T09:20:15.000Z'}
858,0xd981b1,0x7081a09ad5251fb163d02fd38b526e0cbb5d02f4cd0db39aeb152c5cc8b11bb3:log:72,0x7081a09ad5251fb163d02fd38b526e0cbb5d02f4cd0db39aeb152c5cc8b11bb3,0x28878b7fc178da01ca1134f2d6140abc629e15b7,0x2108b3f61fe829e705d009af172b8f6e2f7c8981,2139.0,,,,ATA,erc20,"{'value': '0x73f4968f17a08c0000', 'address': '0xa2120b9e674d3fc3875f415a7df52e382f141225', 'decimal': '0x12'}",{'blockTimestamp': '2022-02-22T07:28:53.000Z'}
859,0xd980ab,0xbd22d42e138c3fc976dd6df4f1c449b4cd3863de261e5f564b61299774d278f9:log:170,0xbd22d42e138c3fc976dd6df4f1c449b4cd3863de261e5f564b61299774d278f9,0xb15ad6f54243b61141d2ff5431a0ee758d025e1e,0x28c6c06298d514db089934071355e5743bf21d60,1752.5412280500002,,,,ATA,erc20,"{'value': '0x5f0165318cd31a3400', 'address': '0xa2120b9e674d3fc3875f415a7df52e382f141225', 'decimal': '0x12'}",{'blockTimestamp': '2022-02-22T06:29:41.000Z'}
860,0xd97e8d,0xd84c0dcb812fca52a1b7b0b6824027b787815eb0ed1145c6716fee439392b36d:log:194,0xd84c0dcb812fca52a1b7b0b6824027b787815eb0ed1145c6716fee439392b36d,0x90db19b9cdfae8cc3025eee4c82a3492c1fb7765,0xff70b9291164877353504ce1703fa12eb04405d4,5151.7970000000005,,,,ATA,erc20,"{'value': '0x0117478bac1c13188000', 'address': '0xa2120b9e674d3fc3875f415a7df52e382f141225', 'decimal': '0x12'}",{'blockTimestamp': '2022-02-22T04:22:19.000Z'}
861,0xd978d7,0xd28306c46ddae43b4f208a4625a62b93f4bae75751c625b49612de0cdb2ee65d:log:277,0xd28306c46ddae43b4f208a4625a62b93f4bae75751c625b49612de0cdb2ee65d,0x95b564f3b3bae3f206aa418667ba000afafacc8a,0xb15ad6f54243b61141d2ff5431a0ee758d025e1e,1752.5412280500002,,,,ATA,erc20,"{'value': '0x5f0165318cd31a3400', 'address': '0xa2120b9e674d3fc3875f415a7df52e382f141225', 'decimal': '0x12'}",{'blockTimestamp': '2022-02-21T23:00:24.000Z'}
862,0xd97862,0x93395c0f4cc95ff2ae892ee6bfa7388ef0c674d3c35ed1cffd1b6948ef9bd8ec:log:3,0x93395c0f4cc95ff2ae892ee6bfa7388ef0c674d3c35ed1cffd1b6948ef9bd8ec,0x5654d65578cda52791879751141f2f3d7dc27fe4,0x13307b8854a95946b54a904100afd0767a7a577b,2065.3241389520313,,,,ATA,erc20,"{'value': '0x6ff62151d213556384', 'address': '0xa2120b9e674d3fc3875f415a7df52e382f141225', 'decimal': '0x12'}",{'blockTimestamp': '2022-02-21T22:33:10.000Z'}
863,0xd97861,0x5774e03d22b64ec3a49e51018fb36795302c712bd5fd1ba5ad682f30cd025577:log:212,0x5774e03d22b64ec3a49e51018fb36795302c712bd5fd1ba5ad682f30cd025577,0xe66b31678d6c16e9ebf358268a790b763c133750,0x5654d65578cda52791879751141f2f3d7dc27fe4,2787.8830016009256,,,,ATA,erc20,"{'value': '0x9721a6131e6cec04e0', 'address': '0xa2120b9e674d3fc3875f415a7df52e382f141225', 'decimal': '0x12'}",{'blockTimestamp': '2022-02-21T22:32:13.000Z'}
864,0xd97861,0x5774e03d22b64ec3a49e51018fb36795302c712bd5fd1ba5ad682f30cd025577:log:209,0x5774e03d22b64ec3a49e51018fb36795302c712bd5fd1ba5ad682f30cd025577,0xd62f23fe010f09434911d1b5093a2f204df2a38d,0xe66b31678d6c16e9ebf358268a790b763c133750,2787.8830016009256,,,,ATA,erc20,"{'value': '0x9721a6131e6cec04e0', 'address': '0xa2120b9e674d3fc3875f415a7df52e382f141225', 'decimal': '0x12'}",{'blockTimestamp': '2022-02-21T22:32:13.000Z'}
865,0xd97861,0x5774e03d22b64ec3a49e51018fb36795302c712bd5fd1ba5ad682f30cd025577:log:207,0x5774e03d22b64ec3a49e51018fb36795302c712bd5fd1ba5ad682f30cd025577,0xd62f23fe010f09434911d1b5093a2f204df2a38d,0x382ffce2287252f930e1c8dc9328dac5bf282ba1,28.160434359605304,,,,ATA,erc20,"{'value': '0x0186cdf5d984faa05f', 'address': '0xa2120b9e674d3fc3875f415a7df52e382f141225', 'decimal': '0x12'}",{'blockTimestamp': '2022-02-21T22:32:13.000Z'}
866,0xd96df3,0xe39e0ba84252312da0b9134a0bdd52f4ba75d0140c264874b87ea7997f278f1c:log:68,0xe39e0ba84252312da0b9134a0bdd52f4ba75d0140c264874b87ea7997f278f1c,0x5654d65578cda52791879751141f2f3d7dc27fe4,0x13307b8854a95946b54a904100afd0767a7a577b,1577.316078857693,,,,ATA,erc20,"{'value': '0x5581a868be08d11e24', 'address': '0xa2120b9e674d3fc3875f415a7df52e382f141225', 'decimal': '0x12'}",{'blockTimestamp': '2022-02-21T12:35:59.000Z'}
867,0xd96df2,0x2375ad28a66f38a423614fa307dedcc2b7fa78a610f6d4a2fab1ae39a34aaf6d:log:165,0x2375ad28a66f38a423614fa307dedcc2b7fa78a610f6d4a2fab1ae39a34aaf6d,0xee9ee241f026e98373830bb2df2b146fbcf4a6ef,0x5654d65578cda52791879751141f2f3d7dc27fe4,1507.21758,,,,ATA,erc20,"{'value': '0x51b4d8836dd3e6c000', 'address': '0xa2120b9e674d3fc3875f415a7df52e382f141225', 'decimal': '0x12'}",{'blockTimestamp': '2022-02-21T12:34:38.000Z'}
868,0xd96df2,0x2375ad28a66f38a423614fa307dedcc2b7fa78a610f6d4a2fab1ae39a34aaf6d:log:163,0x2375ad28a66f38a423614fa307dedcc2b7fa78a610f6d4a2fab1ae39a34aaf6d,0xee9ee241f026e98373830bb2df2b146fbcf4a6ef,0x382ffce2287252f930e1c8dc9328dac5bf282ba1,15.22442,,,,ATA,erc20,"{'value': '0xd3480153db5a4000', 'address': '0xa2120b9e674d3fc3875f415a7df52e382f141225', 'decimal': '0x12'}",{'blockTimestamp': '2022-02-21T12:34:38.000Z'}
869,0xd95732,0x73cafebf779f7133ffaff48a92fcac3cc82c1209aaa21b7025a19acd15617539:log:85,0x73cafebf779f7133ffaff48a92fcac3cc82c1209aaa21b7025a19acd15617539,0x21a31ee1afc51d94c2efccaa2092ad1028285549,0xc6f0a33dc29f98a1399e5f6b0ddfe91697c02079,2676.255,,,,ATA,erc20,"{'value': '0x91147fbf17e3098000', 'address': '0xa2120b9e674d3fc3875f415a7df52e382f141225', 'decimal': '0x12'}",{'blockTimestamp': '2022-02-20T15:12:37.000Z'}
870,0xd94148,0x233698eb452d9158be1317d3544aa83c953740211b7fd8d395737188c760fbdf:log:113,0x233698eb452d9158be1317d3544aa83c953740211b7fd8d395737188c760fbdf,0x95b564f3b3bae3f206aa418667ba000afafacc8a,0x28878b7fc178da01ca1134f2d6140abc629e15b7,668.0,,,,ATA,erc20,"{'value': '0x24365cbcc8c8f00000', 'address': '0xa2120b9e674d3fc3875f415a7df52e382f141225', 'decimal': '0x12'}",{'blockTimestamp': '2022-02-19T18:16:33.000Z'}
871,0xd9211b,0x7dd5f57a114bf5a1a88276043c3eeea30d0e909e962e76d87f06669af4666f24:log:158,0x7dd5f57a114bf5a1a88276043c3eeea30d0e909e962e76d87f06669af4666f24,0x95b564f3b3bae3f206aa418667ba000afafacc8a,0x28878b7fc178da01ca1134f2d6140abc629e15b7,746.0,,,,ATA,erc20,"{'value': '0x2870d46785c9680000', 'address': '0xa2120b9e674d3fc3875f415a7df52e382f141225', 'decimal': '0x12'}",{'blockTimestamp': '2022-02-18T11:17:49.000Z'}
872,0xd914c4,0xf69db31ced2cec8b37177910382a348810e68cc153a7e15115e022f1d47a8651:log:90,0xf69db31ced2cec8b37177910382a348810e68cc153a7e15115e022f1d47a8651,0x29984d1f9055cafb02dcdd53c54b727902e44975,0x28c6c06298d514db089934071355e5743bf21d60,31868.71,,,,ATA,erc20,"{'value': '0x06bf9b31f15682f70000', 'address': '0xa2120b9e674d3fc3875f415a7df52e382f141225', 'decimal': '0x12'}",{'blockTimestamp': '2022-02-17T23:30:02.000Z'}
873,0xd90f68,0xf9cc77bd6496acd3dc759c76d474b84f6e2546a8e8ed49997672e6842bae87d1:log:340,0xf9cc77bd6496acd3dc759c76d474b84f6e2546a8e8ed49997672e6842bae87d1,0x95b564f3b3bae3f206aa418667ba000afafacc8a,0x29984d1f9055cafb02dcdd53c54b727902e44975,31868.71,,,,ATA,erc20,"{'value': '0x06bf9b31f15682f70000', 'address': '0xa2120b9e674d3fc3875f415a7df52e382f141225', 'decimal': '0x12'}",{'blockTimestamp': '2022-02-17T18:27:13.000Z'}
874,0xd8efb1,0x7a82528d6aaa027cbb7feeef93796132d77ba90bb44870e646026c8ffe4ecdfd:log:442,0x7a82528d6aaa027cbb7feeef93796132d77ba90bb44870e646026c8ffe4ecdfd,0x6767526a362ec6c6b1df185478e4f01506b73ff3,0x28c6c06298d514db089934071355e5743bf21d60,32353.000000000004,,,,ATA,erc20,"{'value': '0x06d9dc11a675a4e40000', 'address': '0xa2120b9e674d3fc3875f415a7df52e382f141225', 'decimal': '0x12'}",{'blockTimestamp': '2022-02-16T12:30:30.000Z'}
875,0xd8ee1e,0x5fc6dbc1e5a8ca6bff9760db8bc9d25c3eeab1c5dcec80bfe082b842728963bb:log:131,0x5fc6dbc1e5a8ca6bff9760db8bc9d25c3eeab1c5dcec80bfe082b842728963bb,0x3c02290922a3618a4646e3bbca65853ea45fe7c6,0x6767526a362ec6c6b1df185478e4f01506b73ff3,32353.000000000004,,,,ATA,erc20,"{'value': '0x06d9dc11a675a4e40000', 'address': '0xa2120b9e674d3fc3875f415a7df52e382f141225', 'decimal': '0x12'}",{'blockTimestamp': '2022-02-16T11:02:36.000Z'}
876,0xd8da71,0x58f495f379907cc6d4acfc1d54fa76c1e23bc76828f23c22c8a8c840ed3d1c9f:log:243,0x58f495f379907cc6d4acfc1d54fa76c1e23bc76828f23c22c8a8c840ed3d1c9f,0x11eac7bb6912387f76b30d1eb3058ce8def00940,0x181e8f3bae657d689151fc500d406d92a196af97,843.3969999999999,,,,ATA,erc20,"{'value': '0x2db87c0efdbe208000', 'address': '0xa2120b9e674d3fc3875f415a7df52e382f141225', 'decimal': '0x12'}",{'blockTimestamp': '2022-02-15T16:12:52.000Z'}
877,0xd8d1ad,0xdb7fa4bb718b531257e23214f770a445769c22d5723f868c0fad31829d5e2dab:log:0,0xdb7fa4bb718b531257e23214f770a445769c22d5723f868c0fad31829d5e2dab,0x28c6c06298d514db089934071355e5743bf21d60,0xcf330d76b17dc536c8605522a2436fcd9ea183a9,1060.0,,,,ATA,erc20,"{'value': '0x3976747fe11a100000', 'address': '0xa2120b9e674d3fc3875f415a7df52e382f141225', 'decimal': '0x12'}",{'blockTimestamp': '2022-02-15T07:44:58.000Z'}
878,0xd8b317,0x61749a519961e87ff5a357bdf64e186f1ede971594aa473bacbddffbd2d983b3:log:429,0x61749a519961e87ff5a357bdf64e186f1ede971594aa473bacbddffbd2d983b3,0x9c13618c429c1fe10d61614f864703a5af8fcf64,0xf16e9b0d03470827a95cdfd0cb8a8a3b46969b91,2611.0000000000005,,,,ATA,erc20,"{'value': '0x8d8ae76a5440ec0000', 'address': '0xa2120b9e674d3fc3875f415a7df52e382f141225', 'decimal': '0x12'}",{'blockTimestamp': '2022-02-14T02:49:30.000Z'}
879,0xd8aabb,0x3e38b4876be4509d285d51d7247c50b2d78e99fa6cc1983819633b9923ef36d1:log:259,0x3e38b4876be4509d285d51d7247c50b2d78e99fa6cc1983819633b9923ef36d1,0x95b564f3b3bae3f206aa418667ba000afafacc8a,0x28878b7fc178da01ca1134f2d6140abc629e15b7,725.0,,,,ATA,erc20,"{'value': '0x274d656ac90e340000', 'address': '0xa2120b9e674d3fc3875f415a7df52e382f141225', 'decimal': '0x12'}",{'blockTimestamp': '2022-02-13T18:47:08.000Z'}
880,0xd8a207,0xd0130daf27f7eeb5c7e2a58ad49514ed62593a1415a16a1c8385a6f901950274:log:169,0xd0130daf27f7eeb5c7e2a58ad49514ed62593a1415a16a1c8385a6f901950274,0x29984d1f9055cafb02dcdd53c54b727902e44975,0x28c6c06298d514db089934071355e5743bf21d60,129649.84,,,,ATA,erc20,"{'value': '0x1b7454f805b536780000', 'address': '0xa2120b9e674d3fc3875f415a7df52e382f141225', 'decimal': '0x12'}",{'blockTimestamp': '2022-02-13T10:29:51.000Z'}
881,0xd8a18d,0x58fa3af82ef15325c928413540809ac0760ce6e61fc07a50650763d73fc38fb0:log:245,0x58fa3af82ef15325c928413540809ac0760ce6e61fc07a50650763d73fc38fb0,0x95b564f3b3bae3f206aa418667ba000afafacc8a,0x29984d1f9055cafb02dcdd53c54b727902e44975,129649.84,,,,ATA,erc20,"{'value': '0x1b7454f805b536780000', 'address': '0xa2120b9e674d3fc3875f415a7df52e382f141225', 'decimal': '0x12'}",{'blockTimestamp': '2022-02-13T10:01:02.000Z'}
882,0xd89f3f,0x9b9f63b04d59a4a2655df1526f5ed33e1b35679c4f9ed72c313872436656d87f:log:33,0x9b9f63b04d59a4a2655df1526f5ed33e1b35679c4f9ed72c313872436656d87f,0xdfd5293d8e347dfe59e90efd55b2956a1343963d,0x95b564f3b3bae3f206aa418667ba000afafacc8a,167403.66,,,,ATA,erc20,"{'value': '0x2372f878c3658c8e0000', 'address': '0xa2120b9e674d3fc3875f415a7df52e382f141225', 'decimal': '0x12'}",{'blockTimestamp': '2022-02-13T07:46:40.000Z'}
883,0xd89f32,0xe1bbb2dfb038f5e8c6448ce11d97a647abe721bb99ae73fabf1b086ec4b3fbd0:log:8,0xe1bbb2dfb038f5e8c6448ce11d97a647abe721bb99ae73fabf1b086ec4b3fbd0,0x21a31ee1afc51d94c2efccaa2092ad1028285549,0x9c13618c429c1fe10d61614f864703a5af8fcf64,2611.0000000000005,,,,ATA,erc20,"{'value': '0x8d8ae76a5440ec0000', 'address': '0xa2120b9e674d3fc3875f415a7df52e382f141225', 'decimal': '0x12'}",{'blockTimestamp': '2022-02-13T07:43:46.000Z'}
884,0xd89dad,0xb65661443063e9f152dd43ea1dffa534a51daa9703c363a8ed1ccb14f6580045:log:121,0xb65661443063e9f152dd43ea1dffa534a51daa9703c363a8ed1ccb14f6580045,0xc349414f5bfe38cf0306766f3e173fbd1e341024,0x28c6c06298d514db089934071355e5743bf21d60,148803.57142857142,,,,ATA,erc20,"{'value': '0x1f82a863ab2cd9ae4924', 'address': '0xa2120b9e674d3fc3875f415a7df52e382f141225', 'decimal': '0x12'}",{'blockTimestamp': '2022-02-13T06:28:52.000Z'}
885,0xd89b0d,0xbaf2dc2c51df52f3bad9798bdf25496fd63f87bff276bfd3815143928367f0ee:log:319,0xbaf2dc2c51df52f3bad9798bdf25496fd63f87bff276bfd3815143928367f0ee,0x382f421b79fcb9209aaa06a11fcdaceb88abf00e,0xc349414f5bfe38cf0306766f3e173fbd1e341024,148803.57142857142,,,,ATA,erc20,"{'value': '0x1f82a863ab2cd9ae4924', 'address': '0xa2120b9e674d3fc3875f415a7df52e382f141225', 'decimal': '0x12'}",{'blockTimestamp': '2022-02-13T04:03:21.000Z'}
886,0xd89b08,0xb6e28a8becfc6192af4c8eb5ac2c432bbec2251509eaa4d74aafddaeef9ad379:log:44,0xb6e28a8becfc6192af4c8eb5ac2c432bbec2251509eaa4d74aafddaeef9ad379,0xa2120b9e674d3fc3875f415a7df52e382f141225,0x382f421b79fcb9209aaa06a11fcdaceb88abf00e,148803.57142857142,,,,ATA,erc20,"{'value': '0x1f82a863ab2cd9ae4924', 'address': '0xa2120b9e674d3fc3875f415a7df52e382f141225', 'decimal': '0x12'}",{'blockTimestamp': '2022-02-13T04:02:10.000Z'}
887,0xd89681,0x59e50955760340e2b0b0bb447bc941edccefd602cad016057cc50800974994d3:log:53,0x59e50955760340e2b0b0bb447bc941edccefd602cad016057cc50800974994d3,0x0ac0a666ece6c5eee85b60a6c73a66d353680b74,0x5654d65578cda52791879751141f2f3d7dc27fe4,799.0,,,,ATA,erc20,"{'value': '0x2b505a3ab7711c0000', 'address': '0xa2120b9e674d3fc3875f415a7df52e382f141225', 'decimal': '0x12'}",{'blockTimestamp': '2022-02-12T23:35:44.000Z'}
888,0xd89671,0x8faf91acf3485222081c6dcda588906265163311c7e3bf427c41f77c2e63a1fe:log:71,0x8faf91acf3485222081c6dcda588906265163311c7e3bf427c41f77c2e63a1fe,0xf16e9b0d03470827a95cdfd0cb8a8a3b46969b91,0x0ac0a666ece6c5eee85b60a6c73a66d353680b74,800.0,,,,ATA,erc20,"{'value': '0x2b5e3af16b18800000', 'address': '0xa2120b9e674d3fc3875f415a7df52e382f141225', 'decimal': '0x12'}",{'blockTimestamp': '2022-02-12T23:33:50.000Z'}
889,0xd87e2f,0x2ce8e8f9b1a24dd8bccdd39c5c52850affc17b54460e12f9d1768a827be89b79:log:45,0x2ce8e8f9b1a24dd8bccdd39c5c52850affc17b54460e12f9d1768a827be89b79,0xb45bb35a6ecd51f1394e350887f8bdaac6808e90,0x28c6c06298d514db089934071355e5743bf21d60,4084.66875526,,,,ATA,erc20,"{'value': '0xdd6e2a8f6809495800', 'address': '0xa2120b9e674d3fc3875f415a7df52e382f141225', 'decimal': '0x12'}",{'blockTimestamp': '2022-02-12T00:30:21.000Z'}
890,0xd87d22,0xaf81921b28595b5f161384881d0651f0778b2fd3d48c03ecde3becb6fc6e8de1:log:36,0xaf81921b28595b5f161384881d0651f0778b2fd3d48c03ecde3becb6fc6e8de1,0xf16e9b0d03470827a95cdfd0cb8a8a3b46969b91,0xb45bb35a6ecd51f1394e350887f8bdaac6808e90,4084.66875526,,,,ATA,erc20,"{'value': '0xdd6e2a8f6809495800', 'address': '0xa2120b9e674d3fc3875f415a7df52e382f141225', 'decimal': '0x12'}",{'blockTimestamp': '2022-02-11T23:32:49.000Z'}
891,0xd87928,0xa012a1a1da3be11296c28f37395fa36a92eaf7a2ee21efd940aa4e1de3a08ad3:log:718,0xa012a1a1da3be11296c28f37395fa36a92eaf7a2ee21efd940aa4e1de3a08ad3,0x29984d1f9055cafb02dcdd53c54b727902e44975,0x28c6c06298d514db089934071355e5743bf21d60,16388.36,,,,ATA,erc20,"{'value': '0x03786a2ebebf54b40000', 'address': '0xa2120b9e674d3fc3875f415a7df52e382f141225', 'decimal': '0x12'}",{'blockTimestamp': '2022-02-11T20:00:24.000Z'}
892,0xd878fc,0x3567d831874286848d8e1f1c6f210e93a8ae245a6882353cfa51fb49506479ee:log:218,0x3567d831874286848d8e1f1c6f210e93a8ae245a6882353cfa51fb49506479ee,0x95b564f3b3bae3f206aa418667ba000afafacc8a,0x29984d1f9055cafb02dcdd53c54b727902e44975,16388.36,,,,ATA,erc20,"{'value': '0x03786a2ebebf54b40000', 'address': '0xa2120b9e674d3fc3875f415a7df52e382f141225', 'decimal': '0x12'}",{'blockTimestamp': '2022-02-11T19:50:42.000Z'}
893,0xd87810,0xfafb17386bc8d969bc4bf386513feef38b7e9f9e5069a6eb0fa39a2054ff0731:log:169,0xfafb17386bc8d969bc4bf386513feef38b7e9f9e5069a6eb0fa39a2054ff0731,0x29984d1f9055cafb02dcdd53c54b727902e44975,0x28c6c06298d514db089934071355e5743bf21d60,65553.45,,,,ATA,erc20,"{'value': '0x0de1a8de81efc2910000', 'address': '0xa2120b9e674d3fc3875f415a7df52e382f141225', 'decimal': '0x12'}",{'blockTimestamp': '2022-02-11T19:00:06.000Z'}
894,0xd877d5,0xe9e86dedc75a2fa8a7c9ed0f7a1fe79182aaaa7a9285bf1a3138190be85d4331:log:109,0xe9e86dedc75a2fa8a7c9ed0f7a1fe79182aaaa7a9285bf1a3138190be85d4331,0x95b564f3b3bae3f206aa418667ba000afafacc8a,0x29984d1f9055cafb02dcdd53c54b727902e44975,65553.45,,,,ATA,erc20,"{'value': '0x0de1a8de81efc2910000', 'address': '0xa2120b9e674d3fc3875f415a7df52e382f141225', 'decimal': '0x12'}",{'blockTimestamp': '2022-02-11T18:45:55.000Z'}
895,0xd87227,0xfc047f40a5bf004befc4db692d42c405692abe3d596bcb413ea878cfda35bc7e:log:81,0xfc047f40a5bf004befc4db692d42c405692abe3d596bcb413ea878cfda35bc7e,0x3c02290922a3618a4646e3bbca65853ea45fe7c6,0x91dca37856240e5e1906222ec79278b16420dc92,265441.0,,,,ATA,erc20,"{'value': '0x383595df9d4ecee40000', 'address': '0xa2120b9e674d3fc3875f415a7df52e382f141225', 'decimal': '0x12'}",{'blockTimestamp': '2022-02-11T13:24:06.000Z'}
896,0xd871c4,0x0aba39707f4f8e9b31e964b6ed0e84b0bf8b276041d2f08ce4f1c55598fb5227:log:40,0x0aba39707f4f8e9b31e964b6ed0e84b0bf8b276041d2f08ce4f1c55598fb5227,0x29984d1f9055cafb02dcdd53c54b727902e44975,0x28c6c06298d514db089934071355e5743bf21d60,136909.01,,,,ATA,erc20,"{'value': '0x1cfdda3093fa12d50000', 'address': '0xa2120b9e674d3fc3875f415a7df52e382f141225', 'decimal': '0x12'}",{'blockTimestamp': '2022-02-11T13:00:47.000Z'}
897,0xd8719b,0x62e825297e5250b40a8d47bb8e443c88aa3fb2068f92ed9c4bfc1573040337d4:log:97,0x62e825297e5250b40a8d47bb8e443c88aa3fb2068f92ed9c4bfc1573040337d4,0x95b564f3b3bae3f206aa418667ba000afafacc8a,0x29984d1f9055cafb02dcdd53c54b727902e44975,136909.01,,,,ATA,erc20,"{'value': '0x1cfdda3093fa12d50000', 'address': '0xa2120b9e674d3fc3875f415a7df52e382f141225', 'decimal': '0x12'}",{'blockTimestamp': '2022-02-11T12:51:01.000Z'}
898,0xd8717f,0x51f58650e51f053fe29641cf8312fd98860def716b92adf7527a93aef1893b8e:log:544,0x51f58650e51f053fe29641cf8312fd98860def716b92adf7527a93aef1893b8e,0x20e74b82e9c2b24063c516397cd1fc2eeeb17cc0,0x3c02290922a3618a4646e3bbca65853ea45fe7c6,222570.44,,,,ATA,erc20,"{'value': '0x2f219156af44f8940000', 'address': '0xa2120b9e674d3fc3875f415a7df52e382f141225', 'decimal': '0x12'}",{'blockTimestamp': '2022-02-11T12:45:04.000Z'}
899,0xd870b4,0x98163ddfe5abea2b0bfac932a8ae651125b5feca14996e36a27e16328015aa22:log:122,0x98163ddfe5abea2b0bfac932a8ae651125b5feca14996e36a27e16328015aa22,0x29984d1f9055cafb02dcdd53c54b727902e44975,0x28c6c06298d514db089934071355e5743bf21d60,142591.8,,,,ATA,erc20,"{'value': '0x1e31eabe5843d8ec0000', 'address': '0xa2120b9e674d3fc3875f415a7df52e382f141225', 'decimal': '0x12'}",{'blockTimestamp': '2022-02-11T11:59:43.000Z'}
900,0xd87072,0x9a5ec67c5ea19bc370509d009079f00b031b52de8f611ba02733f7ae3ed7d7da:log:273,0x9a5ec67c5ea19bc370509d009079f00b031b52de8f611ba02733f7ae3ed7d7da,0x95b564f3b3bae3f206aa418667ba000afafacc8a,0x29984d1f9055cafb02dcdd53c54b727902e44975,142591.8,,,,ATA,erc20,"{'value': '0x1e31eabe5843d8ec0000', 'address': '0xa2120b9e674d3fc3875f415a7df52e382f141225', 'decimal': '0x12'}",{'blockTimestamp': '2022-02-11T11:45:12.000Z'}
901,0xd87026,0x8334b588e10da75e609a5e4e7aa253618b91c6f52fc91dd02cbe1177c3f48a68:log:3,0x8334b588e10da75e609a5e4e7aa253618b91c6f52fc91dd02cbe1177c3f48a68,0x29984d1f9055cafb02dcdd53c54b727902e44975,0x28c6c06298d514db089934071355e5743bf21d60,128607.01000000001,,,,ATA,erc20,"{'value': '0x1b3bcccb9ddba5dd0000', 'address': '0xa2120b9e674d3fc3875f415a7df52e382f141225', 'decimal': '0x12'}",{'blockTimestamp': '2022-02-11T11:30:30.000Z'}
902,0xd86fcf,0x28dbc2af0a99f97b56f96de3f166fccc605666c7bbdda37ef8b97d419064a13c:log:71,0x28dbc2af0a99f97b56f96de3f166fccc605666c7bbdda37ef8b97d419064a13c,0x95b564f3b3bae3f206aa418667ba000afafacc8a,0x29984d1f9055cafb02dcdd53c54b727902e44975,128607.01000000001,,,,ATA,erc20,"{'value': '0x1b3bcccb9ddba5dd0000', 'address': '0xa2120b9e674d3fc3875f415a7df52e382f141225', 'decimal': '0x12'}",{'blockTimestamp': '2022-02-11T11:10:50.000Z'}
903,0xd86fbe,0x5bb2f199a8ba80b5a71ccd1ab69aff08d771d11fcd6e7bb26d6da13cb61446d3:log:270,0x5bb2f199a8ba80b5a71ccd1ab69aff08d771d11fcd6e7bb26d6da13cb61446d3,0xb9728f32616987b0a836cde43fe11f07d6113157,0xb9728f32616987b0a836cde43fe11f07d6113157,10.0,,,,ATA,erc20,"{'value': '0x8ac7230489e80000', 'address': '0xa2120b9e674d3fc3875f415a7df52e382f141225', 'decimal': '0x12'}",{'blockTimestamp': '2022-02-11T11:07:02.000Z'}
904,0xd86f97,0xa0921afc4a19b9d60a30ba50d9b2f458c592f324be7b51376915cb184a15bac0:log:113,0xa0921afc4a19b9d60a30ba50d9b2f458c592f324be7b51376915cb184a15bac0,0x29984d1f9055cafb02dcdd53c54b727902e44975,0x28c6c06298d514db089934071355e5743bf21d60,194042.75,,,,ATA,erc20,"{'value': '0x2917141c3272e9330000', 'address': '0xa2120b9e674d3fc3875f415a7df52e382f141225', 'decimal': '0x12'}",{'blockTimestamp': '2022-02-11T10:59:46.000Z'}
905,0xd86f80,0x8b1f12c2b80b980b40643be2efa721193ec8d593cc1ff08fef2803510e5997a9:log:95,0x8b1f12c2b80b980b40643be2efa721193ec8d593cc1ff08fef2803510e5997a9,0x95b564f3b3bae3f206aa418667ba000afafacc8a,0x29984d1f9055cafb02dcdd53c54b727902e44975,194042.75,,,,ATA,erc20,"{'value': '0x2917141c3272e9330000', 'address': '0xa2120b9e674d3fc3875f415a7df52e382f141225', 'decimal': '0x12'}",{'blockTimestamp': '2022-02-11T10:55:41.000Z'}
906,0xd86e99,0x1fefb1d316703ac9695b81c8ebe6a39ca6f544b55e30b40c93bb54c887378b4e:log:74,0x1fefb1d316703ac9695b81c8ebe6a39ca6f544b55e30b40c93bb54c887378b4e,0x28c6c06298d514db089934071355e5743bf21d60,0x95b564f3b3bae3f206aa418667ba000afafacc8a,153275.28000000003,,,,ATA,erc20,"{'value': '0x207511cfe0c317280000', 'address': '0xa2120b9e674d3fc3875f415a7df52e382f141225', 'decimal': '0x12'}",{'blockTimestamp': '2022-02-11T10:06:23.000Z'}
907,0xd86e61,0x9acfc9f8135e1549c936e6de2c0ae86864557f5d41964a1880106dff0a86cace:log:27,0x9acfc9f8135e1549c936e6de2c0ae86864557f5d41964a1880106dff0a86cace,0x5654d65578cda52791879751141f2f3d7dc27fe4,0x13307b8854a95946b54a904100afd0767a7a577b,1164.7913213870163,,,,ATA,erc20,"{'value': '0x3f24ba0f78faf506ba', 'address': '0xa2120b9e674d3fc3875f415a7df52e382f141225', 'decimal': '0x12'}",{'blockTimestamp': '2022-02-11T09:52:17.000Z'}
908,0xd86e41,0xbe2d1cf0a8d4ab0ec0cd8842257bf7b0579e3f6ca9b4c46568dc065f8ca37e69:log:23,0xbe2d1cf0a8d4ab0ec0cd8842257bf7b0579e3f6ca9b4c46568dc065f8ca37e69,0xdfd5293d8e347dfe59e90efd55b2956a1343963d,0x95b564f3b3bae3f206aa418667ba000afafacc8a,177332.53,,,,ATA,erc20,"{'value': '0x258d373906fd25450000', 'address': '0xa2120b9e674d3fc3875f415a7df52e382f141225', 'decimal': '0x12'}",{'blockTimestamp': '2022-02-11T09:45:57.000Z'}
909,0xd86dd6,0x6005058d8c689347ef04b8ebf8334ea56e1df627b6c29578adf320068a85c031:log:25,0x6005058d8c689347ef04b8ebf8334ea56e1df627b6c29578adf320068a85c031,0x28c6c06298d514db089934071355e5743bf21d60,0x21a31ee1afc51d94c2efccaa2092ad1028285549,933153.5244796,,,,ATA,erc20,"{'value': '0xc59a5a9ad6ee41d46000', 'address': '0xa2120b9e674d3fc3875f415a7df52e382f141225', 'decimal': '0x12'}",{'blockTimestamp': '2022-02-11T09:20:19.000Z'}
910,0xd86db2,0x57568f01529c81630eeffded441f1dc65730d7b5d49e2112d7d11a94354b073b:log:10,0x57568f01529c81630eeffded441f1dc65730d7b5d49e2112d7d11a94354b073b,0x21a31ee1afc51d94c2efccaa2092ad1028285549,0x95b564f3b3bae3f206aa418667ba000afafacc8a,215657.48,,,,ATA,erc20,"{'value': '0x2daad0bf21b384340000', 'address': '0xa2120b9e674d3fc3875f415a7df52e382f141225', 'decimal': '0x12'}",{'blockTimestamp': '2022-02-11T09:10:58.000Z'}
911,0xd86d99,0xc53f19f6fe94b1d06d82bea59635b2defd23c04a0082e837aa359e674d1ba48b:log:34,0xc53f19f6fe94b1d06d82bea59635b2defd23c04a0082e837aa359e674d1ba48b,0x28c6c06298d514db089934071355e5743bf21d60,0x20e74b82e9c2b24063c516397cd1fc2eeeb17cc0,40330.32,,,,ATA,erc20,"{'value': '0x088a4f9f88ce88080000', 'address': '0xa2120b9e674d3fc3875f415a7df52e382f141225', 'decimal': '0x12'}",{'blockTimestamp': '2022-02-11T09:06:45.000Z'}
912,0xd86c38,0xf9be422cc8a28c08cba8020e6ed1806df9fe01b8633e0998240efc4ac6220e96:log:26,0xf9be422cc8a28c08cba8020e6ed1806df9fe01b8633e0998240efc4ac6220e96,0xdfd5293d8e347dfe59e90efd55b2956a1343963d,0x95b564f3b3bae3f206aa418667ba000afafacc8a,141454.47,,,,ATA,erc20,"{'value': '0x1df4431e7f18fde70000', 'address': '0xa2120b9e674d3fc3875f415a7df52e382f141225', 'decimal': '0x12'}",{'blockTimestamp': '2022-02-11T07:45:54.000Z'}
913,0xd86c02,0x39bdf2e157253dba649dfa444016e248039257341f3ebe181467f4d82789706d:log:9,0x39bdf2e157253dba649dfa444016e248039257341f3ebe181467f4d82789706d,0x21a31ee1afc51d94c2efccaa2092ad1028285549,0x20e74b82e9c2b24063c516397cd1fc2eeeb17cc0,32280.16,,,,ATA,erc20,"{'value': '0x06d5e935fc61e5700000', 'address': '0xa2120b9e674d3fc3875f415a7df52e382f141225', 'decimal': '0x12'}",{'blockTimestamp': '2022-02-11T07:30:18.000Z'}
914,0xd85d5e,0x337f8411a60ef6fccfd1cfae4edca66c35a957b24551fd92bf544e0209e37129:log:31,0x337f8411a60ef6fccfd1cfae4edca66c35a957b24551fd92bf544e0209e37129,0x28c6c06298d514db089934071355e5743bf21d60,0x1766d1050bfc79af8ebcd47b79cbffe480fe4a7d,436.391,,,,ATA,erc20,"{'value': '0x17a8244666c17d8000', 'address': '0xa2120b9e674d3fc3875f415a7df52e382f141225', 'decimal': '0x12'}",{'blockTimestamp': '2022-02-10T17:36:53.000Z'}
915,0xd85201,0xad8a0d6a2332037c54afcde41857fee6a302f05762d14463e4406c4def44fbce:log:357,0xad8a0d6a2332037c54afcde41857fee6a302f05762d14463e4406c4def44fbce,0x759ec1b3326de6fd4ba316f65a6f689c4e4c3092,0x479cd4c24c567cd18520f0d087acfa5f89fe6c89,600.0,,,,ATA,erc20,"{'value': '0x2086ac351052600000', 'address': '0xa2120b9e674d3fc3875f415a7df52e382f141225', 'decimal': '0x12'}",{'blockTimestamp': '2022-02-10T06:39:09.000Z'}
916,0xd84d34,0x7fa659cbeea88db516c8f3da33c9d87537a11e9b29607df4e163a8ae01823b71:log:30,0x7fa659cbeea88db516c8f3da33c9d87537a11e9b29607df4e163a8ae01823b71,0xdfd5293d8e347dfe59e90efd55b2956a1343963d,0xf1127d90f1022881c147a78289b8ba32b15d05c4,2500.0,,,,ATA,erc20,"{'value': '0x878678326eac900000', 'address': '0xa2120b9e674d3fc3875f415a7df52e382f141225', 'decimal': '0x12'}",{'blockTimestamp': '2022-02-10T01:56:45.000Z'}
917,0xd84a02,0xff2614367c68dbb677407c664ce6ff15471a4f84a89d93576b3fd7cbe9eec7be:log:182,0xff2614367c68dbb677407c664ce6ff15471a4f84a89d93576b3fd7cbe9eec7be,0x30c5312d9cf0d873994f000e72f1cbf561d0209c,0x1ece723263849ce0397928f9ed56d9ed1dd2d158,2086.03612061,,,,ATA,erc20,"{'value': '0x7115910f66d8f6d400', 'address': '0xa2120b9e674d3fc3875f415a7df52e382f141225', 'decimal': '0x12'}",{'blockTimestamp': '2022-02-09T23:04:32.000Z'}
918,0xd84399,0xa3db3b882c9571be26bfc70d3310eb686f7fca5fc2af4dd837985e2a1f974712:log:18,0xa3db3b882c9571be26bfc70d3310eb686f7fca5fc2af4dd837985e2a1f974712,0x21a31ee1afc51d94c2efccaa2092ad1028285549,0x478271c960137418c9d90082dddbf68aa72e4367,97778.00000000001,,,,ATA,erc20,"{'value': '0x14b48e5615f410880000', 'address': '0xa2120b9e674d3fc3875f415a7df52e382f141225', 'decimal': '0x12'}",{'blockTimestamp': '2022-02-09T16:55:52.000Z'}
919,0xd8434a,0x892bdd591f73cc4e5ff788737ec2b98263f1a95b9048eb62399f9ae9434d2bf7:log:28,0x892bdd591f73cc4e5ff788737ec2b98263f1a95b9048eb62399f9ae9434d2bf7,0x5654d65578cda52791879751141f2f3d7dc27fe4,0x13307b8854a95946b54a904100afd0767a7a577b,1869.732365177296,,,,ATA,erc20,"{'value': '0x655bbfbfdcb3ad24ea', 'address': '0xa2120b9e674d3fc3875f415a7df52e382f141225', 'decimal': '0x12'}",{'blockTimestamp': '2022-02-09T16:36:39.000Z'}
920,0xd84349,0x36bc182ad3985869224eff29f588b7552aa17b9f9db90bf3a0a200eb0d0c2d04:log:59,0x36bc182ad3985869224eff29f588b7552aa17b9f9db90bf3a0a200eb0d0c2d04,0xfa35113163bfd33c18a01d1a62d4d14a1ed30a42,0x5654d65578cda52791879751141f2f3d7dc27fe4,1678.0663855599844,,,,ATA,erc20,"{'value': '0x5af7d966e3da8a063c', 'address': '0xa2120b9e674d3fc3875f415a7df52e382f141225', 'decimal': '0x12'}",{'blockTimestamp': '2022-02-09T16:36:20.000Z'}
921,0xd84321,0x572a978c25b35c86096958d5778889ad26283442210780138399a992630e3af3:log:191,0x572a978c25b35c86096958d5778889ad26283442210780138399a992630e3af3,0x40ec5b33f54e0e8a33a975908c5ba1c14e5bbbdf,0xfa35113163bfd33c18a01d1a62d4d14a1ed30a42,1678.0663855599844,,,,ATA,erc20,"{'value': '0x5af7d966e3da8a063c', 'address': '0xa2120b9e674d3fc3875f415a7df52e382f141225', 'decimal': '0x12'}",{'blockTimestamp': '2022-02-09T16:28:35.000Z'}
922,0xd8422c,0x09d4b4b05fd18aee72dc47f2ff7434e423637d426711a5df0025e04af8c44df9:log:27,0x09d4b4b05fd18aee72dc47f2ff7434e423637d426711a5df0025e04af8c44df9,0xa335ade338308b8e071cf2c8f3ca5e50f6563c60,0x5654d65578cda52791879751141f2f3d7dc27fe4,3429.5,,,,ATA,erc20,"{'value': '0xb9e9df8fbaf2260000', 'address': '0xa2120b9e674d3fc3875f415a7df52e382f141225', 'decimal': '0x12'}",{'blockTimestamp': '2022-02-09T15:33:40.000Z'}
923,0xd8422b,0x053675d30b5e1bc7b5259cf915f3ba518d27c1d6ad96b588c2ee05e9fd63369e:log:83,0x053675d30b5e1bc7b5259cf915f3ba518d27c1d6ad96b588c2ee05e9fd63369e,0xf16e9b0d03470827a95cdfd0cb8a8a3b46969b91,0x30c5312d9cf0d873994f000e72f1cbf561d0209c,2086.03612061,,,,ATA,erc20,"{'value': '0x7115910f66d8f6d400', 'address': '0xa2120b9e674d3fc3875f415a7df52e382f141225', 'decimal': '0x12'}",{'blockTimestamp': '2022-02-09T15:33:32.000Z'}
924,0xd8422a,0x24f904d144aa997554bc93b69de3c2269089211ae6f767f88725baceec8df5b6:log:20,0x24f904d144aa997554bc93b69de3c2269089211ae6f767f88725baceec8df5b6,0x28c6c06298d514db089934071355e5743bf21d60,0xafc40fb7ed3b99310bd7f96d954bf8f44dd0d18d,1933.0,,,,ATA,erc20,"{'value': '0x68c9c38a86ee140000', 'address': '0xa2120b9e674d3fc3875f415a7df52e382f141225', 'decimal': '0x12'}",{'blockTimestamp': '2022-02-09T15:32:57.000Z'}
925,0xd84229,0xe04c7fc5f3c9e252d344cb6018a1dd35f8016e643c8c6e560a7eb8a532bd2fcd:log:30,0xe04c7fc5f3c9e252d344cb6018a1dd35f8016e643c8c6e560a7eb8a532bd2fcd,0x0d0707963952f2fba59dd06f2b425ace40b492fe,0x759ec1b3326de6fd4ba316f65a6f689c4e4c3092,600.0,,,,ATA,erc20,"{'value': '0x2086ac351052600000', 'address': '0xa2120b9e674d3fc3875f415a7df52e382f141225', 'decimal': '0x12'}",{'blockTimestamp': '2022-02-09T15:32:53.000Z'}
926,0xd84228,0xa54207445c292458c46710c286c7303c058a20ce8593bdcbce3112c476277cbb:log:44,0xa54207445c292458c46710c286c7303c058a20ce8593bdcbce3112c476277cbb,0xdfd5293d8e347dfe59e90efd55b2956a1343963d,0xa335ade338308b8e071cf2c8f3ca5e50f6563c60,3429.5,,,,ATA,erc20,"{'value': '0xb9e9df8fbaf2260000', 'address': '0xa2120b9e674d3fc3875f415a7df52e382f141225', 'decimal': '0x12'}",{'blockTimestamp': '2022-02-09T15:31:57.000Z'}
927,0xd84210,0xe69490d9814cd5f1ed413e8e270b3ba6b89d0653eaccf3fc094f1e841dbd6132:log:5,0xe69490d9814cd5f1ed413e8e270b3ba6b89d0653eaccf3fc094f1e841dbd6132,0xafc40fb7ed3b99310bd7f96d954bf8f44dd0d18d,0x5654d65578cda52791879751141f2f3d7dc27fe4,466.5,,,,ATA,erc20,"{'value': '0x1949fcee6087ba0000', 'address': '0xa2120b9e674d3fc3875f415a7df52e382f141225', 'decimal': '0x12'}",{'blockTimestamp': '2022-02-09T15:27:09.000Z'}
928,0xd8420e,0x5aaa0d37fc50a9722cb8b3fe89e423ddd5372c281c22e3c33e25eaaad8ffbf69:log:130,0x5aaa0d37fc50a9722cb8b3fe89e423ddd5372c281c22e3c33e25eaaad8ffbf69,0xe66b31678d6c16e9ebf358268a790b763c133750,0xd62f23fe010f09434911d1b5093a2f204df2a38d,2816.0434359605306,,,,ATA,erc20,"{'value': '0x98a87408f7f1e6a53f', 'address': '0xa2120b9e674d3fc3875f415a7df52e382f141225', 'decimal': '0x12'}",{'blockTimestamp': '2022-02-09T15:26:17.000Z'}
929,0xd8420e,0x5aaa0d37fc50a9722cb8b3fe89e423ddd5372c281c22e3c33e25eaaad8ffbf69:log:127,0x5aaa0d37fc50a9722cb8b3fe89e423ddd5372c281c22e3c33e25eaaad8ffbf69,0x5654d65578cda52791879751141f2f3d7dc27fe4,0xe66b31678d6c16e9ebf358268a790b763c133750,2816.0434359605306,,,,ATA,erc20,"{'value': '0x98a87408f7f1e6a53f', 'address': '0xa2120b9e674d3fc3875f415a7df52e382f141225', 'decimal': '0x12'}",{'blockTimestamp': '2022-02-09T15:26:17.000Z'}
930,0xd84108,0xa229708b3effc3e13f870af769e28f7ac2d64f7ab94c71b603a54243ae0d693e:log:82,0xa229708b3effc3e13f870af769e28f7ac2d64f7ab94c71b603a54243ae0d693e,0x21a31ee1afc51d94c2efccaa2092ad1028285549,0xcc561d07c7bfb5d1b0031b4b108ee39eaf522dda,67.81777559,,,,ATA,erc20,"{'value': '0x03ad292395cb1b7c00', 'address': '0xa2120b9e674d3fc3875f415a7df52e382f141225', 'decimal': '0x12'}",{'blockTimestamp': '2022-02-09T14:24:35.000Z'}
931,0xd83f15,0x4eb3a35ce7fe82632be9ce7130a409f46b3c4e9cc2fed199563fe33b7e50c89c:log:225,0x4eb3a35ce7fe82632be9ce7130a409f46b3c4e9cc2fed199563fe33b7e50c89c,0x8c2f96c6500ae0d0bebaee765a269685a25f9d92,0x28c6c06298d514db089934071355e5743bf21d60,223212.85714285713,,,,ATA,erc20,"{'value': '0x2f4464aadb06adf36db6', 'address': '0xa2120b9e674d3fc3875f415a7df52e382f141225', 'decimal': '0x12'}",{'blockTimestamp': '2022-02-09T12:31:51.000Z'}
932,0xd83a3a,0x74ecf0d9b37fc78fe8fc218b958b6adf7f02aac2b3dbc4b9111ab3a2a6fb1d90:log:264,0x74ecf0d9b37fc78fe8fc218b958b6adf7f02aac2b3dbc4b9111ab3a2a6fb1d90,0x053a00953095876496e89c06898f0e441b49266e,0x8c2f96c6500ae0d0bebaee765a269685a25f9d92,223212.85714285713,,,,ATA,erc20,"{'value': '0x2f4464aadb06adf36db6', 'address': '0xa2120b9e674d3fc3875f415a7df52e382f141225', 'decimal': '0x12'}",{'blockTimestamp': '2022-02-09T08:04:06.000Z'}
933,0xd82a67,0x8e1af7baa6a0b3038befed57ad6db04632174c0110182cfe188ac165fc2ddb00:log:32,0x8e1af7baa6a0b3038befed57ad6db04632174c0110182cfe188ac165fc2ddb00,0x28c6c06298d514db089934071355e5743bf21d60,0x5ac0509053a290eac69486acb1c1a9fec4127785,1359.258,,,,ATA,erc20,"{'value': '0x49af7e7d57abe90000', 'address': '0xa2120b9e674d3fc3875f415a7df52e382f141225', 'decimal': '0x12'}",{'blockTimestamp': '2022-02-08T16:57:56.000Z'}
934,0xd823a5,0x2830399ee260ebf6de95c36eddce9d451967ae7a3cca34ea2f2e747af7c13d7a:log:131,0x2830399ee260ebf6de95c36eddce9d451967ae7a3cca34ea2f2e747af7c13d7a,0xa2120b9e674d3fc3875f415a7df52e382f141225,0x789ab8fc2b2bdcbff891d64d919c66fd79ad30e1,99999.99999999999,,,,ATA,erc20,"{'value': '0x152d02c7e14af6800000', 'address': '0xa2120b9e674d3fc3875f415a7df52e382f141225', 'decimal': '0x12'}",{'blockTimestamp': '2022-02-08T10:28:22.000Z'}
935,0xd82254,0x9c2d640e9a9eb1b510a93b0816accafc78abc97c611964f2d68761c1972e45f2:log:115,0x9c2d640e9a9eb1b510a93b0816accafc78abc97c611964f2d68761c1972e45f2,0xdfd5293d8e347dfe59e90efd55b2956a1343963d,0x6bf891fcebc8f8ed3cce4c75e8c33c2c32fb148d,481.53,,,,ATA,erc20,"{'value': '0x1a1a9237bea5d90000', 'address': '0xa2120b9e674d3fc3875f415a7df52e382f141225', 'decimal': '0x12'}",{'blockTimestamp': '2022-02-08T09:12:45.000Z'}
936,0xd82231,0x336545d706fdc0aa9de8dcaedb435daa8abfc2c41e7ac7816452643ca71eccd3:log:46,0x336545d706fdc0aa9de8dcaedb435daa8abfc2c41e7ac7816452643ca71eccd3,0x7fd30d8810b2dc785b1a16594b3204cdc54c1e1b,0x28c6c06298d514db089934071355e5743bf21d60,184521.428571,,,,ATA,erc20,"{'value': '0x2712ed3b50e5758cb000', 'address': '0xa2120b9e674d3fc3875f415a7df52e382f141225', 'decimal': '0x12'}",{'blockTimestamp': '2022-02-08T09:00:27.000Z'}
937,0xd8218f,0xabb8a3462089d45ae54f606ca9fd3bb7995c7ef80da637328ffe3eaf1b92c01c:log:28,0xabb8a3462089d45ae54f606ca9fd3bb7995c7ef80da637328ffe3eaf1b92c01c,0x527788ae179be743614496680d38b39d87ee1ce8,0x7fd30d8810b2dc785b1a16594b3204cdc54c1e1b,184521.42857142855,,,,ATA,erc20,"{'value': '0x2712ed3b51493e65b6db', 'address': '0xa2120b9e674d3fc3875f415a7df52e382f141225', 'decimal': '0x12'}",{'blockTimestamp': '2022-02-08T08:26:56.000Z'}
938,0xd81cbc,0xe1e10dc79dad8103d803944f8d8a1389820e230a2bd3588e15a803accfe9ae88:log:15,0xe1e10dc79dad8103d803944f8d8a1389820e230a2bd3588e15a803accfe9ae88,0x21a31ee1afc51d94c2efccaa2092ad1028285549,0xf1ccf19f71d820db4cd1263516a958d3e6272021,68.0,,,,ATA,erc20,"{'value': '0x03afb087b876900000', 'address': '0xa2120b9e674d3fc3875f415a7df52e382f141225', 'decimal': '0x12'}",{'blockTimestamp': '2022-02-08T03:57:03.000Z'}
939,0xd81ca6,0xc6bf66877627432017743e71ffb3f93539c4924e0094c8e59bad1366ab22aa73:log:14,0xc6bf66877627432017743e71ffb3f93539c4924e0094c8e59bad1366ab22aa73,0x28c6c06298d514db089934071355e5743bf21d60,0xf1ccf19f71d820db4cd1263516a958d3e6272021,3893.6600000000003,,,,ATA,erc20,"{'value': '0xd31363248153760000', 'address': '0xa2120b9e674d3fc3875f415a7df52e382f141225', 'decimal': '0x12'}",{'blockTimestamp': '2022-02-08T03:51:45.000Z'}
940,0xd80106,0xb12dc86828a46a3c6aa04077b82a49b7fa0c8933e44bfb5c24d7ad71dde5d6cd:log:10,0xb12dc86828a46a3c6aa04077b82a49b7fa0c8933e44bfb5c24d7ad71dde5d6cd,0xddc0e37600c789b5ec760210f1862d7348f84a2d,0x28c6c06298d514db089934071355e5743bf21d60,2976.9999999999995,,,,ATA,erc20,"{'value': '0xa1622c9f2d91e40000', 'address': '0xa2120b9e674d3fc3875f415a7df52e382f141225', 'decimal': '0x12'}",{'blockTimestamp': '2022-02-07T01:30:07.000Z'}
941,0xd7feed,0x59bb4acd8f4b5b03f167b5b129e3ab780099e6800f2672463abd158d3ee135d0:log:660,0x59bb4acd8f4b5b03f167b5b129e3ab780099e6800f2672463abd158d3ee135d0,0xf6ccd03e8b5d602cd863b1451dca6ce2d6624559,0xddc0e37600c789b5ec760210f1862d7348f84a2d,2976.9999999999995,,,,ATA,erc20,"{'value': '0xa1622c9f2d91e40000', 'address': '0xa2120b9e674d3fc3875f415a7df52e382f141225', 'decimal': '0x12'}",{'blockTimestamp': '2022-02-06T23:32:28.000Z'}
942,0xd7d830,0xc22149cc0c432adfba85d17d7f49ef836863efd3499aaa2f05e4c1602bc63bad:log:166,0xc22149cc0c432adfba85d17d7f49ef836863efd3499aaa2f05e4c1602bc63bad,0x79693d50193ef3abbd89132146adf0b0432ff208,0xf16e9b0d03470827a95cdfd0cb8a8a3b46969b91,1233.0,,,,ATA,erc20,"{'value': '0x42d74ff74938a40000', 'address': '0xa2120b9e674d3fc3875f415a7df52e382f141225', 'decimal': '0x12'}",{'blockTimestamp': '2022-02-05T10:53:07.000Z'}
943,0xd7d7e6,0xf7b1e67d7b48305c6ff1ebd4d468b9761589d5be1f9af852de5b41132def1250:log:113,0xf7b1e67d7b48305c6ff1ebd4d468b9761589d5be1f9af852de5b41132def1250,0xae266cdd7fbc4e9aa859a697bdcc8a22676e7619,0xf16e9b0d03470827a95cdfd0cb8a8a3b46969b91,221.709,,,,ATA,erc20,"{'value': '0x0c04d498d5db148000', 'address': '0xa2120b9e674d3fc3875f415a7df52e382f141225', 'decimal': '0x12'}",{'blockTimestamp': '2022-02-05T10:38:25.000Z'}
944,0xd7c697,0x09f87e6572f23007972c5a2a0ed849ff7d611e6af6cd330cec8c13ddc2358e58:log:29,0x09f87e6572f23007972c5a2a0ed849ff7d611e6af6cd330cec8c13ddc2358e58,0x4bff1e6f00450aee0a4ffc8a661b50030d079fae,0xe4b443794415008bd363c8b80f494fd1acfb4aa1,350.0,,,,ATA,erc20,"{'value': '0x12f939c99edab80000', 'address': '0xa2120b9e674d3fc3875f415a7df52e382f141225', 'decimal': '0x12'}",{'blockTimestamp': '2022-02-04T18:15:08.000Z'}
945,0xd7be2a,0x6a70af0b6c3ed4046b167852fd74c2b5730e1fffba64ddf8763edf3ce3e4e56a:log:190,0x6a70af0b6c3ed4046b167852fd74c2b5730e1fffba64ddf8763edf3ce3e4e56a,0xa2120b9e674d3fc3875f415a7df52e382f141225,0x527788ae179be743614496680d38b39d87ee1ce8,184521.42857142855,,,,ATA,erc20,"{'value': '0x2712ed3b51493e65b6db', 'address': '0xa2120b9e674d3fc3875f415a7df52e382f141225', 'decimal': '0x12'}",{'blockTimestamp': '2022-02-04T10:21:38.000Z'}
946,0xd7b217,0x9d32ca9063624fb8564450da7365c93dc77ea5cbd4a406f810ca0fdd6912d8d0:log:11,0x9d32ca9063624fb8564450da7365c93dc77ea5cbd4a406f810ca0fdd6912d8d0,0xdfd5293d8e347dfe59e90efd55b2956a1343963d,0xae266cdd7fbc4e9aa859a697bdcc8a22676e7619,221.709,,,,ATA,erc20,"{'value': '0x0c04d498d5db148000', 'address': '0xa2120b9e674d3fc3875f415a7df52e382f141225', 'decimal': '0x12'}",{'blockTimestamp': '2022-02-03T22:57:19.000Z'}
947,0xd7ac40,0xc4c30e8bed1e51068c7ddc7a10bf2a349b2a992a72a25e4855cd592b97bbdc88:log:4,0xc4c30e8bed1e51068c7ddc7a10bf2a349b2a992a72a25e4855cd592b97bbdc88,0x21a31ee1afc51d94c2efccaa2092ad1028285549,0x9f0943f9ff0c69ed10d7b62b8270c8fcfc55a261,779.0,,,,ATA,erc20,"{'value': '0x2a3acbf4ae5d4c0000', 'address': '0xa2120b9e674d3fc3875f415a7df52e382f141225', 'decimal': '0x12'}",{'blockTimestamp': '2022-02-03T17:22:22.000Z'}
948,0xd7aba2,0x87b0cc597242b659ceb35dd1aa11939c5e42de9c7556893e64235716a74b4a0c:log:55,0x87b0cc597242b659ceb35dd1aa11939c5e42de9c7556893e64235716a74b4a0c,0x7ed1e469fcb3ee19c0366d829e291451be638e59,0x79693d50193ef3abbd89132146adf0b0432ff208,1183.0,,,,ATA,erc20,"{'value': '0x40216c4832871c0000', 'address': '0xa2120b9e674d3fc3875f415a7df52e382f141225', 'decimal': '0x12'}",{'blockTimestamp': '2022-02-03T16:49:51.000Z'}
949,0xd7aba0,0x751d7bb7ed09f1076d2e2995494fdd6dc70c24e9b51f8f79b13a654e91e7e961:log:160,0x751d7bb7ed09f1076d2e2995494fdd6dc70c24e9b51f8f79b13a654e91e7e961,0x6025d96932d378be7d0a46343b437678a126ecca,0x7ed1e469fcb3ee19c0366d829e291451be638e59,1200.0,,,,ATA,erc20,"{'value': '0x410d586a20a4c00000', 'address': '0xa2120b9e674d3fc3875f415a7df52e382f141225', 'decimal': '0x12'}",{'blockTimestamp': '2022-02-03T16:48:46.000Z'}
950,0xd7ab9f,0xb339f70e892b00af6b95938fdde04fa8ddb3643aeae92c31b13658e0c213b309:log:238,0xb339f70e892b00af6b95938fdde04fa8ddb3643aeae92c31b13658e0c213b309,0xe66b31678d6c16e9ebf358268a790b763c133750,0x56c02f79595ee10893a695bce223ea697740e221,206.38778038979922,,,,ATA,erc20,"{'value': '0x0b3034b0c67350b448', 'address': '0xa2120b9e674d3fc3875f415a7df52e382f141225', 'decimal': '0x12'}",{'blockTimestamp': '2022-02-03T16:48:23.000Z'}
951,0xd7ab9f,0xb339f70e892b00af6b95938fdde04fa8ddb3643aeae92c31b13658e0c213b309:log:235,0xb339f70e892b00af6b95938fdde04fa8ddb3643aeae92c31b13658e0c213b309,0x5654d65578cda52791879751141f2f3d7dc27fe4,0xe66b31678d6c16e9ebf358268a790b763c133750,206.38778038979922,,,,ATA,erc20,"{'value': '0x0b3034b0c67350b448', 'address': '0xa2120b9e674d3fc3875f415a7df52e382f141225', 'decimal': '0x12'}",{'blockTimestamp': '2022-02-03T16:48:23.000Z'}
952,0xd7aaee,0x490c2ef88f927e08da53d2c9b76773bf21b27925ee8e0542de5af5badf55092e:log:105,0x490c2ef88f927e08da53d2c9b76773bf21b27925ee8e0542de5af5badf55092e,0x7ed1e469fcb3ee19c0366d829e291451be638e59,0x79693d50193ef3abbd89132146adf0b0432ff208,50.0,,,,ATA,erc20,"{'value': '0x02b5e3af16b1880000', 'address': '0xa2120b9e674d3fc3875f415a7df52e382f141225', 'decimal': '0x12'}",{'blockTimestamp': '2022-02-03T16:12:32.000Z'}
953,0xd7aaeb,0xc10b65b740d190d4a0013c5437b7d49e170c81cd20e88e6f8dca8b5ccb87a396:log:51,0xc10b65b740d190d4a0013c5437b7d49e170c81cd20e88e6f8dca8b5ccb87a396,0x6025d96932d378be7d0a46343b437678a126ecca,0x7ed1e469fcb3ee19c0366d829e291451be638e59,50.0,,,,ATA,erc20,"{'value': '0x02b5e3af16b1880000', 'address': '0xa2120b9e674d3fc3875f415a7df52e382f141225', 'decimal': '0x12'}",{'blockTimestamp': '2022-02-03T16:11:47.000Z'}
954,0xd7aacd,0xe349d67b7d288166bc7eaaa22ed26603148a7735dde0c62d000f48746366dd31:log:75,0xe349d67b7d288166bc7eaaa22ed26603148a7735dde0c62d000f48746366dd31,0xc8fc4544490178ee3e571f598fe462414a28cd67,0x6025d96932d378be7d0a46343b437678a126ecca,1302.85068256,,,,ATA,erc20,"{'value': '0x46a0af70fd54038000', 'address': '0xa2120b9e674d3fc3875f415a7df52e382f141225', 'decimal': '0x12'}",{'blockTimestamp': '2022-02-03T16:05:24.000Z'}
955,0xd7774a,0x41be4b0348cffd4f97177cba6d20be9a4f4749e02a03e90bf41bce1f585e2555:log:115,0x41be4b0348cffd4f97177cba6d20be9a4f4749e02a03e90bf41bce1f585e2555,0x6767526a362ec6c6b1df185478e4f01506b73ff3,0x28c6c06298d514db089934071355e5743bf21d60,46594.00000000001,,,,ATA,erc20,"{'value': '0x09dddda5266866c80000', 'address': '0xa2120b9e674d3fc3875f415a7df52e382f141225', 'decimal': '0x12'}",{'blockTimestamp': '2022-02-01T15:01:24.000Z'}
956,0xd77739,0x1b311ef0470a878d4c7898b280d0fa70cdba4c6109a91e27b6b5afe3210c7737:log:151,0x1b311ef0470a878d4c7898b280d0fa70cdba4c6109a91e27b6b5afe3210c7737,0x3c02290922a3618a4646e3bbca65853ea45fe7c6,0x6767526a362ec6c6b1df185478e4f01506b73ff3,46594.00000000001,,,,ATA,erc20,"{'value': '0x09dddda5266866c80000', 'address': '0xa2120b9e674d3fc3875f415a7df52e382f141225', 'decimal': '0x12'}",{'blockTimestamp': '2022-02-01T14:57:37.000Z'}
957,0xd77730,0x3bd899c767208079c4c9e4dac67592de44743d8d6e130514423b013105d249b0:log:112,0x3bd899c767208079c4c9e4dac67592de44743d8d6e130514423b013105d249b0,0x91dca37856240e5e1906222ec79278b16420dc92,0x3c02290922a3618a4646e3bbca65853ea45fe7c6,210578.00000000003,,,,ATA,erc20,"{'value': '0x2c9774cd0df08f080000', 'address': '0xa2120b9e674d3fc3875f415a7df52e382f141225', 'decimal': '0x12'}",{'blockTimestamp': '2022-02-01T14:53:45.000Z'}
958,0xd75620,0x0204d6c3cf68124b8b6ab6b374a8fe278ea4960b5645edd81e7f36a8c9e9157a:log:21,0x0204d6c3cf68124b8b6ab6b374a8fe278ea4960b5645edd81e7f36a8c9e9157a,0xa2120b9e674d3fc3875f415a7df52e382f141225,0x053a00953095876496e89c06898f0e441b49266e,223212.85714285713,,,,ATA,erc20,"{'value': '0x2f4464aadb06adf36db6', 'address': '0xa2120b9e674d3fc3875f415a7df52e382f141225', 'decimal': '0x12'}",{'blockTimestamp': '2022-01-31T07:26:30.000Z'}
959,0xd7561d,0xcce3066205c7f1ac55307a18ec9f1c92e9e03408bda024e6589cdb767accab0c:log:82,0xcce3066205c7f1ac55307a18ec9f1c92e9e03408bda024e6589cdb767accab0c,0xa2120b9e674d3fc3875f415a7df52e382f141225,0xbe8ff5c9d74afd3f08886256f0b1e9ba18bf83b9,53569.28571428571,,,,ATA,erc20,"{'value': '0x0b57ff2e1ee72fa52492', 'address': '0xa2120b9e674d3fc3875f415a7df52e382f141225', 'decimal': '0x12'}",{'blockTimestamp': '2022-01-31T07:25:34.000Z'}
960,0xd74070,0xf94b6130a0334ba2f0b79fdc3b2ddc08219d7a8963c0a7c53edf9be1fdd28afd:log:10,0xf94b6130a0334ba2f0b79fdc3b2ddc08219d7a8963c0a7c53edf9be1fdd28afd,0x184db1d09fa9684a0d13381a7bb9f347418e29fa,0x28c6c06298d514db089934071355e5743bf21d60,2425.7747163,,,,ATA,erc20,"{'value': '0x838063042b69787800', 'address': '0xa2120b9e674d3fc3875f415a7df52e382f141225', 'decimal': '0x12'}",{'blockTimestamp': '2022-01-30T10:59:39.000Z'}
961,0xd72845,0x756dfb93118c1d8ad0126c80a487210dc8c77bd2523ef782a58c75f3676edf2c:log:265,0x756dfb93118c1d8ad0126c80a487210dc8c77bd2523ef782a58c75f3676edf2c,0x95b564f3b3bae3f206aa418667ba000afafacc8a,0x184db1d09fa9684a0d13381a7bb9f347418e29fa,2425.7747163,,,,ATA,erc20,"{'value': '0x838063042b69787800', 'address': '0xa2120b9e674d3fc3875f415a7df52e382f141225', 'decimal': '0x12'}",{'blockTimestamp': '2022-01-29T12:07:44.000Z'}
962,0xd6ede8,0x21cf18e24960bf8197a7acb9adfb3f81a236a3360e01cd35c451bec14a0f2c35:log:35,0x21cf18e24960bf8197a7acb9adfb3f81a236a3360e01cd35c451bec14a0f2c35,0x28c6c06298d514db089934071355e5743bf21d60,0x075ee453fabee1f5cd4f2b8d83620c37cefed52d,38736.79,,,,ATA,erc20,"{'value': '0x0833ecf3b4b0c7cf0000', 'address': '0xa2120b9e674d3fc3875f415a7df52e382f141225', 'decimal': '0x12'}",{'blockTimestamp': '2022-01-27T04:48:45.000Z'}
963,0xd6edbc,0x57e0a5fe507a6ff41779aa56b978fe7fc3489d0c32351ea2bd6100cba18f6b76:log:38,0x57e0a5fe507a6ff41779aa56b978fe7fc3489d0c32351ea2bd6100cba18f6b76,0xdfd5293d8e347dfe59e90efd55b2956a1343963d,0x075ee453fabee1f5cd4f2b8d83620c37cefed52d,136.0,,,,ATA,erc20,"{'value': '0x075f610f70ed200000', 'address': '0xa2120b9e674d3fc3875f415a7df52e382f141225', 'decimal': '0x12'}",{'blockTimestamp': '2022-01-27T04:40:34.000Z'}
964,0xd6ec90,0x808d154aca01c591510c9485d5ea88600f3961592e6e9edd334ba0fd315ae981:log:16,0x808d154aca01c591510c9485d5ea88600f3961592e6e9edd334ba0fd315ae981,0x21a31ee1afc51d94c2efccaa2092ad1028285549,0xf431666bdc13d00bc0d2661ef756755f0c7086dd,12358.49835692,,,,ATA,erc20,"{'value': '0x029df49e297cf94d3000', 'address': '0xa2120b9e674d3fc3875f415a7df52e382f141225', 'decimal': '0x12'}",{'blockTimestamp': '2022-01-27T03:29:03.000Z'}
965,0xd6d179,0x56d1377929c416231f6111d422275b1b56d25579c75cd1157ab7e041c2817c43:log:1,0x56d1377929c416231f6111d422275b1b56d25579c75cd1157ab7e041c2817c43,0xeebc92a724e0bea45db424a9a448eabf394d81de,0x28c6c06298d514db089934071355e5743bf21d60,14880.357142,,,,ATA,erc20,"{'value': '0x0326aa705d2350df6000', 'address': '0xa2120b9e674d3fc3875f415a7df52e382f141225', 'decimal': '0x12'}",{'blockTimestamp': '2022-01-26T01:30:03.000Z'}
966,0xd6d171,0xbee808d34b5aff49b330d89aeac643125db4d6ee6d0077e550d291cf8567e8ad:log:33,0xbee808d34b5aff49b330d89aeac643125db4d6ee6d0077e550d291cf8567e8ad,0x28c6c06298d514db089934071355e5743bf21d60,0x9b30a672472df0fc28e47af4fa851c080a925755,5000.0,,,,ATA,erc20,"{'value': '0x010f0cf064dd59200000', 'address': '0xa2120b9e674d3fc3875f415a7df52e382f141225', 'decimal': '0x12'}",{'blockTimestamp': '2022-01-26T01:28:48.000Z'}
967,0xd6ce1d,0x489b90668080618a502f74752b21eca3b66721fc261e781ca4c81fc1773740b5:log:27,0x489b90668080618a502f74752b21eca3b66721fc261e781ca4c81fc1773740b5,0x5654d65578cda52791879751141f2f3d7dc27fe4,0x13307b8854a95946b54a904100afd0767a7a577b,1441.811152767757,,,,ATA,erc20,"{'value': '0x4e292634663ea190ce', 'address': '0xa2120b9e674d3fc3875f415a7df52e382f141225', 'decimal': '0x12'}",{'blockTimestamp': '2022-01-25T22:26:10.000Z'}
968,0xd6ce13,0x4e3f59cae19d91b1101bef52c482b895a6c33a2be963c0a83ecd15dc9344fe7f:log:25,0x4e3f59cae19d91b1101bef52c482b895a6c33a2be963c0a83ecd15dc9344fe7f,0x74de5d4fcbf63e00296fd95d33236b9794016631,0x5654d65578cda52791879751141f2f3d7dc27fe4,1286.382,,,,ATA,erc20,"{'value': '0x45bc22ed74c08b0000', 'address': '0xa2120b9e674d3fc3875f415a7df52e382f141225', 'decimal': '0x12'}",{'blockTimestamp': '2022-01-25T22:24:55.000Z'}
969,0xd6ce13,0x4e3f59cae19d91b1101bef52c482b895a6c33a2be963c0a83ecd15dc9344fe7f:log:23,0x4e3f59cae19d91b1101bef52c482b895a6c33a2be963c0a83ecd15dc9344fe7f,0x7ae3b2a4d768c5032ca8e9d41093bb73d2ac6c17,0x74de5d4fcbf63e00296fd95d33236b9794016631,1286.382,,,,ATA,erc20,"{'value': '0x45bc22ed74c08b0000', 'address': '0xa2120b9e674d3fc3875f415a7df52e382f141225', 'decimal': '0x12'}",{'blockTimestamp': '2022-01-25T22:24:55.000Z'}
970,0xd6c50d,0x9deb12ba59f4b99bb5a7cb82623cac91d63d9a7967e1c88c1f48f19cfe31b76c:log:172,0x9deb12ba59f4b99bb5a7cb82623cac91d63d9a7967e1c88c1f48f19cfe31b76c,0xeda6d542b612c23bd322f91ee822e76b56960f1c,0x7ae3b2a4d768c5032ca8e9d41093bb73d2ac6c17,1286.382,,,,ATA,erc20,"{'value': '0x45bc22ed74c08b0000', 'address': '0xa2120b9e674d3fc3875f415a7df52e382f141225', 'decimal': '0x12'}",{'blockTimestamp': '2022-01-25T13:59:39.000Z'}
971,0xd6c4f7,0xd0e165cd590a2054d8e3f1b9854e88046f8a79758beaab7b57c1d41dbb281cdc:log:65,0xd0e165cd590a2054d8e3f1b9854e88046f8a79758beaab7b57c1d41dbb281cdc,0x6b816a44d67420249fdd8f6b3293cd48b0236a62,0xeebc92a724e0bea45db424a9a448eabf394d81de,14880.357142,,,,ATA,erc20,"{'value': '0x0326aa705d2350df6000', 'address': '0xa2120b9e674d3fc3875f415a7df52e382f141225', 'decimal': '0x12'}",{'blockTimestamp': '2022-01-25T13:53:29.000Z'}
972,0xd6c4e3,0x75ccb7a47d9958da8aef34b7938bb439ed155609d2cd25664e47e628a4fdbcc5:log:153,0x75ccb7a47d9958da8aef34b7938bb439ed155609d2cd25664e47e628a4fdbcc5,0xa2120b9e674d3fc3875f415a7df52e382f141225,0x6b816a44d67420249fdd8f6b3293cd48b0236a62,14880.357142857143,,,,ATA,erc20,"{'value': '0x0326aa705deae2916db6', 'address': '0xa2120b9e674d3fc3875f415a7df52e382f141225', 'decimal': '0x12'}",{'blockTimestamp': '2022-01-25T13:48:06.000Z'}
973,0xd6b395,0xb2f64324548320dbc97dae72a5cd59b7e5e55a709f5b5db6332c2bc634a85eee:log:173,0xb2f64324548320dbc97dae72a5cd59b7e5e55a709f5b5db6332c2bc634a85eee,0x511dbe9e6b7ede607f47d00a681bd5c7a6d397a1,0x40ec5b33f54e0e8a33a975908c5ba1c14e5bbbdf,26362.547,,,,ATA,erc20,"{'value': '0x05951dd555bd63cb8000', 'address': '0xa2120b9e674d3fc3875f415a7df52e382f141225', 'decimal': '0x12'}",{'blockTimestamp': '2022-01-24T21:14:47.000Z'}
974,0xd6b388,0x4bf77cb260436a1317729dc9d8e0f3ce2cd5dae427e11e3925eb883756d808ca:log:20,0x4bf77cb260436a1317729dc9d8e0f3ce2cd5dae427e11e3925eb883756d808ca,0xdfd5293d8e347dfe59e90efd55b2956a1343963d,0x511dbe9e6b7ede607f47d00a681bd5c7a6d397a1,26362.547,,,,ATA,erc20,"{'value': '0x05951dd555bd63cb8000', 'address': '0xa2120b9e674d3fc3875f415a7df52e382f141225', 'decimal': '0x12'}",{'blockTimestamp': '2022-01-24T21:12:24.000Z'}
975,0xd6b050,0x1fb84aa49d5f8b77f6b674e0570f739a2c678f34271a0ac8d8d7c6c73e211fa3:log:91,0x1fb84aa49d5f8b77f6b674e0570f739a2c678f34271a0ac8d8d7c6c73e211fa3,0x52c8f6907096d1ba487163d48d81654d8d0bc3e7,0xf3e36ad56aa85abdacc18c02d19509ae4f7d5899,93750.0,,,,ATA,erc20,"{'value': '0x13da329b633647180000', 'address': '0xa2120b9e674d3fc3875f415a7df52e382f141225', 'decimal': '0x12'}",{'blockTimestamp': '2022-01-24T18:01:45.000Z'}
976,0xd6aff5,0xfef7780a4b4b8dd072c02e60c6b098a5f116c5839cf1cd451ae18520ef6cb941:log:342,0xfef7780a4b4b8dd072c02e60c6b098a5f116c5839cf1cd451ae18520ef6cb941,0xa44964fa6b4edaf12146333124c8e42e230c4738,0x52c8f6907096d1ba487163d48d81654d8d0bc3e7,92749.99999999999,,,,ATA,erc20,"{'value': '0x13a3fcd1b57068780000', 'address': '0xa2120b9e674d3fc3875f415a7df52e382f141225', 'decimal': '0x12'}",{'blockTimestamp': '2022-01-24T17:41:21.000Z'}
977,0xd6ae90,0x09e862eed48d4ae9486a81220a596d96299c0fb18b29566fb220cba0307e0242:log:111,0x09e862eed48d4ae9486a81220a596d96299c0fb18b29566fb220cba0307e0242,0xa44964fa6b4edaf12146333124c8e42e230c4738,0x52c8f6907096d1ba487163d48d81654d8d0bc3e7,1000.0,,,,ATA,erc20,"{'value': '0x3635c9adc5dea00000', 'address': '0xa2120b9e674d3fc3875f415a7df52e382f141225', 'decimal': '0x12'}",{'blockTimestamp': '2022-01-24T16:24:04.000Z'}
978,0xd6aa71,0xfd4728255b101eeb6be27c66576b35b16725811242cc64686e022f1b733cc7a1:log:85,0xfd4728255b101eeb6be27c66576b35b16725811242cc64686e022f1b733cc7a1,0x904b14174286cedd8086bba62e0de2c5a466ede3,0x28c6c06298d514db089934071355e5743bf21d60,20832.5,,,,ATA,erc20,"{'value': '0x04695503b6af3d320000', 'address': '0xa2120b9e674d3fc3875f415a7df52e382f141225', 'decimal': '0x12'}",{'blockTimestamp': '2022-01-24T12:30:24.000Z'}
979,0xd6a793,0x82a24d261c6042ebbb2dc08465a93ff5dd96cd8eda5162745709f33c2aea3738:log:384,0x82a24d261c6042ebbb2dc08465a93ff5dd96cd8eda5162745709f33c2aea3738,0x70031213c95deecfa44a6c438bca25134a292eef,0x904b14174286cedd8086bba62e0de2c5a466ede3,20832.5,,,,ATA,erc20,"{'value': '0x04695503b6af3d320000', 'address': '0xa2120b9e674d3fc3875f415a7df52e382f141225', 'decimal': '0x12'}",{'blockTimestamp': '2022-01-24T09:43:40.000Z'}
980,0xd6a498,0xd3578bad0ded740520b4b208807c6dd39295265565db7a70fb731d15fe962e51:log:143,0xd3578bad0ded740520b4b208807c6dd39295265565db7a70fb731d15fe962e51,0x4916d5420de6c649f0ec61a2b0dd5df87658ad05,0x5654d65578cda52791879751141f2f3d7dc27fe4,916.019,,,,ATA,erc20,"{'value': '0x31a8513b392c8b8000', 'address': '0xa2120b9e674d3fc3875f415a7df52e382f141225', 'decimal': '0x12'}",{'blockTimestamp': '2022-01-24T06:59:05.000Z'}
981,0xd6a496,0x462b7e42877032764fe2a7c1026620c2c0fb200253bd3889f4f9d00a7b0651a3:log:41,0x462b7e42877032764fe2a7c1026620c2c0fb200253bd3889f4f9d00a7b0651a3,0x21a31ee1afc51d94c2efccaa2092ad1028285549,0x4916d5420de6c649f0ec61a2b0dd5df87658ad05,916.019,,,,ATA,erc20,"{'value': '0x31a8513b392c8b8000', 'address': '0xa2120b9e674d3fc3875f415a7df52e382f141225', 'decimal': '0x12'}",{'blockTimestamp': '2022-01-24T06:58:26.000Z'}
982,0xd694da,0x5da826169a9d6b755a2f44866469828f62f21c8b515cf25991e3ceaa70dd8f40:log:250,0x5da826169a9d6b755a2f44866469828f62f21c8b515cf25991e3ceaa70dd8f40,0xa2120b9e674d3fc3875f415a7df52e382f141225,0xa44964fa6b4edaf12146333124c8e42e230c4738,93750.0,,,,ATA,erc20,"{'value': '0x13da329b633647180000', 'address': '0xa2120b9e674d3fc3875f415a7df52e382f141225', 'decimal': '0x12'}",{'blockTimestamp': '2022-01-23T15:52:43.000Z'}
983,0xd691f3,0x063f167d33ca8b86377cca3b0d71355878b2147f5571a0accc7c19fe7992a4f3:log:233,0x063f167d33ca8b86377cca3b0d71355878b2147f5571a0accc7c19fe7992a4f3,0xf16e9b0d03470827a95cdfd0cb8a8a3b46969b91,0x63693d8c7592fd2f4c05c17be26617415ff0f353,100.0,,,,ATA,erc20,"{'value': '0x056bc75e2d63100000', 'address': '0xa2120b9e674d3fc3875f415a7df52e382f141225', 'decimal': '0x12'}",{'blockTimestamp': '2022-01-23T13:08:46.000Z'}
984,0xd67803,0xfdccda8c7742d0585998a2325ff8fcbd2ea533535b35355f760f3ea89e82bbc0:log:123,0xfdccda8c7742d0585998a2325ff8fcbd2ea533535b35355f760f3ea89e82bbc0,0xbdb975eca061ac5d2e071b479fc1a28b379a5e0e,0x28c6c06298d514db089934071355e5743bf21d60,31250.0,,,,ATA,erc20,"{'value': '0x069e10de76676d080000', 'address': '0xa2120b9e674d3fc3875f415a7df52e382f141225', 'decimal': '0x12'}",{'blockTimestamp': '2022-01-22T12:31:23.000Z'}
985,0xd67664,0xc97328f972f087d7f7422d248b4d7e7671cacfcc9c8736a0b7d219c0622136ec:log:35,0xc97328f972f087d7f7422d248b4d7e7671cacfcc9c8736a0b7d219c0622136ec,0x29984d1f9055cafb02dcdd53c54b727902e44975,0x28c6c06298d514db089934071355e5743bf21d60,63917.82,,,,ATA,erc20,"{'value': '0x0d88fdf16ee02e660000', 'address': '0xa2120b9e674d3fc3875f415a7df52e382f141225', 'decimal': '0x12'}",{'blockTimestamp': '2022-01-22T11:01:06.000Z'}
986,0xd6732c,0xa9bed19c5783308e357ca75105ffe8f36c99802b951837044fd66e9b5a8f54c5:log:138,0xa9bed19c5783308e357ca75105ffe8f36c99802b951837044fd66e9b5a8f54c5,0x1640555d9937cec3b9cca3225edbe9771b1185ec,0xbdb975eca061ac5d2e071b479fc1a28b379a5e0e,31250.0,,,,ATA,erc20,"{'value': '0x069e10de76676d080000', 'address': '0xa2120b9e674d3fc3875f415a7df52e382f141225', 'decimal': '0x12'}",{'blockTimestamp': '2022-01-22T07:55:47.000Z'}
987,0xd672ca,0xeb70254828a58bc72361f98746b6eaa55c0493890fc3847f48dda7b68a71b07a:log:286,0xeb70254828a58bc72361f98746b6eaa55c0493890fc3847f48dda7b68a71b07a,0x95b564f3b3bae3f206aa418667ba000afafacc8a,0x29984d1f9055cafb02dcdd53c54b727902e44975,12783.570000000002,,,,ATA,erc20,"{'value': '0x02b4ffac00be4c550000', 'address': '0xa2120b9e674d3fc3875f415a7df52e382f141225', 'decimal': '0x12'}",{'blockTimestamp': '2022-01-22T07:32:43.000Z'}
988,0xd6696d,0x1378ff1a31d2b227c6db892560de96b64fd7e07fb7743a8fd3b111371605bb6e:log:414,0x1378ff1a31d2b227c6db892560de96b64fd7e07fb7743a8fd3b111371605bb6e,0x95b564f3b3bae3f206aa418667ba000afafacc8a,0x29984d1f9055cafb02dcdd53c54b727902e44975,51134.25,,,,ATA,erc20,"{'value': '0x0ad3fe456e21e2110000', 'address': '0xa2120b9e674d3fc3875f415a7df52e382f141225', 'decimal': '0x12'}",{'blockTimestamp': '2022-01-21T22:52:00.000Z'}
989,0xd66188,0x20b77f9c8cb7cee1c29989cebafd6a29e17e3e595d777b483d188321695108f4:log:101,0x20b77f9c8cb7cee1c29989cebafd6a29e17e3e595d777b483d188321695108f4,0x71b3be57e127360c92815772f0af2eb7b8c5c921,0x40ec5b33f54e0e8a33a975908c5ba1c14e5bbbdf,2939.0000000000005,,,,ATA,erc20,"{'value': '0x9f52d18082b90c0000', 'address': '0xa2120b9e674d3fc3875f415a7df52e382f141225', 'decimal': '0x12'}",{'blockTimestamp': '2022-01-21T15:16:17.000Z'}
990,0xd66168,0x2c7f8817dae2d34ec7aa257b859c49aed03f8b909ede54d38c60786eebf40864:log:146,0x2c7f8817dae2d34ec7aa257b859c49aed03f8b909ede54d38c60786eebf40864,0x28c6c06298d514db089934071355e5743bf21d60,0x71b3be57e127360c92815772f0af2eb7b8c5c921,2939.0000000000005,,,,ATA,erc20,"{'value': '0x9f52d18082b90c0000', 'address': '0xa2120b9e674d3fc3875f415a7df52e382f141225', 'decimal': '0x12'}",{'blockTimestamp': '2022-01-21T15:09:22.000Z'}
991,0xd62c22,0xfba7a49f6ea301aa9c05f65bce0ef450c5aec5b3395b317551c5508618c7dabe:log:308,0xfba7a49f6ea301aa9c05f65bce0ef450c5aec5b3395b317551c5508618c7dabe,0x7967f6465af7f1eb36c9ee4f3d1e7e6e3438b4b3,0x28c6c06298d514db089934071355e5743bf21d60,14880.357142857143,,,,ATA,erc20,"{'value': '0x0326aa705deae2916db6', 'address': '0xa2120b9e674d3fc3875f415a7df52e382f141225', 'decimal': '0x12'}",{'blockTimestamp': '2022-01-19T12:31:49.000Z'}
992,0xd62704,0xd254fdc0fb06f9973ab933956c24c169059f960467c2c82d01af4370eb0de98d:log:103,0xd254fdc0fb06f9973ab933956c24c169059f960467c2c82d01af4370eb0de98d,0x48a337bf30bd29b9a4b7dea7b0a1ca4ae261b6b7,0x7967f6465af7f1eb36c9ee4f3d1e7e6e3438b4b3,14880.357142857143,,,,ATA,erc20,"{'value': '0x0326aa705deae2916db6', 'address': '0xa2120b9e674d3fc3875f415a7df52e382f141225', 'decimal': '0x12'}",{'blockTimestamp': '2022-01-19T07:42:46.000Z'}
993,0xd60ffa,0xdce02ac26ca5baf17271b6a33aa4bb021d556491049246250f9e8ed7fec2ce45:log:353,0xdce02ac26ca5baf17271b6a33aa4bb021d556491049246250f9e8ed7fec2ce45,0xf16e9b0d03470827a95cdfd0cb8a8a3b46969b91,0x39ae0ef227cb9110154cb78f0c9bf167e2ba88eb,7900.0,,,,ATA,erc20,"{'value': '0x01ac4286100191f00000', 'address': '0xa2120b9e674d3fc3875f415a7df52e382f141225', 'decimal': '0x12'}",{'blockTimestamp': '2022-01-18T09:48:50.000Z'}
994,0xd6064b,0xa8d041220bfbba2e86d15179b9feb975e5e5857ebb9d6d22f1ea19553b65de8d:log:41,0xa8d041220bfbba2e86d15179b9feb975e5e5857ebb9d6d22f1ea19553b65de8d,0x4ea40d1f42c91bd37825e88d67bc2a27e162dff3,0x28c6c06298d514db089934071355e5743bf21d60,48518.36811331,,,,ATA,erc20,"{'value': '0x0a462f9e11b959fcac00', 'address': '0xa2120b9e674d3fc3875f415a7df52e382f141225', 'decimal': '0x12'}",{'blockTimestamp': '2022-01-18T00:30:22.000Z'}
995,0xd605be,0x66e8701afe3c641772162d634210815661218cf1004425b58395e84cb39feb50:log:0,0x66e8701afe3c641772162d634210815661218cf1004425b58395e84cb39feb50,0x29984d1f9055cafb02dcdd53c54b727902e44975,0x28c6c06298d514db089934071355e5743bf21d60,137920.99000000002,,,,ATA,erc20,"{'value': '0x1d34b63bc446eaa30000', 'address': '0xa2120b9e674d3fc3875f415a7df52e382f141225', 'decimal': '0x12'}",{'blockTimestamp': '2022-01-18T00:00:58.000Z'}
996,0xd60331,0xdafbb4790937372a0e8c8e4e02ca0dfda79cf9d67e74f8191a314e96482d5f86:log:18,0xdafbb4790937372a0e8c8e4e02ca0dfda79cf9d67e74f8191a314e96482d5f86,0x95b564f3b3bae3f206aa418667ba000afafacc8a,0x29984d1f9055cafb02dcdd53c54b727902e44975,137920.99000000002,,,,ATA,erc20,"{'value': '0x1d34b63bc446eaa30000', 'address': '0xa2120b9e674d3fc3875f415a7df52e382f141225', 'decimal': '0x12'}",{'blockTimestamp': '2022-01-17T21:40:38.000Z'}
997,0xd602e9,0x7e8844409ec1b1a89fb294818c2ea6af9debde283f5943a184137fe1443e67d1:log:45,0x7e8844409ec1b1a89fb294818c2ea6af9debde283f5943a184137fe1443e67d1,0xdfd5293d8e347dfe59e90efd55b2956a1343963d,0x20e74b82e9c2b24063c516397cd1fc2eeeb17cc0,31962.519999999997,,,,ATA,erc20,"{'value': '0x06c4b112034fae5c0000', 'address': '0xa2120b9e674d3fc3875f415a7df52e382f141225', 'decimal': '0x12'}",{'blockTimestamp': '2022-01-17T21:24:25.000Z'}
998,0xd601fe,0x7caace5bc0357e212c2265faf56937e1d6c0676006d5ca8a26d1e1bd7323fccc:log:190,0x7caace5bc0357e212c2265faf56937e1d6c0676006d5ca8a26d1e1bd7323fccc,0x4f4ff77788ed76cc1c855a33a94de82662bc6254,0x4ea40d1f42c91bd37825e88d67bc2a27e162dff3,48518.36811331,,,,ATA,erc20,"{'value': '0x0a462f9e11b959fcac00', 'address': '0xa2120b9e674d3fc3875f415a7df52e382f141225', 'decimal': '0x12'}",{'blockTimestamp': '2022-01-17T20:33:04.000Z'}
999,0xd5f7e4,0xb8ed276f303b1dee5faa19f7da752816061a1790319e21ab54054abf4bd49c87:log:58,0xb8ed276f303b1dee5faa19f7da752816061a1790319e21ab54054abf4bd49c87,0x21a31ee1afc51d94c2efccaa2092ad1028285549,0xcca3e865525e0d976745a8c292c7fc549ba7d6a1,1022.0,,,,ATA,erc20,"{'value': '0x376719613641380000', 'address': '0xa2120b9e674d3fc3875f415a7df52e382f141225', 'decimal': '0x12'}",{'blockTimestamp': '2022-01-17T10:59:59.000Z'}
0,0xd5ccff,0x7867dbdd0983176961de677be8f38ae49cd12e3c174cb5ebb869e76e4fb32dc4:log:53,0x7867dbdd0983176961de677be8f38ae49cd12e3c174cb5ebb869e76e4fb32dc4,0xe30a35e92327fb2d8bc9234e80f72897198af344,0x28c6c06298d514db089934071355e5743bf21d60,2000.0400008000001,,,,ATA,erc20,"{'value': '0x6c6c21780fbffb4000', 'address': '0xa2120b9e674d3fc3875f415a7df52e382f141225', 'decimal': '0x12'}",{'blockTimestamp': '2022-01-15T18:30:23.000Z'}
1,0xd5c7cc,0x5d3b69671ac92f19df2d6366551332f992080780c4de4877a52934e123824a86:log:91,0x5d3b69671ac92f19df2d6366551332f992080780c4de4877a52934e123824a86,0x95b564f3b3bae3f206aa418667ba000afafacc8a,0xe30a35e92327fb2d8bc9234e80f72897198af344,2000.0400008000001,,,,ATA,erc20,"{'value': '0x6c6c21780fbffb4000', 'address': '0xa2120b9e674d3fc3875f415a7df52e382f141225', 'decimal': '0x12'}",{'blockTimestamp': '2022-01-15T13:34:34.000Z'}
2,0xd5c101,0x6bb3c1a9a6fcd7d114f9be62006cbfd8e058d6bc0df5ff6bc2583aaf22637862:log:26,0x6bb3c1a9a6fcd7d114f9be62006cbfd8e058d6bc0df5ff6bc2583aaf22637862,0x28c6c06298d514db089934071355e5743bf21d60,0x95b564f3b3bae3f206aa418667ba000afafacc8a,131685.21,,,,ATA,erc20,"{'value': '0x1be2ab66dcdafd490000', 'address': '0xa2120b9e674d3fc3875f415a7df52e382f141225', 'decimal': '0x12'}",{'blockTimestamp': '2022-01-15T06:55:45.000Z'}
3,0xd59e09,0x3750c9a13660ad309ce146e96c2d7a3dd82ad3fa8ba8e665e95ee3fe26376d5f:log:91,0x3750c9a13660ad309ce146e96c2d7a3dd82ad3fa8ba8e665e95ee3fe26376d5f,0xdfd5293d8e347dfe59e90efd55b2956a1343963d,0x2048f7f6626d02eb16432f8f1fd118692a42e7b9,353.6,,,,ATA,erc20,"{'value': '0x132b2f8e8c02200000', 'address': '0xa2120b9e674d3fc3875f415a7df52e382f141225', 'decimal': '0x12'}",{'blockTimestamp': '2022-01-13T21:37:28.000Z'}
4,0xd59c26,0xcc03b4fa2d900941b5b5e19e295ce3ffb6599e48709ca0036ee9ca49a889842e:log:100,0xcc03b4fa2d900941b5b5e19e295ce3ffb6599e48709ca0036ee9ca49a889842e,0x21a31ee1afc51d94c2efccaa2092ad1028285549,0x94b688c6d32eb98dc859a4a1933cf498707f497f,11916.000000000002,,,,ATA,erc20,"{'value': '0x0285f7b8325382b00000', 'address': '0xa2120b9e674d3fc3875f415a7df52e382f141225', 'decimal': '0x12'}",{'blockTimestamp': '2022-01-13T19:53:36.000Z'}
5,0xd58ed0,0x92c6dec566771d5d01bb1b67102ff4b13509a815b7c72a39c0a830cc59bfb5b9:log:132,0x92c6dec566771d5d01bb1b67102ff4b13509a815b7c72a39c0a830cc59bfb5b9,0x5654d65578cda52791879751141f2f3d7dc27fe4,0x49b519d45454544eae71df70e3663cdcdec12c07,414.7057056139568,,,,ATA,erc20,"{'value': '0x167b32a20d079cd427', 'address': '0xa2120b9e674d3fc3875f415a7df52e382f141225', 'decimal': '0x12'}",{'blockTimestamp': '2022-01-13T07:05:41.000Z'}
6,0xd58756,0x110bd4813203e1bfc87195c6c61b96e7c27558367f73b2378b14b9af423c083f:log:24,0x110bd4813203e1bfc87195c6c61b96e7c27558367f73b2378b14b9af423c083f,0x28c6c06298d514db089934071355e5743bf21d60,0xd0fa636b61f82e9cdd6932d352f34b809383bb33,61.495,,,,ATA,erc20,"{'value': '0x03556a20af7ea58000', 'address': '0xa2120b9e674d3fc3875f415a7df52e382f141225', 'decimal': '0x12'}",{'blockTimestamp': '2022-01-12T23:56:21.000Z'}
7,0xd578a0,0x336d1788a7f6e516f2a10b3e5f99c37db9e677072d667c9d275034aeaf74480a:log:43,0x336d1788a7f6e516f2a10b3e5f99c37db9e677072d667c9d275034aeaf74480a,0x5e31da24859439bdddb2656f6d45def565201f59,0x28c6c06298d514db089934071355e5743bf21d60,1508.9180000000001,,,,ATA,erc20,"{'value': '0x51cc719e68e8df0000', 'address': '0xa2120b9e674d3fc3875f415a7df52e382f141225', 'decimal': '0x12'}",{'blockTimestamp': '2022-01-12T09:59:50.000Z'}
8,0xd57827,0x0c216fdad883a17ed748fff0fa752115e3a5ba4910d9d7c1ba4de97634a07a2a:log:110,0x0c216fdad883a17ed748fff0fa752115e3a5ba4910d9d7c1ba4de97634a07a2a,0x8784c7f5a3cddd4bda66fd29c9f689cd51784163,0x28c6c06298d514db089934071355e5743bf21d60,148803.571428,,,,ATA,erc20,"{'value': '0x1f82a863aaa7cde24000', 'address': '0xa2120b9e674d3fc3875f415a7df52e382f141225', 'decimal': '0x12'}",{'blockTimestamp': '2022-01-12T09:31:15.000Z'}
9,0xd57767,0xabcf6f866f990bee77ec3633245351565f9b10a5b6037648fae6e363f34427f4:log:344,0xabcf6f866f990bee77ec3633245351565f9b10a5b6037648fae6e363f34427f4,0x5e38feb229039ff40648b3fafd85ebf7bc018989,0x8784c7f5a3cddd4bda66fd29c9f689cd51784163,148802.57142857142,,,,ATA,erc20,"{'value': '0x1f829a82f479324a4924', 'address': '0xa2120b9e674d3fc3875f415a7df52e382f141225', 'decimal': '0x12'}",{'blockTimestamp': '2022-01-12T08:49:26.000Z'}
10,0xd57757,0x601c9f55b800b080ce28137549c880907ab5c6288048cf688c9914bf82b42194:log:288,0x601c9f55b800b080ce28137549c880907ab5c6288048cf688c9914bf82b42194,0x5e38feb229039ff40648b3fafd85ebf7bc018989,0x8784c7f5a3cddd4bda66fd29c9f689cd51784163,1.0,,,,ATA,erc20,"{'value': '0x0de0b6b3a7640000', 'address': '0xa2120b9e674d3fc3875f415a7df52e382f141225', 'decimal': '0x12'}",{'blockTimestamp': '2022-01-12T08:45:41.000Z'}
11,0xd55549,0xe748f57c492e47935cc15f8f281fc6dc97108200506082e21f410a265a181fc4:log:75,0xe748f57c492e47935cc15f8f281fc6dc97108200506082e21f410a265a181fc4,0x42a93fe4ae13e538c1081018f970f132f0c8f44d,0x28c6c06298d514db089934071355e5743bf21d60,62500.0,,,,ATA,erc20,"{'value': '0x0d3c21bcecceda100000', 'address': '0xa2120b9e674d3fc3875f415a7df52e382f141225', 'decimal': '0x12'}",{'blockTimestamp': '2022-01-11T00:31:22.000Z'}
12,0xd54ec4,0x2b5d3006d5cbebd803ce682c98b4c8a2194072a4dd7ed4129321f58f47d0fb5b:log:551,0x2b5d3006d5cbebd803ce682c98b4c8a2194072a4dd7ed4129321f58f47d0fb5b,0xe0d9ded9532f1d2451e0ea6ca8fff517bdf0500b,0x42a93fe4ae13e538c1081018f970f132f0c8f44d,62500.0,,,,ATA,erc20,"{'value': '0x0d3c21bcecceda100000', 'address': '0xa2120b9e674d3fc3875f415a7df52e382f141225', 'decimal': '0x12'}",{'blockTimestamp': '2022-01-10T18:18:17.000Z'}
13,0xd543c0,0x557c945e9b229f7183431c82a73571260a2e466d00fab74e0385aac3e4fd3b8a:log:129,0x557c945e9b229f7183431c82a73571260a2e466d00fab74e0385aac3e4fd3b8a,0xa1d8d972560c2f8144af871db508f0b0b10a3fbf,0xf16e9b0d03470827a95cdfd0cb8a8a3b46969b91,528.0,,,,ATA,erc20,"{'value': '0x1c9f78d2893e400000', 'address': '0xa2120b9e674d3fc3875f415a7df52e382f141225', 'decimal': '0x12'}",{'blockTimestamp': '2022-01-10T07:50:39.000Z'}
14,0xd53efc,0x5964129bb57aa8e427f664d350f72274cad8c129c5b7090a60f4ef6fddafd3d5:log:218,0x5964129bb57aa8e427f664d350f72274cad8c129c5b7090a60f4ef6fddafd3d5,0xdfd5293d8e347dfe59e90efd55b2956a1343963d,0xf1127d90f1022881c147a78289b8ba32b15d05c4,2500.0,,,,ATA,erc20,"{'value': '0x878678326eac900000', 'address': '0xa2120b9e674d3fc3875f415a7df52e382f141225', 'decimal': '0x12'}",{'blockTimestamp': '2022-01-10T03:13:26.000Z'}
15,0xd52021,0x65efe375dc1b08f5514c4b9f8b6ddb727201b5e1d5d603b8f9f2d87bb3ea37c7:log:399,0x65efe375dc1b08f5514c4b9f8b6ddb727201b5e1d5d603b8f9f2d87bb3ea37c7,0x71b3be57e127360c92815772f0af2eb7b8c5c921,0x40ec5b33f54e0e8a33a975908c5ba1c14e5bbbdf,3955.0000000000005,,,,ATA,erc20,"{'value': '0xd666a699830dec0000', 'address': '0xa2120b9e674d3fc3875f415a7df52e382f141225', 'decimal': '0x12'}",{'blockTimestamp': '2022-01-08T22:07:40.000Z'}
16,0xd51ff4,0x6e0c326ae42f85d111527bc611958cf53e051e259dbe5f5de5fcb186d99faa08:log:25,0x6e0c326ae42f85d111527bc611958cf53e051e259dbe5f5de5fcb186d99faa08,0x21a31ee1afc51d94c2efccaa2092ad1028285549,0x71b3be57e127360c92815772f0af2eb7b8c5c921,3955.0000000000005,,,,ATA,erc20,"{'value': '0xd666a699830dec0000', 'address': '0xa2120b9e674d3fc3875f415a7df52e382f141225', 'decimal': '0x12'}",{'blockTimestamp': '2022-01-08T21:58:53.000Z'}
17,0xd51a7e,0xd76b0eb20c4f1e9dbbdcc8dae268964fde242025f932f23ca41883eda8e14700:log:33,0xd76b0eb20c4f1e9dbbdcc8dae268964fde242025f932f23ca41883eda8e14700,0x71b3be57e127360c92815772f0af2eb7b8c5c921,0x40ec5b33f54e0e8a33a975908c5ba1c14e5bbbdf,2955.0000000000005,,,,ATA,erc20,"{'value': '0xa030dcebbd2f4c0000', 'address': '0xa2120b9e674d3fc3875f415a7df52e382f141225', 'decimal': '0x12'}",{'blockTimestamp': '2022-01-08T16:53:09.000Z'}
18,0xd51a5c,0xb01fb197207696828701ba0c464713ef59064e2da964f8929d80370f0622aaf6:log:12,0xb01fb197207696828701ba0c464713ef59064e2da964f8929d80370f0622aaf6,0x28c6c06298d514db089934071355e5743bf21d60,0x71b3be57e127360c92815772f0af2eb7b8c5c921,2955.0000000000005,,,,ATA,erc20,"{'value': '0xa030dcebbd2f4c0000', 'address': '0xa2120b9e674d3fc3875f415a7df52e382f141225', 'decimal': '0x12'}",{'blockTimestamp': '2022-01-08T16:46:26.000Z'}
19,0xd50b99,0x585fdc4645fd23cff037dad4bbaba38f17a359bf30690e0757fa298bde5aa0b5:log:66,0x585fdc4645fd23cff037dad4bbaba38f17a359bf30690e0757fa298bde5aa0b5,0xa2120b9e674d3fc3875f415a7df52e382f141225,0xe0d9ded9532f1d2451e0ea6ca8fff517bdf0500b,62500.0,,,,ATA,erc20,"{'value': '0x0d3c21bcecceda100000', 'address': '0xa2120b9e674d3fc3875f415a7df52e382f141225', 'decimal': '0x12'}",{'blockTimestamp': '2022-01-08T02:41:19.000Z'}
20,0xd4fb2a,0x4ffdae8faab180d0a8cf45e3aea08aaa5add8762b15cfafbec3aca50e31083c7:log:34,0x4ffdae8faab180d0a8cf45e3aea08aaa5add8762b15cfafbec3aca50e31083c7,0xe3228d2c033ce43b22f41d404cac469633d11667,0x28c6c06298d514db089934071355e5743bf21d60,2192.0,,,,ATA,erc20,"{'value': '0x76d41c624948400000', 'address': '0xa2120b9e674d3fc3875f415a7df52e382f141225', 'decimal': '0x12'}",{'blockTimestamp': '2022-01-07T11:00:14.000Z'}
21,0xd4f262,0xc33d0c04f4ca5404ff77a9d1f50ec4691e8c5bd2f9385506ae57715a87715983:log:70,0xc33d0c04f4ca5404ff77a9d1f50ec4691e8c5bd2f9385506ae57715a87715983,0x21a31ee1afc51d94c2efccaa2092ad1028285549,0x3e8442a01268bac1c5bc697f2ea991b2d037ce6e,12973.053,,,,ATA,erc20,"{'value': '0x02bf4546d951c3ac8000', 'address': '0xa2120b9e674d3fc3875f415a7df52e382f141225', 'decimal': '0x12'}",{'blockTimestamp': '2022-01-07T02:36:41.000Z'}
22,0xd4f234,0xa19283d23f30295930ce240a66fe0946d05d394d5dfa2b7e2831c8b7421084e5:log:101,0xa19283d23f30295930ce240a66fe0946d05d394d5dfa2b7e2831c8b7421084e5,0x28c6c06298d514db089934071355e5743bf21d60,0x3e8442a01268bac1c5bc697f2ea991b2d037ce6e,204.0,,,,ATA,erc20,"{'value': '0x0b0f11972963b00000', 'address': '0xa2120b9e674d3fc3875f415a7df52e382f141225', 'decimal': '0x12'}",{'blockTimestamp': '2022-01-07T02:25:00.000Z'}
23,0xd4f179,0x338f949409843367abb42fb1ac90581bb48075cfc660a1a2292ce6e0f067c6f7:log:58,0x338f949409843367abb42fb1ac90581bb48075cfc660a1a2292ce6e0f067c6f7,0xdfd5293d8e347dfe59e90efd55b2956a1343963d,0xf30d16e0402b198cb175502567f99043ca695ace,154.0,,,,ATA,erc20,"{'value': '0x08592de812b2280000', 'address': '0xa2120b9e674d3fc3875f415a7df52e382f141225', 'decimal': '0x12'}",{'blockTimestamp': '2022-01-07T01:45:37.000Z'}
24,0xd4ee9b,0xea8f0680cfc3b93fc2d540a92b914785ca32da7da4126cabafcd6d9a1b7f07b9:log:5,0xea8f0680cfc3b93fc2d540a92b914785ca32da7da4126cabafcd6d9a1b7f07b9,0x21a31ee1afc51d94c2efccaa2092ad1028285549,0x963d616405c969d16d8bec357eabd3518dec2853,593.2710000000001,,,,ATA,erc20,"{'value': '0x202949ff372cc58000', 'address': '0xa2120b9e674d3fc3875f415a7df52e382f141225', 'decimal': '0x12'}",{'blockTimestamp': '2022-01-06T23:02:57.000Z'}
25,0xd4ee7f,0x6d74634a169bc09cfa0eb37cd122e0d9e8ac57b52477d167af2d9f6cfd73adf7:log:53,0x6d74634a169bc09cfa0eb37cd122e0d9e8ac57b52477d167af2d9f6cfd73adf7,0x28c6c06298d514db089934071355e5743bf21d60,0x963d616405c969d16d8bec357eabd3518dec2853,45.0,,,,ATA,erc20,"{'value': '0x0270801d946c940000', 'address': '0xa2120b9e674d3fc3875f415a7df52e382f141225', 'decimal': '0x12'}",{'blockTimestamp': '2022-01-06T22:56:53.000Z'}
26,0xd4ecdf,0x920466e7f7a5f2843a29d8c02acf30bf9d40879afb0d30c8b24c6b6674babd2e:log:476,0x920466e7f7a5f2843a29d8c02acf30bf9d40879afb0d30c8b24c6b6674babd2e,0x71b3be57e127360c92815772f0af2eb7b8c5c921,0x40ec5b33f54e0e8a33a975908c5ba1c14e5bbbdf,2955.0000000000005,,,,ATA,erc20,"{'value': '0xa030dcebbd2f4c0000', 'address': '0xa2120b9e674d3fc3875f415a7df52e382f141225', 'decimal': '0x12'}",{'blockTimestamp': '2022-01-06T21:21:45.000Z'}
27,0xd4ec7c,0x9fa4d339ec8a7f62e7d9f7f79fc86dde89a99e220008d0cba05bfbc8cc6b96ce:log:53,0x9fa4d339ec8a7f62e7d9f7f79fc86dde89a99e220008d0cba05bfbc8cc6b96ce,0xdfd5293d8e347dfe59e90efd55b2956a1343963d,0x71b3be57e127360c92815772f0af2eb7b8c5c921,2955.0000000000005,,,,ATA,erc20,"{'value': '0xa030dcebbd2f4c0000', 'address': '0xa2120b9e674d3fc3875f415a7df52e382f141225', 'decimal': '0x12'}",{'blockTimestamp': '2022-01-06T21:00:39.000Z'}
28,0xd4dee6,0x26d25dcaf538e4b3b75e6444bf7bbda63f05ce4858c3389357897ea8d6789b60:log:59,0x26d25dcaf538e4b3b75e6444bf7bbda63f05ce4858c3389357897ea8d6789b60,0x21a31ee1afc51d94c2efccaa2092ad1028285549,0x4bc1ed3f0b63e0f4520f03a3c97891527f0309bb,71.84838074,,,,ATA,erc20,"{'value': '0x03e518b99d2eb7a800', 'address': '0xa2120b9e674d3fc3875f415a7df52e382f141225', 'decimal': '0x12'}",{'blockTimestamp': '2022-01-06T08:05:02.000Z'}
29,0xd4d92e,0x41d2b5637aee4d0c0d991917caf2d8d5c771880116fc07f821281b8842abf67b:log:97,0x41d2b5637aee4d0c0d991917caf2d8d5c771880116fc07f821281b8842abf67b,0x28c6c06298d514db089934071355e5743bf21d60,0x20e74b82e9c2b24063c516397cd1fc2eeeb17cc0,32024.72,,,,ATA,erc20,"{'value': '0x06c81044cdc2f3a80000', 'address': '0xa2120b9e674d3fc3875f415a7df52e382f141225', 'decimal': '0x12'}",{'blockTimestamp': '2022-01-06T02:30:35.000Z'}
30,0xd4d724,0xb68784c608b77e21bf1467f9f44f60663a284b6f49bfde37cb0ac6741b9ed09d:log:216,0xb68784c608b77e21bf1467f9f44f60663a284b6f49bfde37cb0ac6741b9ed09d,0x475b49961a9f0d096579dfd451e26de865d64e42,0x28c6c06298d514db089934071355e5743bf21d60,10587.693399999998,,,,ATA,erc20,"{'value': '0x023df5c32b4bd3cd8000', 'address': '0xa2120b9e674d3fc3875f415a7df52e382f141225', 'decimal': '0x12'}",{'blockTimestamp': '2022-01-06T00:30:10.000Z'}
31,0xd4d54f,0x4bae1586daebdadd8e331b9d34981f4465d02c198193b115d79ce3f31d3a3400:log:514,0x4bae1586daebdadd8e331b9d34981f4465d02c198193b115d79ce3f31d3a3400,0xf2e553cbc4de524fa92706596fc0cb9bd66c23f7,0x475b49961a9f0d096579dfd451e26de865d64e42,10587.693399999998,,,,ATA,erc20,"{'value': '0x023df5c32b4bd3cd8000', 'address': '0xa2120b9e674d3fc3875f415a7df52e382f141225', 'decimal': '0x12'}",{'blockTimestamp': '2022-01-05T22:48:33.000Z'}
32,0xd4d46c,0xe0651678bf13dd0f4e9541e1b8d652f218dd140de96586d45f700999ab75d323:log:122,0xe0651678bf13dd0f4e9541e1b8d652f218dd140de96586d45f700999ab75d323,0x29984d1f9055cafb02dcdd53c54b727902e44975,0x28c6c06298d514db089934071355e5743bf21d60,116491.38,,,,ATA,erc20,"{'value': '0x18ab02a7303783f20000', 'address': '0xa2120b9e674d3fc3875f415a7df52e382f141225', 'decimal': '0x12'}",{'blockTimestamp': '2022-01-05T22:01:04.000Z'}
33,0xd4d418,0x93b520ff7e0d21769fa8704f6f5beac444b1ea7a8a6a45ea34b5926d6db7e0c4:log:290,0x93b520ff7e0d21769fa8704f6f5beac444b1ea7a8a6a45ea34b5926d6db7e0c4,0xf2e553cbc4de524fa92706596fc0cb9bd66c23f7,0x658a710a275f04d477974e34979e8e18d7ab192c,7000.0,,,,ATA,erc20,"{'value': '0x017b7883c06916600000', 'address': '0xa2120b9e674d3fc3875f415a7df52e382f141225', 'decimal': '0x12'}",{'blockTimestamp': '2022-01-05T21:44:30.000Z'}
34,0xd4d3e1,0x9f560c849c6f57f6c435e4886f1f3a57ad652ed279d4203bb4ff020a42aa2742:log:81,0x9f560c849c6f57f6c435e4886f1f3a57ad652ed279d4203bb4ff020a42aa2742,0x0d0707963952f2fba59dd06f2b425ace40b492fe,0x4414b2591f28a79f8edd526e0d39668d53189af4,25.477668,,,,ATA,erc20,"{'value': '0x016192dc0f3d564000', 'address': '0xa2120b9e674d3fc3875f415a7df52e382f141225', 'decimal': '0x12'}",{'blockTimestamp': '2022-01-05T21:30:22.000Z'}
35,0xd4d288,0x4f6d69877cdad5a7bb0db98179ac08ffa2e5a3717f8eec2e20e636439a34f96f:log:144,0x4f6d69877cdad5a7bb0db98179ac08ffa2e5a3717f8eec2e20e636439a34f96f,0x95b564f3b3bae3f206aa418667ba000afafacc8a,0x29984d1f9055cafb02dcdd53c54b727902e44975,116491.38,,,,ATA,erc20,"{'value': '0x18ab02a7303783f20000', 'address': '0xa2120b9e674d3fc3875f415a7df52e382f141225', 'decimal': '0x12'}",{'blockTimestamp': '2022-01-05T20:12:28.000Z'}
36,0xd4cb57,0x0da18127e39c12b657b9d5402822af3b5378eb2912558df6142290c15e6d8764:log:267,0x0da18127e39c12b657b9d5402822af3b5378eb2912558df6142290c15e6d8764,0x74de5d4fcbf63e00296fd95d33236b9794016631,0xe853f94e2a12ce864bfe32fa9d57e081a9b96db8,489.1697949740676,,,,ATA,erc20,"{'value': '0x1a849838cbd7f621bf', 'address': '0xa2120b9e674d3fc3875f415a7df52e382f141225', 'decimal': '0x12'}",{'blockTimestamp': '2022-01-05T13:25:34.000Z'}
37,0xd4cb57,0x0da18127e39c12b657b9d5402822af3b5378eb2912558df6142290c15e6d8764:log:263,0x0da18127e39c12b657b9d5402822af3b5378eb2912558df6142290c15e6d8764,0x5654d65578cda52791879751141f2f3d7dc27fe4,0x74de5d4fcbf63e00296fd95d33236b9794016631,489.1697949740676,,,,ATA,erc20,"{'value': '0x1a849838cbd7f621bf', 'address': '0xa2120b9e674d3fc3875f415a7df52e382f141225', 'decimal': '0x12'}",{'blockTimestamp': '2022-01-05T13:25:34.000Z'}
38,0xd4c9eb,0x41f9cdfbf41c362b361d0f7318b705c08e7baca6b6e46e81d524f18c590e2681:log:228,0x41f9cdfbf41c362b361d0f7318b705c08e7baca6b6e46e81d524f18c590e2681,0xf16e9b0d03470827a95cdfd0cb8a8a3b46969b91,0xd6216fc19db775df9774a6e33526131da7d19a2c,212094.04862551473,,,,ATA,erc20,"{'value': '0x2ce9a433be79b7104080', 'address': '0xa2120b9e674d3fc3875f415a7df52e382f141225', 'decimal': '0x12'}",{'blockTimestamp': '2022-01-05T12:04:29.000Z'}
39,0xd4c9eb,0x4971aff400c593d7346adc9f581d0bf3b9739f4e4fed72b4187f2829108cf0c4:log:201,0x4971aff400c593d7346adc9f581d0bf3b9739f4e4fed72b4187f2829108cf0c4,0x738cf6903e6c4e699d1c2dd9ab8b67fcdb3121ea,0xd6216fc19db775df9774a6e33526131da7d19a2c,4538.31725,,,,ATA,erc20,"{'value': '0xf605cdc5d6f5a62000', 'address': '0xa2120b9e674d3fc3875f415a7df52e382f141225', 'decimal': '0x12'}",{'blockTimestamp': '2022-01-05T12:04:29.000Z'}
40,0xd4c41c,0x6789a93f02d260b61812fbeb5f2c6b5d05a684ec5d1028e1768e5a11060b289e:log:20,0x6789a93f02d260b61812fbeb5f2c6b5d05a684ec5d1028e1768e5a11060b289e,0x3507e4978e0eb83315d20df86ca0b976c0e40ccb,0x28c6c06298d514db089934071355e5743bf21d60,937500.0,,,,ATA,erc20,"{'value': '0xc685fa11e01ec6f00000', 'address': '0xa2120b9e674d3fc3875f415a7df52e382f141225', 'decimal': '0x12'}",{'blockTimestamp': '2022-01-05T06:29:54.000Z'}
41,0xd4c3bf,0xc06cfd5dcd56687e408e0fc5ca871238a7a24969e2cbb92668173147f3596e7e:log:3,0xc06cfd5dcd56687e408e0fc5ca871238a7a24969e2cbb92668173147f3596e7e,0x29984d1f9055cafb02dcdd53c54b727902e44975,0x28c6c06298d514db089934071355e5743bf21d60,105564.46,,,,ATA,erc20,"{'value': '0x165aa92d09852c9e0000', 'address': '0xa2120b9e674d3fc3875f415a7df52e382f141225', 'decimal': '0x12'}",{'blockTimestamp': '2022-01-05T06:09:55.000Z'}
42,0xd4bd6e,0x6dbddc771f659535ceb7e5201f5b2085e183ed12437f3138c802b74f12dabc81:log:34,0x6dbddc771f659535ceb7e5201f5b2085e183ed12437f3138c802b74f12dabc81,0x6767526a362ec6c6b1df185478e4f01506b73ff3,0x28c6c06298d514db089934071355e5743bf21d60,31981.0,,,,ATA,erc20,"{'value': '0x06c5b188296667940000', 'address': '0xa2120b9e674d3fc3875f415a7df52e382f141225', 'decimal': '0x12'}",{'blockTimestamp': '2022-01-05T00:02:21.000Z'}
43,0xd4bd48,0xe17569ced003be90adcf0f6fdc4eba1f63dbaa1b58ef9875ec5114e7480db5e4:log:233,0xe17569ced003be90adcf0f6fdc4eba1f63dbaa1b58ef9875ec5114e7480db5e4,0xe5d0ef77aed07c302634dc370537126a2cd26590,0x3507e4978e0eb83315d20df86ca0b976c0e40ccb,937500.0,,,,ATA,erc20,"{'value': '0xc685fa11e01ec6f00000', 'address': '0xa2120b9e674d3fc3875f415a7df52e382f141225', 'decimal': '0x12'}",{'blockTimestamp': '2022-01-04T23:51:04.000Z'}
44,0xd4bd29,0xc63783b257e210b2d1a6642e4764d61d6875652a8502ae878fee377dd22d0ab8:log:1,0xc63783b257e210b2d1a6642e4764d61d6875652a8502ae878fee377dd22d0ab8,0xa2120b9e674d3fc3875f415a7df52e382f141225,0xe5d0ef77aed07c302634dc370537126a2cd26590,937500.0,,,,ATA,erc20,"{'value': '0xc685fa11e01ec6f00000', 'address': '0xa2120b9e674d3fc3875f415a7df52e382f141225', 'decimal': '0x12'}",{'blockTimestamp': '2022-01-04T23:46:14.000Z'}
45,0xd4bb77,0x5860d86afd9a990fe1133c7029d3b2b3026c8caca2cb7781db42e82f9994b537:log:132,0x5860d86afd9a990fe1133c7029d3b2b3026c8caca2cb7781db42e82f9994b537,0xe587afd6bee69b53caa5bb538c04fe5554ca44a7,0x82e4587918a3e7db291c7ab694eb4dc671754cee,124.0,,,,ATA,erc20,"{'value': '0x06b8d87f0514700000', 'address': '0xa2120b9e674d3fc3875f415a7df52e382f141225', 'decimal': '0x12'}",{'blockTimestamp': '2022-01-04T22:12:58.000Z'}
46,0xd4b98b,0x09a52d53e065a6578ef9366e56e31bab423a77d935478a8f6fc697ec541a17c0:log:253,0x09a52d53e065a6578ef9366e56e31bab423a77d935478a8f6fc697ec541a17c0,0x3c02290922a3618a4646e3bbca65853ea45fe7c6,0x6767526a362ec6c6b1df185478e4f01506b73ff3,31981.0,,,,ATA,erc20,"{'value': '0x06c5b188296667940000', 'address': '0xa2120b9e674d3fc3875f415a7df52e382f141225', 'decimal': '0x12'}",{'blockTimestamp': '2022-01-04T20:32:00.000Z'}
47,0xd4b4e3,0x7821657867688577019e241ff4ad3c93a9816c2b35e58713b9b76d2a06d12fdb:log:121,0x7821657867688577019e241ff4ad3c93a9816c2b35e58713b9b76d2a06d12fdb,0x95b564f3b3bae3f206aa418667ba000afafacc8a,0x29984d1f9055cafb02dcdd53c54b727902e44975,105564.46,,,,ATA,erc20,"{'value': '0x165aa92d09852c9e0000', 'address': '0xa2120b9e674d3fc3875f415a7df52e382f141225', 'decimal': '0x12'}",{'blockTimestamp': '2022-01-04T16:02:02.000Z'}
48,0xd4b0c0,0x76218c62d10850768a54a154a2f40aa407a5a676216955786ed7cf25a5898512:log:37,0x76218c62d10850768a54a154a2f40aa407a5a676216955786ed7cf25a5898512,0xf16e9b0d03470827a95cdfd0cb8a8a3b46969b91,0xd6216fc19db775df9774a6e33526131da7d19a2c,424188.09725102945,,,,ATA,erc20,"{'value': '0x59d348677cf36e208101', 'address': '0xa2120b9e674d3fc3875f415a7df52e382f141225', 'decimal': '0x12'}",{'blockTimestamp': '2022-01-04T12:03:03.000Z'}
49,0xd4b0bf,0x8e515baee43ec28a6e3a2d247bd0c323f9b6ed2e52cddbcc222c07349c5a56d1:log:239,0x8e515baee43ec28a6e3a2d247bd0c323f9b6ed2e52cddbcc222c07349c5a56d1,0x738cf6903e6c4e699d1c2dd9ab8b67fcdb3121ea,0xd6216fc19db775df9774a6e33526131da7d19a2c,9076.6345,,,,ATA,erc20,"{'value': '0x01ec0b9b8badeb4c4000', 'address': '0xa2120b9e674d3fc3875f415a7df52e382f141225', 'decimal': '0x12'}",{'blockTimestamp': '2022-01-04T12:02:34.000Z'}
50,0xd4add2,0x8f1d310bf25bf3bdacf029eaa349bcf35500d8ae629be98279c0e11ab0529169:log:49,0x8f1d310bf25bf3bdacf029eaa349bcf35500d8ae629be98279c0e11ab0529169,0xdfd5293d8e347dfe59e90efd55b2956a1343963d,0x395b38994aab486338801f09383eeb5c1ebc30e0,95.95397363000001,,,,ATA,erc20,"{'value': '0x0533a0fea16b596c00', 'address': '0xa2120b9e674d3fc3875f415a7df52e382f141225', 'decimal': '0x12'}",{'blockTimestamp': '2022-01-04T09:13:23.000Z'}
51,0xd4a40b,0xfabc5378f62dbc07cfac6b1dccf1c2ef3ae40467dd51679619764030b860d31f:log:81,0xfabc5378f62dbc07cfac6b1dccf1c2ef3ae40467dd51679619764030b860d31f,0x95c7f82235934b9c5790449a2e22ab2e469eedff,0x28c6c06298d514db089934071355e5743bf21d60,19950.0,,,,ATA,erc20,"{'value': '0x04397ddde45eb2f80000', 'address': '0xa2120b9e674d3fc3875f415a7df52e382f141225', 'decimal': '0x12'}",{'blockTimestamp': '2022-01-03T23:59:39.000Z'}
52,0xd49c2c,0xf8f66be00ef9ad5cc1c17b90d9d465bf961aeb2a172ea258551af3d058af5aec:log:145,0xf8f66be00ef9ad5cc1c17b90d9d465bf961aeb2a172ea258551af3d058af5aec,0x21a31ee1afc51d94c2efccaa2092ad1028285549,0x45c89ad67a1725541785936841f03d934a018dfe,4900.0,,,,ATA,erc20,"{'value': '0x0109a12906aff6100000', 'address': '0xa2120b9e674d3fc3875f415a7df52e382f141225', 'decimal': '0x12'}",{'blockTimestamp': '2022-01-03T16:40:34.000Z'}
53,0xd49422,0x31e2c4164a5ce0ec0181ad1e422049d70cbfa2eba199f9fe6e393414ed0cb552:log:28,0x31e2c4164a5ce0ec0181ad1e422049d70cbfa2eba199f9fe6e393414ed0cb552,0x920144d5cd97df258c40f57b43df7474611fe6a2,0xa1d8d972560c2f8144af871db508f0b0b10a3fbf,528.0,,,,ATA,erc20,"{'value': '0x1c9f78d2893e400000', 'address': '0xa2120b9e674d3fc3875f415a7df52e382f141225', 'decimal': '0x12'}",{'blockTimestamp': '2022-01-03T08:51:50.000Z'}
54,0xd493aa,0x7f61d9050bd8457738124930764a6e0cd3d641c6adab1d35e47d7b06afc80e25:log:363,0x7f61d9050bd8457738124930764a6e0cd3d641c6adab1d35e47d7b06afc80e25,0x046c80595f493d0d9c73585e8e7a67ee462ec58d,0x920144d5cd97df258c40f57b43df7474611fe6a2,528.0,,,,ATA,erc20,"{'value': '0x1c9f78d2893e400000', 'address': '0xa2120b9e674d3fc3875f415a7df52e382f141225', 'decimal': '0x12'}",{'blockTimestamp': '2022-01-03T08:27:18.000Z'}
55,0xd487a1,0xe09c0e1db8814ddc9dd5814cb1554f93871939e5b161eeb8afa0eb84dcd6e7fc:log:117,0xe09c0e1db8814ddc9dd5814cb1554f93871939e5b161eeb8afa0eb84dcd6e7fc,0x6767526a362ec6c6b1df185478e4f01506b73ff3,0x28c6c06298d514db089934071355e5743bf21d60,31047.0,,,,ATA,erc20,"{'value': '0x06930fad95f1b0bc0000', 'address': '0xa2120b9e674d3fc3875f415a7df52e382f141225', 'decimal': '0x12'}",{'blockTimestamp': '2022-01-02T21:03:48.000Z'}
56,0xd47dc5,0x70d67db6b53ccb17720ec95b1324b47d6341d58ec5c45687145e7059233bc26c:log:431,0x70d67db6b53ccb17720ec95b1324b47d6341d58ec5c45687145e7059233bc26c,0x901052118a8e802dfbbb79dcc996b14151e99059,0x95c7f82235934b9c5790449a2e22ab2e469eedff,19950.0,,,,ATA,erc20,"{'value': '0x04397ddde45eb2f80000', 'address': '0xa2120b9e674d3fc3875f415a7df52e382f141225', 'decimal': '0x12'}",{'blockTimestamp': '2022-01-02T11:56:17.000Z'}
57,0xd47228,0xbc6a25138542d87e7771b79831dccff3b33d23e5e9e2b2c4a39584e22151f21f:log:340,0xbc6a25138542d87e7771b79831dccff3b33d23e5e9e2b2c4a39584e22151f21f,0x3c02290922a3618a4646e3bbca65853ea45fe7c6,0x6767526a362ec6c6b1df185478e4f01506b73ff3,31047.0,,,,ATA,erc20,"{'value': '0x06930fad95f1b0bc0000', 'address': '0xa2120b9e674d3fc3875f415a7df52e382f141225', 'decimal': '0x12'}",{'blockTimestamp': '2022-01-02T00:42:13.000Z'}
58,0xd46b4a,0x485efa6d9dcb10deb6c9b1333299ccdc2dd0776a1b0c4129c06986dd48ad9ecb:log:42,0x485efa6d9dcb10deb6c9b1333299ccdc2dd0776a1b0c4129c06986dd48ad9ecb,0xf16e9b0d03470827a95cdfd0cb8a8a3b46969b91,0xb38e875fb36dcd451aef151c7c3fcc40282fbcc8,149.2713,,,,ATA,erc20,"{'value': '0x08178e307a0cc44000', 'address': '0xa2120b9e674d3fc3875f415a7df52e382f141225', 'decimal': '0x12'}",{'blockTimestamp': '2022-01-01T18:18:53.000Z'}
59,0xd465e9,0x344f3f428b2188e05f1e6a8c82219c948ca4d830eb5c9e698b85c8a76d6513d2:log:50,0x344f3f428b2188e05f1e6a8c82219c948ca4d830eb5c9e698b85c8a76d6513d2,0x28c6c06298d514db089934071355e5743bf21d60,0x0238b235d08fbaa46e14765e065ff09a29a55a64,57.217,,,,ATA,erc20,"{'value': '0x031a0b9e59f1868000', 'address': '0xa2120b9e674d3fc3875f415a7df52e382f141225', 'decimal': '0x12'}",{'blockTimestamp': '2022-01-01T13:07:46.000Z'}
60,0xd4655f,0xe09e9e0d90c601ba45eed0b5175c21a2508b74989f09a3db16372e53033b3f6b:log:326,0xe09e9e0d90c601ba45eed0b5175c21a2508b74989f09a3db16372e53033b3f6b,0xca63cd425d0e78ffe05a84c330bfee691242113d,0xf7babf951b80d3aa0d2ac82a7fcca4d14e6fdce5,22320.535714285714,,,,ATA,erc20,"{'value': '0x04b9ffa88ce053da2492', 'address': '0xa2120b9e674d3fc3875f415a7df52e382f141225', 'decimal': '0x12'}",{'blockTimestamp': '2022-01-01T12:35:33.000Z'}
61,0xd458a0,0x3acaffb42f3416537e3d24476609832325e0d72d17382de7f25f175ec539a874:log:161,0x3acaffb42f3416537e3d24476609832325e0d72d17382de7f25f175ec539a874,0xb309b5aac6e7039af4d6ad24ed2196a59d0f8c48,0x28c6c06298d514db089934071355e5743bf21d60,49999.99999999999,,,,ATA,erc20,"{'value': '0x0a968163f0a57b400000', 'address': '0xa2120b9e674d3fc3875f415a7df52e382f141225', 'decimal': '0x12'}",{'blockTimestamp': '2022-01-01T00:30:28.000Z'}
62,0xd44f01,0xef7ab66c080287740d20e6d054740d26e648859be18e26815cfdffb6488c3736:log:358,0xef7ab66c080287740d20e6d054740d26e648859be18e26815cfdffb6488c3736,0xc16415770ce17f438dac86f5226f1216e950e60f,0xb309b5aac6e7039af4d6ad24ed2196a59d0f8c48,49999.99999999999,,,,ATA,erc20,"{'value': '0x0a968163f0a57b400000', 'address': '0xa2120b9e674d3fc3875f415a7df52e382f141225', 'decimal': '0x12'}",{'blockTimestamp': '2021-12-31T15:15:57.000Z'}
63,0xd44c42,0x2871789f05bcd004178fad134d2fbf0742d36f4c9e8b7276431df30549eb43f0:log:335,0x2871789f05bcd004178fad134d2fbf0742d36f4c9e8b7276431df30549eb43f0,0x6d7fb24a815ce6ce8fcd3905ea09d8cf78f5521f,0x28c6c06298d514db089934071355e5743bf21d60,2084.0,,,,ATA,erc20,"{'value': '0x70f94f4e7eaa100000', 'address': '0xa2120b9e674d3fc3875f415a7df52e382f141225', 'decimal': '0x12'}",{'blockTimestamp': '2021-12-31T12:30:03.000Z'}
64,0xd44bcd,0xffa9e4c3e24a07e919b62644e71ff49824a06cf1ab96e1a405055f788daf979c:log:430,0xffa9e4c3e24a07e919b62644e71ff49824a06cf1ab96e1a405055f788daf979c,0x5a70116ce8218b55f389ed837e6ba183fdb94da1,0x738cf6903e6c4e699d1c2dd9ab8b67fcdb3121ea,18153.269,,,,ATA,erc20,"{'value': '0x03d81737175bd6988000', 'address': '0xa2120b9e674d3fc3875f415a7df52e382f141225', 'decimal': '0x12'}",{'blockTimestamp': '2021-12-31T12:07:27.000Z'}
65,0xd44bcd,0xc8d3fc3e24f8dbaffdb75aa5601838cac8a346dc25dc10c7b21e31eb617b796f:log:24,0xc8d3fc3e24f8dbaffdb75aa5601838cac8a346dc25dc10c7b21e31eb617b796f,0xdfd5293d8e347dfe59e90efd55b2956a1343963d,0x20e74b82e9c2b24063c516397cd1fc2eeeb17cc0,26733.559999999998,,,,ATA,erc20,"{'value': '0x05a93aac4b8757cc0000', 'address': '0xa2120b9e674d3fc3875f415a7df52e382f141225', 'decimal': '0x12'}",{'blockTimestamp': '2021-12-31T12:07:27.000Z'}
66,0xd44abb,0x81711b346b6401669592b71ca75be6820ff227c79276664bb883a132c5852e4d:log:50,0x81711b346b6401669592b71ca75be6820ff227c79276664bb883a132c5852e4d,0x21a31ee1afc51d94c2efccaa2092ad1028285549,0x41b7aa83596d41d781ab3652e0309b2f16c5bb72,1643.53210706,,,,ATA,erc20,"{'value': '0x591896ff9094930800', 'address': '0xa2120b9e674d3fc3875f415a7df52e382f141225', 'decimal': '0x12'}",{'blockTimestamp': '2021-12-31T11:03:22.000Z'}
67,0xd44a18,0x03ae9fc0ef466fb2a6becbdbd00cf1f22321de4fe374b6cedf93adfab049fbd9:log:83,0x03ae9fc0ef466fb2a6becbdbd00cf1f22321de4fe374b6cedf93adfab049fbd9,0x91715128a71c9c734cdc20e5edeeea02e72e428e,0x44c3d1b168be54dc31a53dda240ce6aa6108b998,1845214.2857142857,,,,ATA,erc20,"{'value': '0x0186bd44512cdc6ff92492', 'address': '0xa2120b9e674d3fc3875f415a7df52e382f141225', 'decimal': '0x12'}",{'blockTimestamp': '2021-12-31T10:26:43.000Z'}
68,0xd44a08,0x805a0660bf5c7576699a10dcc5bc151e41ca3e568aa7fedb40d17f92477ba038:log:28,0x805a0660bf5c7576699a10dcc5bc151e41ca3e568aa7fedb40d17f92477ba038,0xa2120b9e674d3fc3875f415a7df52e382f141225,0x91715128a71c9c734cdc20e5edeeea02e72e428e,1845214.2857142857,,,,ATA,erc20,"{'value': '0x0186bd44512cdc6ff92492', 'address': '0xa2120b9e674d3fc3875f415a7df52e382f141225', 'decimal': '0x12'}",{'blockTimestamp': '2021-12-31T10:24:21.000Z'}
69,0xd4400d,0x88e5408f86b7451c4e71a6dc00bf8adab519d5f63c3602e8bedc4c7d8c43fa82:log:85,0x88e5408f86b7451c4e71a6dc00bf8adab519d5f63c3602e8bedc4c7d8c43fa82,0x047096961edd5cdb887e63637027c817ae4c5eb5,0x5a70116ce8218b55f389ed837e6ba183fdb94da1,18153.269,,,,ATA,erc20,"{'value': '0x03d81737175bd6988000', 'address': '0xa2120b9e674d3fc3875f415a7df52e382f141225', 'decimal': '0x12'}",{'blockTimestamp': '2021-12-31T00:59:55.000Z'}
70,0xd43d90,0xb62bd42792d390da53fe5155a1dc2ddf2d11a28a088568982c69c60539b438cf:log:82,0xb62bd42792d390da53fe5155a1dc2ddf2d11a28a088568982c69c60539b438cf,0x36f17795b6fb7a37b3367aaf8f5093fe1367bf28,0x28c6c06298d514db089934071355e5743bf21d60,1023.933,,,,ATA,erc20,"{'value': '0x3781ecc678700c8000', 'address': '0xa2120b9e674d3fc3875f415a7df52e382f141225', 'decimal': '0x12'}",{'blockTimestamp': '2021-12-30T22:32:03.000Z'}
71,0xd43d23,0x500c119ae5f4be3b2f439aea2b1ce94ea16f67ec55b6c1d17e49dcac547bf41b:log:53,0x500c119ae5f4be3b2f439aea2b1ce94ea16f67ec55b6c1d17e49dcac547bf41b,0x9a9dd3bf6bb0dabf3c93976cd5d082c240a08525,0x28c6c06298d514db089934071355e5743bf21d60,4200.0,,,,ATA,erc20,"{'value': '0xe3aeb5737240a00000', 'address': '0xa2120b9e674d3fc3875f415a7df52e382f141225', 'decimal': '0x12'}",{'blockTimestamp': '2021-12-30T22:01:31.000Z'}
72,0xd43a33,0x5011b643b02a236b76aa04f8f971720a482c4d37a61441e6dbecc4facdb9e57b:log:164,0x5011b643b02a236b76aa04f8f971720a482c4d37a61441e6dbecc4facdb9e57b,0xa2120b9e674d3fc3875f415a7df52e382f141225,0x48a337bf30bd29b9a4b7dea7b0a1ca4ae261b6b7,14880.357142857143,,,,ATA,erc20,"{'value': '0x0326aa705deae2916db6', 'address': '0xa2120b9e674d3fc3875f415a7df52e382f141225', 'decimal': '0x12'}",{'blockTimestamp': '2021-12-30T19:20:01.000Z'}
73,0xd43949,0xb371e6f935aa7108a78c640e0ef4aeccbe1c932374e98e0fef8ef68d3f0093c2:log:49,0xb371e6f935aa7108a78c640e0ef4aeccbe1c932374e98e0fef8ef68d3f0093c2,0x2694b9c848c6d3f98516f5d7d8123a1dbcd16627,0x28c6c06298d514db089934071355e5743bf21d60,1784.60643685,,,,ATA,erc20,"{'value': '0x60be63b3109fd4f400', 'address': '0xa2120b9e674d3fc3875f415a7df52e382f141225', 'decimal': '0x12'}",{'blockTimestamp': '2021-12-30T18:32:17.000Z'}
74,0xd4392f,0x8284437d81ad3dbfbb74d8f5e66ee98ee140aa1bf119e2be736f13ead9ac3569:log:202,0x8284437d81ad3dbfbb74d8f5e66ee98ee140aa1bf119e2be736f13ead9ac3569,0x0896960b3896e48d7630c1ffff3f12f432d18718,0x9a9dd3bf6bb0dabf3c93976cd5d082c240a08525,4200.0,,,,ATA,erc20,"{'value': '0xe3aeb5737240a00000', 'address': '0xa2120b9e674d3fc3875f415a7df52e382f141225', 'decimal': '0x12'}",{'blockTimestamp': '2021-12-30T18:26:43.000Z'}
75,0xd4361c,0xedac2330e73d644a325d44fa7bba4fbbc9bdf5f82875a67aedc197de566d193f:log:38,0xedac2330e73d644a325d44fa7bba4fbbc9bdf5f82875a67aedc197de566d193f,0xe06e529e539aec1cd12f033943948e29081df5b4,0x28c6c06298d514db089934071355e5743bf21d60,1985.80525469,,,,ATA,erc20,"{'value': '0x6ba6957de4b58ed400', 'address': '0xa2120b9e674d3fc3875f415a7df52e382f141225', 'decimal': '0x12'}",{'blockTimestamp': '2021-12-30T15:32:28.000Z'}
76,0xd4361b,0x413bcb62eebd5043b9b274d2b4aecda3853d5827dc0422013ddd36a393ad7e9d:log:4,0x413bcb62eebd5043b9b274d2b4aecda3853d5827dc0422013ddd36a393ad7e9d,0xdeb1e8128debf62f41616b9b83275e5eea9033c7,0x28c6c06298d514db089934071355e5743bf21d60,1985.06865349,,,,ATA,erc20,"{'value': '0x6b9c5c8f01326e7400', 'address': '0xa2120b9e674d3fc3875f415a7df52e382f141225', 'decimal': '0x12'}",{'blockTimestamp': '2021-12-30T15:32:26.000Z'}
77,0xd4361b,0x6002717920953eed101178878910f11dce272c702f63a741a566113e0d67ea6d:log:3,0x6002717920953eed101178878910f11dce272c702f63a741a566113e0d67ea6d,0xab59710c3d647d99e64ca2f051cf5f3f16fb882b,0x28c6c06298d514db089934071355e5743bf21d60,2000.0,,,,ATA,erc20,"{'value': '0x6c6b935b8bbd400000', 'address': '0xa2120b9e674d3fc3875f415a7df52e382f141225', 'decimal': '0x12'}",{'blockTimestamp': '2021-12-30T15:32:26.000Z'}
78,0xd43566,0x404bb594ca4be70be5453ed4b89926b6c1252291e2e4bd9eec073e3dabda12c9:log:97,0x404bb594ca4be70be5453ed4b89926b6c1252291e2e4bd9eec073e3dabda12c9,0x28c6c06298d514db089934071355e5743bf21d60,0x0896960b3896e48d7630c1ffff3f12f432d18718,4200.0,,,,ATA,erc20,"{'value': '0xe3aeb5737240a00000', 'address': '0xa2120b9e674d3fc3875f415a7df52e382f141225', 'decimal': '0x12'}",{'blockTimestamp': '2021-12-30T14:49:58.000Z'}
79,0xd4351f,0x6841d71d814a6b32da7686208d489b6e60b56054be7718a508862e491f47ac8f:log:33,0x6841d71d814a6b32da7686208d489b6e60b56054be7718a508862e491f47ac8f,0x12e2a09cd2ef35c158fd842d28b52384250c7842,0x28c6c06298d514db089934071355e5743bf21d60,3558.0,,,,ATA,erc20,"{'value': '0xc0e12b44e877d80000', 'address': '0xa2120b9e674d3fc3875f415a7df52e382f141225', 'decimal': '0x12'}",{'blockTimestamp': '2021-12-30T14:32:02.000Z'}
80,0xd434ab,0x7fceeb5aaf0b026d78c5c760f818379de3f0322297ca8fcbb94541fc5c6c4534:log:90,0x7fceeb5aaf0b026d78c5c760f818379de3f0322297ca8fcbb94541fc5c6c4534,0xd8259173fb6ae1fb2462213bc1fe951c41a35a59,0x28c6c06298d514db089934071355e5743bf21d60,2165.94319864,,,,ATA,erc20,"{'value': '0x756a8007811288e000', 'address': '0xa2120b9e674d3fc3875f415a7df52e382f141225', 'decimal': '0x12'}",{'blockTimestamp': '2021-12-30T14:02:04.000Z'}
81,0xd431dd,0xb6ed9aac3096521a5ca15ccd74860a7c36c6039311adcf28a9efa6956f39741f:log:79,0xb6ed9aac3096521a5ca15ccd74860a7c36c6039311adcf28a9efa6956f39741f,0x77df669df29861e90299977cc0ee364223bfdda2,0x28c6c06298d514db089934071355e5743bf21d60,2904.2661945100003,,,,ATA,erc20,"{'value': '0x9d70ca3c71f0158c00', 'address': '0xa2120b9e674d3fc3875f415a7df52e382f141225', 'decimal': '0x12'}",{'blockTimestamp': '2021-12-30T11:29:53.000Z'}
82,0xd4299a,0xed9a1ee8e0dbde55f877df2083bff345844f2bd9dddbdf4d5c0029a66f7d4c25:log:166,0xed9a1ee8e0dbde55f877df2083bff345844f2bd9dddbdf4d5c0029a66f7d4c25,0xdfd5293d8e347dfe59e90efd55b2956a1343963d,0x20e74b82e9c2b24063c516397cd1fc2eeeb17cc0,26353.9,,,,ATA,erc20,"{'value': '0x0594a5d5050db6fe0000', 'address': '0xa2120b9e674d3fc3875f415a7df52e382f141225', 'decimal': '0x12'}",{'blockTimestamp': '2021-12-30T03:21:13.000Z'}
83,0xd425fd,0x20b8ceb83c2d8a55ed071d5446a7cc2d08d11abbf04093698e33bccaadcaea53:log:213,0x20b8ceb83c2d8a55ed071d5446a7cc2d08d11abbf04093698e33bccaadcaea53,0xe775c6e103488571c57c0de8bf8bacc73e71fbad,0x28c6c06298d514db089934071355e5743bf21d60,1896.3235578200001,,,,ATA,erc20,"{'value': '0x66ccc6a4af3a065800', 'address': '0xa2120b9e674d3fc3875f415a7df52e382f141225', 'decimal': '0x12'}",{'blockTimestamp': '2021-12-30T00:00:09.000Z'}
84,0xd425fd,0x79cd5e86d710ce5199f2478edaca26def20638eccc3f497f91c3ea920b4c3ad8:log:194,0x79cd5e86d710ce5199f2478edaca26def20638eccc3f497f91c3ea920b4c3ad8,0x72550a5e445977fb9ce3378fc75ffea0c66c4d36,0x28c6c06298d514db089934071355e5743bf21d60,2547.0000000000005,,,,ATA,erc20,"{'value': '0x8a12b9bd6a67ec0000', 'address': '0xa2120b9e674d3fc3875f415a7df52e382f141225', 'decimal': '0x12'}",{'blockTimestamp': '2021-12-30T00:00:09.000Z'}
85,0xd425fd,0xd454d0d6c77dba8020f2253bbedc7b824c53f137042ecc19cc312e3addbe3ad2:log:193,0xd454d0d6c77dba8020f2253bbedc7b824c53f137042ecc19cc312e3addbe3ad2,0x0b23c81f3e884dd8236cd2d3a7d2f5535d434c0d,0x28c6c06298d514db089934071355e5743bf21d60,2180.0254906,,,,ATA,erc20,"{'value': '0x762dee616e3dac9000', 'address': '0xa2120b9e674d3fc3875f415a7df52e382f141225', 'decimal': '0x12'}",{'blockTimestamp': '2021-12-30T00:00:09.000Z'}
86,0xd41fb6,0x4ef40a00564b4232883753b56fdbafaa6c8e943bfc07c324971a8dc15e3b3cc1:log:161,0x4ef40a00564b4232883753b56fdbafaa6c8e943bfc07c324971a8dc15e3b3cc1,0x6767526a362ec6c6b1df185478e4f01506b73ff3,0x28c6c06298d514db089934071355e5743bf21d60,26519.0,,,,ATA,erc20,"{'value': '0x059d990e0c50f7fc0000', 'address': '0xa2120b9e674d3fc3875f415a7df52e382f141225', 'decimal': '0x12'}",{'blockTimestamp': '2021-12-29T18:03:50.000Z'}
87,0xd41d4e,0xa05b70b077324fe960a7bba13f5e7e6eef7028f9c2036a5b4e6c4140495b570d:log:129,0xa05b70b077324fe960a7bba13f5e7e6eef7028f9c2036a5b4e6c4140495b570d,0x36f6fae443922642b4e8b325f051f525ae61ffe5,0xcc261ab4be137eacf57c19ed97c186b4d88004ca,333500.0,,,,ATA,erc20,"{'value': '0x469f123be14585700000', 'address': '0xa2120b9e674d3fc3875f415a7df52e382f141225', 'decimal': '0x12'}",{'blockTimestamp': '2021-12-29T15:49:21.000Z'}
88,0xd4197e,0xa6097ade6456862700de42378bb06d1535ad7a8a01d2637e9ce130620b5de77d:log:255,0xa6097ade6456862700de42378bb06d1535ad7a8a01d2637e9ce130620b5de77d,0xf16e9b0d03470827a95cdfd0cb8a8a3b46969b91,0xf2e553cbc4de524fa92706596fc0cb9bd66c23f7,16230.1424,,,,ATA,erc20,"{'value': '0x036fd678e9d1f5dc0000', 'address': '0xa2120b9e674d3fc3875f415a7df52e382f141225', 'decimal': '0x12'}",{'blockTimestamp': '2021-12-29T12:18:02.000Z'}
89,0xd417ea,0x2327fb5a56d78bdea901e1b9c5d5ffbec54fa8d937a9f45d155c9558acc06444:log:42,0x2327fb5a56d78bdea901e1b9c5d5ffbec54fa8d937a9f45d155c9558acc06444,0x21a31ee1afc51d94c2efccaa2092ad1028285549,0xf2e553cbc4de524fa92706596fc0cb9bd66c23f7,955.551,,,,ATA,erc20,"{'value': '0x33ccef1bc619498000', 'address': '0xa2120b9e674d3fc3875f415a7df52e382f141225', 'decimal': '0x12'}",{'blockTimestamp': '2021-12-29T10:46:47.000Z'}
90,0xd417c5,0x646f47106bd49a656adac8841f7eb7f4506d7d9ef02b736aef20432bf7e84540:log:2,0x646f47106bd49a656adac8841f7eb7f4506d7d9ef02b736aef20432bf7e84540,0x28c6c06298d514db089934071355e5743bf21d60,0xf2e553cbc4de524fa92706596fc0cb9bd66c23f7,402.0,,,,ATA,erc20,"{'value': '0x15cadee61cdb080000', 'address': '0xa2120b9e674d3fc3875f415a7df52e382f141225', 'decimal': '0x12'}",{'blockTimestamp': '2021-12-29T10:38:57.000Z'}
91,0xd40f54,0x19623270c732075d020b8be13ca765dce7aaf24a182792df29ac562e84dcd97b:log:50,0x19623270c732075d020b8be13ca765dce7aaf24a182792df29ac562e84dcd97b,0x9c41dbffd0d9ab5d5c24090f89b59f8baf092a1d,0x73090fefd6cbfb540dfdd7eee1373f3fa5e3c615,7.00003456,,,,ATA,erc20,"{'value': '0x61251e5834420000', 'address': '0xa2120b9e674d3fc3875f415a7df52e382f141225', 'decimal': '0x12'}",{'blockTimestamp': '2021-12-29T02:39:59.000Z'}
92,0xd40f4d,0xdabc0eae16306fb4e215c19640d16ffe8b1238dcd917cd2bcba11a2f66fb18c0:log:57,0xdabc0eae16306fb4e215c19640d16ffe8b1238dcd917cd2bcba11a2f66fb18c0,0x9c41dbffd0d9ab5d5c24090f89b59f8baf092a1d,0x73090fefd6cbfb540dfdd7eee1373f3fa5e3c615,7.00002345,,,,ATA,erc20,"{'value': '0x6125143d74a78400', 'address': '0xa2120b9e674d3fc3875f415a7df52e382f141225', 'decimal': '0x12'}",{'blockTimestamp': '2021-12-29T02:38:00.000Z'}
93,0xd40f10,0xb9b92d1778f423b24049aa2834313c1b3dabb1ce18793222ebc648758e8e4531:log:369,0xb9b92d1778f423b24049aa2834313c1b3dabb1ce18793222ebc648758e8e4531,0x9c41dbffd0d9ab5d5c24090f89b59f8baf092a1d,0x73090fefd6cbfb540dfdd7eee1373f3fa5e3c615,7.00001234,,,,ATA,erc20,"{'value': '0x61250a22b50d0800', 'address': '0xa2120b9e674d3fc3875f415a7df52e382f141225', 'decimal': '0x12'}",{'blockTimestamp': '2021-12-29T02:24:19.000Z'}
94,0xd40dcf,0xecda2de359621a95114daf1fc3e5c00d9eecea34cb4488794185288e86139f6a:log:139,0xecda2de359621a95114daf1fc3e5c00d9eecea34cb4488794185288e86139f6a,0x95b564f3b3bae3f206aa418667ba000afafacc8a,0xedc6bacdc1e29d7c5fa6f6eca6fdd447b9c487c9,433092.11,,,,ATA,erc20,"{'value': '0x5bb5f86760a881db0000', 'address': '0xa2120b9e674d3fc3875f415a7df52e382f141225', 'decimal': '0x12'}",{'blockTimestamp': '2021-12-29T01:10:44.000Z'}
95,0xd40cb0,0x9b14f94b792eba2c6d5e2df5a436bee2d753670380ceb6fc90ad41889486b0e4:log:88,0x9b14f94b792eba2c6d5e2df5a436bee2d753670380ceb6fc90ad41889486b0e4,0xdfd5293d8e347dfe59e90efd55b2956a1343963d,0x95b564f3b3bae3f206aa418667ba000afafacc8a,108935.37999999999,,,,ATA,erc20,"{'value': '0x17116616a19ee0620000', 'address': '0xa2120b9e674d3fc3875f415a7df52e382f141225', 'decimal': '0x12'}",{'blockTimestamp': '2021-12-29T00:10:33.000Z'}
96,0xd40b9f,0x9114c98444e28e5e6f5c2ad881a88c51b7adaa271076d3a16c7d9327e23c447a:log:300,0x9114c98444e28e5e6f5c2ad881a88c51b7adaa271076d3a16c7d9327e23c447a,0x3c02290922a3618a4646e3bbca65853ea45fe7c6,0x6767526a362ec6c6b1df185478e4f01506b73ff3,26519.0,,,,ATA,erc20,"{'value': '0x059d990e0c50f7fc0000', 'address': '0xa2120b9e674d3fc3875f415a7df52e382f141225', 'decimal': '0x12'}",{'blockTimestamp': '2021-12-28T23:06:05.000Z'}
97,0xd40241,0x024faa4ce3520920e91368659660d46169e09eb55dd8b1668232ff463b27bf0c:log:50,0x024faa4ce3520920e91368659660d46169e09eb55dd8b1668232ff463b27bf0c,0x21a31ee1afc51d94c2efccaa2092ad1028285549,0x95b564f3b3bae3f206aa418667ba000afafacc8a,103395.98000000001,,,,ATA,erc20,"{'value': '0x15e51b787a9ea18e0000', 'address': '0xa2120b9e674d3fc3875f415a7df52e382f141225', 'decimal': '0x12'}",{'blockTimestamp': '2021-12-28T14:15:56.000Z'}
98,0xd4013c,0x3e21c74d82f6706385083e5a0711d6522ce285f377c792a5fb0a6adf194c82da:log:199,0x3e21c74d82f6706385083e5a0711d6522ce285f377c792a5fb0a6adf194c82da,0x800dd5ef47afded46b701d923e602fdf512bd4f8,0x5465c913a36afd19c90e43a0a42a9bac0684d384,62.981,,,,ATA,erc20,"{'value': '0x036a0975cff6e08000', 'address': '0xa2120b9e674d3fc3875f415a7df52e382f141225', 'decimal': '0x12'}",{'blockTimestamp': '2021-12-28T13:13:02.000Z'}
99,0xd4001f,0x63eacc985c24823774fe28d23795c897d788b565485f0a1bb90f3d58a3aafa2a:log:38,0x63eacc985c24823774fe28d23795c897d788b565485f0a1bb90f3d58a3aafa2a,0x28c6c06298d514db089934071355e5743bf21d60,0x44c3d1b168be54dc31a53dda240ce6aa6108b998,432483.0,,,,ATA,erc20,"{'value': '0x5b94f34df2dc7fac0000', 'address': '0xa2120b9e674d3fc3875f415a7df52e382f141225', 'decimal': '0x12'}",{'blockTimestamp': '2021-12-28T12:09:53.000Z'}
100,0xd3fc48,0xca0ace3751cafdbbec4e8030abb1be1f65e1a650abb8babcd0d9d1122f6c10f1:log:59,0xca0ace3751cafdbbec4e8030abb1be1f65e1a650abb8babcd0d9d1122f6c10f1,0xdfd5293d8e347dfe59e90efd55b2956a1343963d,0x148fb66c4e584f414dcf59a1dd1126695418aa5c,44.00000001,,,,ATA,erc20,"{'value': '0x02629f66e3193be400', 'address': '0xa2120b9e674d3fc3875f415a7df52e382f141225', 'decimal': '0x12'}",{'blockTimestamp': '2021-12-28T08:33:23.000Z'}
101,0xd3fc44,0x7e347fcdcf73e1bf0793568224908881aa0caf72eaa8306ecb9731a491e6c778:log:63,0x7e347fcdcf73e1bf0793568224908881aa0caf72eaa8306ecb9731a491e6c778,0x21a31ee1afc51d94c2efccaa2092ad1028285549,0x9c41dbffd0d9ab5d5c24090f89b59f8baf092a1d,141.0001,,,,ATA,erc20,"{'value': '0x07a4c4fbe6428e4000', 'address': '0xa2120b9e674d3fc3875f415a7df52e382f141225', 'decimal': '0x12'}",{'blockTimestamp': '2021-12-28T08:32:13.000Z'}
102,0xd3fa19,0xc3cc1c646823b98367579448bfad6483e6d8bbf47108ccac0faccceadf4befb4:log:163,0xc3cc1c646823b98367579448bfad6483e6d8bbf47108ccac0faccceadf4befb4,0xa2120b9e674d3fc3875f415a7df52e382f141225,0xca63cd425d0e78ffe05a84c330bfee691242113d,22320.535714285714,,,,ATA,erc20,"{'value': '0x04b9ffa88ce053da2492', 'address': '0xa2120b9e674d3fc3875f415a7df52e382f141225', 'decimal': '0x12'}",{'blockTimestamp': '2021-12-28T06:32:14.000Z'}
103,0xd3f7f0,0x1762bad873bca403d86f79e653686762ccbfd5844d117f48f997d01009960d91:log:305,0x1762bad873bca403d86f79e653686762ccbfd5844d117f48f997d01009960d91,0x48c04ed5691981c42154c6167398f95e8f38a7ff,0x2253b21053905077601b7008c7f056eb58c9bc13,151.85369783,,,,ATA,erc20,"{'value': '0x083b64b59efaa7fc00', 'address': '0xa2120b9e674d3fc3875f415a7df52e382f141225', 'decimal': '0x12'}",{'blockTimestamp': '2021-12-28T04:19:47.000Z'}
104,0xd3f73d,0xb5e03bbb4aa28483a1f8c4e0bafbb3e633df8080e72cdd1d6773e6c7107c169e:log:344,0xb5e03bbb4aa28483a1f8c4e0bafbb3e633df8080e72cdd1d6773e6c7107c169e,0xa2120b9e674d3fc3875f415a7df52e382f141225,0x5e38feb229039ff40648b3fafd85ebf7bc018989,148803.57142857142,,,,ATA,erc20,"{'value': '0x1f82a863ab2cd9ae4924', 'address': '0xa2120b9e674d3fc3875f415a7df52e382f141225', 'decimal': '0x12'}",{'blockTimestamp': '2021-12-28T03:38:52.000Z'}
105,0xd3f534,0x79c3b4c50e174b0bf466a3ecaa2179c16b09f801556b09842e3451dba92703f1:log:192,0x79c3b4c50e174b0bf466a3ecaa2179c16b09f801556b09842e3451dba92703f1,0x28c6c06298d514db089934071355e5743bf21d60,0x20e74b82e9c2b24063c516397cd1fc2eeeb17cc0,32885.26,,,,ATA,erc20,"{'value': '0x06f6b6a9086cda4e0000', 'address': '0xa2120b9e674d3fc3875f415a7df52e382f141225', 'decimal': '0x12'}",{'blockTimestamp': '2021-12-28T01:45:50.000Z'}
106,0xd3f359,0x1a4dfee4b6ea7a1716c38efdb9706399f8fa88914d7742e1d7cd02b39f278845:log:143,0x1a4dfee4b6ea7a1716c38efdb9706399f8fa88914d7742e1d7cd02b39f278845,0xf8331a26136e2c6efafe2f5fab5646e483e886c3,0x28c6c06298d514db089934071355e5743bf21d60,1580.399,,,,ATA,erc20,"{'value': '0x55ac71252fee918000', 'address': '0xa2120b9e674d3fc3875f415a7df52e382f141225', 'decimal': '0x12'}",{'blockTimestamp': '2021-12-27T23:59:54.000Z'}
107,0xd3f359,0x739fb4e6c24a43fe05cfaca42940a36c4a10cf02045674a6352dd88f9bbc443f:log:118,0x739fb4e6c24a43fe05cfaca42940a36c4a10cf02045674a6352dd88f9bbc443f,0xc818c753d70bd981c0dc2614910c7ee8d71ba4e9,0x28c6c06298d514db089934071355e5743bf21d60,1988.03272,,,,ATA,erc20,"{'value': '0x6bc57f09ca8d9d0000', 'address': '0xa2120b9e674d3fc3875f415a7df52e382f141225', 'decimal': '0x12'}",{'blockTimestamp': '2021-12-27T23:59:54.000Z'}
108,0xd3ee3e,0x8a25ce691935682a8cb82cd5ee1735b6c250ffa9c49ad9a2a34f44cb0e0cc6d6:log:57,0x8a25ce691935682a8cb82cd5ee1735b6c250ffa9c49ad9a2a34f44cb0e0cc6d6,0xdfd5293d8e347dfe59e90efd55b2956a1343963d,0x65adfd65c67d3844619fbe7aba9d0b7dbf733e7f,55.0,,,,ATA,erc20,"{'value': '0x02fb474098f67c0000', 'address': '0xa2120b9e674d3fc3875f415a7df52e382f141225', 'decimal': '0x12'}",{'blockTimestamp': '2021-12-27T19:16:55.000Z'}
109,0xd3ed22,0xfad132a56709438cb808c5e7953c540a1b467213bb16a887a879e346bb32105a:log:71,0xfad132a56709438cb808c5e7953c540a1b467213bb16a887a879e346bb32105a,0x21a31ee1afc51d94c2efccaa2092ad1028285549,0x95b564f3b3bae3f206aa418667ba000afafacc8a,125814.75,,,,ATA,erc20,"{'value': '0x1aa46e6751e2b1a30000', 'address': '0xa2120b9e674d3fc3875f415a7df52e382f141225', 'decimal': '0x12'}",{'blockTimestamp': '2021-12-27T18:14:58.000Z'}
110,0xd3ed0d,0xdbde377cb7300e38ef988ee283ddb75887c8b7018d28c8f7da801e18a44895a9:log:92,0xdbde377cb7300e38ef988ee283ddb75887c8b7018d28c8f7da801e18a44895a9,0x28c6c06298d514db089934071355e5743bf21d60,0x95b564f3b3bae3f206aa418667ba000afafacc8a,136914.24,,,,ATA,erc20,"{'value': '0x1cfe22c5454462200000', 'address': '0xa2120b9e674d3fc3875f415a7df52e382f141225', 'decimal': '0x12'}",{'blockTimestamp': '2021-12-27T18:10:34.000Z'}
111,0xd3eb41,0xb6c8c8eb4cc4304d75e0cb63083dcc2c9b8baec17d647bca30907bbff0713f35:log:31,0xb6c8c8eb4cc4304d75e0cb63083dcc2c9b8baec17d647bca30907bbff0713f35,0xdfd5293d8e347dfe59e90efd55b2956a1343963d,0x95b564f3b3bae3f206aa418667ba000afafacc8a,94811.79,,,,ATA,erc20,"{'value': '0x1413c1e73e9b851b0000', 'address': '0xa2120b9e674d3fc3875f415a7df52e382f141225', 'decimal': '0x12'}",{'blockTimestamp': '2021-12-27T16:15:32.000Z'}
112,0xd3e801,0x906a33f085183ac946523ec89d439a4ccf0f97f4584d376074047d6abbd12c20:log:40,0x906a33f085183ac946523ec89d439a4ccf0f97f4584d376074047d6abbd12c20,0x6767526a362ec6c6b1df185478e4f01506b73ff3,0x28c6c06298d514db089934071355e5743bf21d60,31819.0,,,,ATA,erc20,"{'value': '0x06bce9548bb67a4c0000', 'address': '0xa2120b9e674d3fc3875f415a7df52e382f141225', 'decimal': '0x12'}",{'blockTimestamp': '2021-12-27T13:06:24.000Z'}
113,0xd3e387,0x2973db625bcc309c1d2588cf708ab539bd8b72deda50df8955c0a6475c167a04:log:165,0x2973db625bcc309c1d2588cf708ab539bd8b72deda50df8955c0a6475c167a04,0x3011b3cf4a8ace4d0fc95dd748dfeaeaa4af3aae,0x28c6c06298d514db089934071355e5743bf21d60,4500.0,,,,ATA,erc20,"{'value': '0xf3f20b8dfa69d00000', 'address': '0xa2120b9e674d3fc3875f415a7df52e382f141225', 'decimal': '0x12'}",{'blockTimestamp': '2021-12-27T09:00:00.000Z'}
114,0xd3e25e,0xcf85561e518f216bdc485e2232898a99c29039ec1490170c634e813d6944cfef:log:24,0xcf85561e518f216bdc485e2232898a99c29039ec1490170c634e813d6944cfef,0x21a31ee1afc51d94c2efccaa2092ad1028285549,0x9b30a672472df0fc28e47af4fa851c080a925755,4200.0,,,,ATA,erc20,"{'value': '0xe3aeb5737240a00000', 'address': '0xa2120b9e674d3fc3875f415a7df52e382f141225', 'decimal': '0x12'}",{'blockTimestamp': '2021-12-27T07:56:10.000Z'}
115,0xd3dd42,0x37450aa3c97d51265d0ef57a4c24412e47c162665f8c919c6b072722b91bad5f:log:83,0x37450aa3c97d51265d0ef57a4c24412e47c162665f8c919c6b072722b91bad5f,0x28c6c06298d514db089934071355e5743bf21d60,0xe240471e75cec073002fb710195ec5bc36276726,28531.924199999998,,,,ATA,erc20,"{'value': '0x060ab7fd63496b568000', 'address': '0xa2120b9e674d3fc3875f415a7df52e382f141225', 'decimal': '0x12'}",{'blockTimestamp': '2021-12-27T03:00:39.000Z'}
116,0xd3da0f,0xa62bd55dd27734453bfbeaf5eaa64dd2985f8ab162a41be38d10abbcf5efa82c:log:95,0xa62bd55dd27734453bfbeaf5eaa64dd2985f8ab162a41be38d10abbcf5efa82c,0x75ab6a51ec39323ada62a1eea85ae8b4402d3d32,0x28c6c06298d514db089934071355e5743bf21d60,4010.7215100000003,,,,ATA,erc20,"{'value': '0xd96bf12ba1b84c6000', 'address': '0xa2120b9e674d3fc3875f415a7df52e382f141225', 'decimal': '0x12'}",{'blockTimestamp': '2021-12-27T00:00:23.000Z'}
117,0xd3d0fc,0xbeb4fb4ce6d25789e989936248f4821a4c40a75039c4c9fa58103e2d652c3b73:log:140,0xbeb4fb4ce6d25789e989936248f4821a4c40a75039c4c9fa58103e2d652c3b73,0xa2120b9e674d3fc3875f415a7df52e382f141225,0xc16415770ce17f438dac86f5226f1216e950e60f,49999.99999999999,,,,ATA,erc20,"{'value': '0x0a968163f0a57b400000', 'address': '0xa2120b9e674d3fc3875f415a7df52e382f141225', 'decimal': '0x12'}",{'blockTimestamp': '2021-12-26T15:21:18.000Z'}
118,0xd3ceb3,0xf3f0c078aa12d8484cef3b4b3ddbbe4c6164883429665c990e58d1191192251c:log:54,0xf3f0c078aa12d8484cef3b4b3ddbbe4c6164883429665c990e58d1191192251c,0x3c02290922a3618a4646e3bbca65853ea45fe7c6,0x6767526a362ec6c6b1df185478e4f01506b73ff3,31819.0,,,,ATA,erc20,"{'value': '0x06bce9548bb67a4c0000', 'address': '0xa2120b9e674d3fc3875f415a7df52e382f141225', 'decimal': '0x12'}",{'blockTimestamp': '2021-12-26T13:08:16.000Z'}
119,0xd3c3f5,0x26147d8e6b7e55aceb99450825126381a7073d1cf1e4510c93160f7db5887292:log:102,0x26147d8e6b7e55aceb99450825126381a7073d1cf1e4510c93160f7db5887292,0x95b564f3b3bae3f206aa418667ba000afafacc8a,0xedc6bacdc1e29d7c5fa6f6eca6fdd447b9c487c9,522529.29,,,,ATA,erc20,"{'value': '0x6ea65e9c282b80c10000', 'address': '0xa2120b9e674d3fc3875f415a7df52e382f141225', 'decimal': '0x12'}",{'blockTimestamp': '2021-12-26T03:01:38.000Z'}
120,0xd3c2f2,0x8b9243ab000e412053da5eff342a14244e70c4db820492723b1d45fefa9afae4:log:114,0x8b9243ab000e412053da5eff342a14244e70c4db820492723b1d45fefa9afae4,0xdfd5293d8e347dfe59e90efd55b2956a1343963d,0x95b564f3b3bae3f206aa418667ba000afafacc8a,201434.75999999998,,,,ATA,erc20,"{'value': '0x2aa7ccdb3ce6c0740000', 'address': '0xa2120b9e674d3fc3875f415a7df52e382f141225', 'decimal': '0x12'}",{'blockTimestamp': '2021-12-26T02:00:16.000Z'}
121,0xd3c2f1,0x64bad3849195eb198a248978124a8dc05137f23feecb904ba840d440c48dbfb6:log:48,0x64bad3849195eb198a248978124a8dc05137f23feecb904ba840d440c48dbfb6,0xbbea6760b94ca4c6792f36ef4fd6eefccff2133d,0x28c6c06298d514db089934071355e5743bf21d60,1216.0,,,,ATA,erc20,"{'value': '0x41eb63d55b1b000000', 'address': '0xa2120b9e674d3fc3875f415a7df52e382f141225', 'decimal': '0x12'}",{'blockTimestamp': '2021-12-26T02:00:12.000Z'}
122,0xd3c160,0x6c8d0347384b8f37b92825dce9ac4787986ab3e1a3a28edb70966e1331eb4403:log:49,0x6c8d0347384b8f37b92825dce9ac4787986ab3e1a3a28edb70966e1331eb4403,0xbcf222d1060b5850076bf69f1503564cf5144d24,0x28c6c06298d514db089934071355e5743bf21d60,23808.571428571428,,,,ATA,erc20,"{'value': '0x050aaa4d63116a824924', 'address': '0xa2120b9e674d3fc3875f415a7df52e382f141225', 'decimal': '0x12'}",{'blockTimestamp': '2021-12-26T00:30:42.000Z'}
123,0xd3c0d1,0x5042ffcc69b0f8f5b01837c56751868e95f744d7480f641579dbb6eaeff3dbcc:log:109,0x5042ffcc69b0f8f5b01837c56751868e95f744d7480f641579dbb6eaeff3dbcc,0x6d7142ca7c87563147b9bac9659673cb777583df,0x28c6c06298d514db089934071355e5743bf21d60,5151.0,,,,ATA,erc20,"{'value': '0x01173c7c28d5151c0000', 'address': '0xa2120b9e674d3fc3875f415a7df52e382f141225', 'decimal': '0x12'}",{'blockTimestamp': '2021-12-26T00:00:45.000Z'}
124,0xd3be95,0xc9ce03b245314c88d7c8fb388b5b9f2f055ab09b5ef12f9718e79aae1ac24828:log:443,0xc9ce03b245314c88d7c8fb388b5b9f2f055ab09b5ef12f9718e79aae1ac24828,0xa0ff757077b5d796259582b2b9db99c906277007,0xbcf222d1060b5850076bf69f1503564cf5144d24,23808.571428571428,,,,ATA,erc20,"{'value': '0x050aaa4d63116a824924', 'address': '0xa2120b9e674d3fc3875f415a7df52e382f141225', 'decimal': '0x12'}",{'blockTimestamp': '2021-12-25T21:50:09.000Z'}
125,0xd3a34a,0x355874361cdc68fca850a88fb58fef04c8c75f2acc57ff556f8b58b8f2bee5a3:log:150,0x355874361cdc68fca850a88fb58fef04c8c75f2acc57ff556f8b58b8f2bee5a3,0x21a31ee1afc51d94c2efccaa2092ad1028285549,0x9a8f1cd761dcddc4e8e916cff504869556000e83,564.79696255,,,,ATA,erc20,"{'value': '0x1e9e21e504445a1c00', 'address': '0xa2120b9e674d3fc3875f415a7df52e382f141225', 'decimal': '0x12'}",{'blockTimestamp': '2021-12-24T19:59:15.000Z'}
126,0xd39f2f,0x451a7ecec0d24e48c416a188cee47c96c18b1d4450f27c97e5fcb9f0c70b37dc:log:58,0x451a7ecec0d24e48c416a188cee47c96c18b1d4450f27c97e5fcb9f0c70b37dc,0x28c6c06298d514db089934071355e5743bf21d60,0x95b564f3b3bae3f206aa418667ba000afafacc8a,101006.96,,,,ATA,erc20,"{'value': '0x156399287230a9d80000', 'address': '0xa2120b9e674d3fc3875f415a7df52e382f141225', 'decimal': '0x12'}",{'blockTimestamp': '2021-12-24T15:59:16.000Z'}
127,0xd39bb6,0xd75d756864965636f1a6a3d27a5bb2e382ba18b9999ca7b7c4e7cd72d72c75a6:log:301,0xd75d756864965636f1a6a3d27a5bb2e382ba18b9999ca7b7c4e7cd72d72c75a6,0x448404326ca923e1282b8e0d7d0ffec37c6d309a,0xf16e9b0d03470827a95cdfd0cb8a8a3b46969b91,8411.39225544,,,,ATA,erc20,"{'value': '0x01c7fb8452db44f62000', 'address': '0xa2120b9e674d3fc3875f415a7df52e382f141225', 'decimal': '0x12'}",{'blockTimestamp': '2021-12-24T12:46:22.000Z'}
128,0xd3985f,0x35fbed3eac2dfd045feb593e01066d0293dc5d2ab62f58d5ebd19432dafe45c7:log:19,0x35fbed3eac2dfd045feb593e01066d0293dc5d2ab62f58d5ebd19432dafe45c7,0xa9d3dd32a34c9289223bf0fb3636a5224b032ab7,0x28c6c06298d514db089934071355e5743bf21d60,8420.0,,,,ATA,erc20,"{'value': '0x01c872f92ced95100000', 'address': '0xa2120b9e674d3fc3875f415a7df52e382f141225', 'decimal': '0x12'}",{'blockTimestamp': '2021-12-24T09:30:34.000Z'}
129,0xd39651,0xdc5646ee6e972f541311016af701ed6e9962fb6e165b876700564f5d3bc09a36:log:104,0xdc5646ee6e972f541311016af701ed6e9962fb6e165b876700564f5d3bc09a36,0xc85b9663383f66097053833c68ba93fd05b040f5,0x28c6c06298d514db089934071355e5743bf21d60,14923.65479564,,,,ATA,erc20,"{'value': '0x0329035087b904f8b000', 'address': '0xa2120b9e674d3fc3875f415a7df52e382f141225', 'decimal': '0x12'}",{'blockTimestamp': '2021-12-24T07:30:17.000Z'}
130,0xd39374,0x72f93b61b8a97417eb19339fc80689b48efa02867837a3e66ca308bb128197a0:log:22,0x72f93b61b8a97417eb19339fc80689b48efa02867837a3e66ca308bb128197a0,0x00b9e69051e0b5787b8d2a9a0308e415294e6b8a,0x28c6c06298d514db089934071355e5743bf21d60,107999.28779999999,,,,ATA,erc20,"{'value': '0x16dea733115982778000', 'address': '0xa2120b9e674d3fc3875f415a7df52e382f141225', 'decimal': '0x12'}",{'blockTimestamp': '2021-12-24T04:53:16.000Z'}
131,0xd390cb,0x8d53d32136ec3860da7da2af6c0113244e226baabda0ddf09c8eb8647a73f737:log:137,0x8d53d32136ec3860da7da2af6c0113244e226baabda0ddf09c8eb8647a73f737,0xf05e2a70346560d3228c7002194bb7c5dc8fe100,0x28c6c06298d514db089934071355e5743bf21d60,1005101.3999999999,,,,ATA,erc20,"{'value': '0xd4d6a7f45c8d7abc0000', 'address': '0xa2120b9e674d3fc3875f415a7df52e382f141225', 'decimal': '0x12'}",{'blockTimestamp': '2021-12-24T02:30:05.000Z'}
132,0xd38fc8,0xac59677428079ef6832064c133ba0d8f2f792f96c003281849d93a7c8bb0b038:log:160,0xac59677428079ef6832064c133ba0d8f2f792f96c003281849d93a7c8bb0b038,0x4e091b3022e86dce8fcbe87e7191b0f3a48f3406,0x448404326ca923e1282b8e0d7d0ffec37c6d309a,8411.39225544,,,,ATA,erc20,"{'value': '0x01c7fb8452db44f62000', 'address': '0xa2120b9e674d3fc3875f415a7df52e382f141225', 'decimal': '0x12'}",{'blockTimestamp': '2021-12-24T01:30:46.000Z'}
133,0xd3888a,0x0826db3f4de8ecb2b344da93a53d74c23a95eca88ce15e945e83caccfaa0bc48:log:52,0x0826db3f4de8ecb2b344da93a53d74c23a95eca88ce15e945e83caccfaa0bc48,0xdfd5293d8e347dfe59e90efd55b2956a1343963d,0x95b564f3b3bae3f206aa418667ba000afafacc8a,102387.97,,,,ATA,erc20,"{'value': '0x15ae76859049180d0000', 'address': '0xa2120b9e674d3fc3875f415a7df52e382f141225', 'decimal': '0x12'}",{'blockTimestamp': '2021-12-23T18:28:40.000Z'}
134,0xd38761,0x63ba0aa43dac57b1679da4a78835e1cc709fd3895513c6128ce70134d417c16f:log:275,0x63ba0aa43dac57b1679da4a78835e1cc709fd3895513c6128ce70134d417c16f,0xf584f8728b874a6a5c7a8d4d387c9aae9172d621,0xf05e2a70346560d3228c7002194bb7c5dc8fe100,1005101.3999999999,,,,ATA,erc20,"{'value': '0xd4d6a7f45c8d7abc0000', 'address': '0xa2120b9e674d3fc3875f415a7df52e382f141225', 'decimal': '0x12'}",{'blockTimestamp': '2021-12-23T17:27:05.000Z'}
135,0xd38427,0xbb8a51c7b1d28e271f007fb14a7c0d6ca90497e2d8b9de252c0218b874408344:log:42,0xbb8a51c7b1d28e271f007fb14a7c0d6ca90497e2d8b9de252c0218b874408344,0x21a31ee1afc51d94c2efccaa2092ad1028285549,0xd304ded736cc6f781580cff82e39514a5a58ff7e,912.0,,,,ATA,erc20,"{'value': '0x31708ae00454400000', 'address': '0xa2120b9e674d3fc3875f415a7df52e382f141225', 'decimal': '0x12'}",{'blockTimestamp': '2021-12-23T14:17:42.000Z'}
136,0xd3811d,0x25868777091296a0a718d6071b0c13cd8c1640ae6fcee0e6b0be89f5bdc2a5b9:log:66,0x25868777091296a0a718d6071b0c13cd8c1640ae6fcee0e6b0be89f5bdc2a5b9,0xa1d8d972560c2f8144af871db508f0b0b10a3fbf,0xf16e9b0d03470827a95cdfd0cb8a8a3b46969b91,856344.2159466188,,,,ATA,erc20,"{'value': '0xb5568351c15799eb2201', 'address': '0xa2120b9e674d3fc3875f415a7df52e382f141225', 'decimal': '0x12'}",{'blockTimestamp': '2021-12-23T11:34:01.000Z'}
137,0xd37941,0x3dd3055d6b068a8eba5ab048a00551b780393ed6ae42f91d9deedf767bdfe2ac:log:46,0x3dd3055d6b068a8eba5ab048a00551b780393ed6ae42f91d9deedf767bdfe2ac,0x72123605c5591124342948608c2b1ab299547e17,0xa1d8d972560c2f8144af871db508f0b0b10a3fbf,2979.91414664,,,,ATA,erc20,"{'value': '0xa18a9dc01b767d2000', 'address': '0xa2120b9e674d3fc3875f415a7df52e382f141225', 'decimal': '0x12'}",{'blockTimestamp': '2021-12-23T03:53:20.000Z'}
138,0xd37902,0x877a2715f40a84d50c8e33bd0ef94b22954d5ce7bf66cfd957abce23375b7481:log:388,0x877a2715f40a84d50c8e33bd0ef94b22954d5ce7bf66cfd957abce23375b7481,0x3c02290922a3618a4646e3bbca65853ea45fe7c6,0x72123605c5591124342948608c2b1ab299547e17,2979.91414664,,,,ATA,erc20,"{'value': '0xa18a9dc01b767d2000', 'address': '0xa2120b9e674d3fc3875f415a7df52e382f141225', 'decimal': '0x12'}",{'blockTimestamp': '2021-12-23T03:37:34.000Z'}
139,0xd3724f,0x4c756d44ed1843b8e4ce93f01dd0389fb389830b4aaeda397927a1c9039c0367:log:22,0x4c756d44ed1843b8e4ce93f01dd0389fb389830b4aaeda397927a1c9039c0367,0x28c6c06298d514db089934071355e5743bf21d60,0x27e1864deaad9ffbd06a3677006df06c3034b2df,70.8954,,,,ATA,erc20,"{'value': '0x03d7df0eae193a8000', 'address': '0xa2120b9e674d3fc3875f415a7df52e382f141225', 'decimal': '0x12'}",{'blockTimestamp': '2021-12-22T21:20:47.000Z'}
140,0xd36d4c,0x36aaefe3cfaea78135d396fcb1a5dde9128264ad5e2d7482244b40ea8d71828e:log:60,0x36aaefe3cfaea78135d396fcb1a5dde9128264ad5e2d7482244b40ea8d71828e,0x28c6c06298d514db089934071355e5743bf21d60,0xdfd5293d8e347dfe59e90efd55b2956a1343963d,925942.67889967,,,,ATA,erc20,"{'value': '0xc41374051cae7e92dc00', 'address': '0xa2120b9e674d3fc3875f415a7df52e382f141225', 'decimal': '0x12'}",{'blockTimestamp': '2021-12-22T16:32:36.000Z'}
141,0xd36d4a,0x9363f897d55cd6ee9eaf8843f762144100f590bd478e67cb8466d6052ec4686f:log:111,0x9363f897d55cd6ee9eaf8843f762144100f590bd478e67cb8466d6052ec4686f,0x28c6c06298d514db089934071355e5743bf21d60,0xdfd5293d8e347dfe59e90efd55b2956a1343963d,925942.67889967,,,,ATA,erc20,"{'value': '0xc41374051cae7e92dc00', 'address': '0xa2120b9e674d3fc3875f415a7df52e382f141225', 'decimal': '0x12'}",{'blockTimestamp': '2021-12-22T16:32:24.000Z'}
142,0xd36c7f,0x085fdc0ef08fb8a629ff3efa81d9bb4f1491ea90d5a64b01e0f6efd9af4ef1b3:log:90,0x085fdc0ef08fb8a629ff3efa81d9bb4f1491ea90d5a64b01e0f6efd9af4ef1b3,0xdfd5293d8e347dfe59e90efd55b2956a1343963d,0x95b564f3b3bae3f206aa418667ba000afafacc8a,124316.76,,,,ATA,erc20,"{'value': '0x1a53399dc193a23c0000', 'address': '0xa2120b9e674d3fc3875f415a7df52e382f141225', 'decimal': '0x12'}",{'blockTimestamp': '2021-12-22T15:43:04.000Z'}
143,0xd34e23,0x7014cc8e11452001bfda9f75e05058bfa3d98dc172cd6e5477984e37f0dd0ada:log:183,0x7014cc8e11452001bfda9f75e05058bfa3d98dc172cd6e5477984e37f0dd0ada,0xcd5e1c429d9162cfd5c65c1ca780b801ceb5f4cf,0xa1d8d972560c2f8144af871db508f0b0b10a3fbf,1148.0,,,,ATA,erc20,"{'value': '0x3e3bb34da2a4700000', 'address': '0xa2120b9e674d3fc3875f415a7df52e382f141225', 'decimal': '0x12'}",{'blockTimestamp': '2021-12-21T10:49:10.000Z'}
144,0xd34cb7,0xb6f1873fa79f30e60a5e4777748adb754c910e9c4b831095115d4cfb97d1ee9b:log:147,0xb6f1873fa79f30e60a5e4777748adb754c910e9c4b831095115d4cfb97d1ee9b,0xdb99aa5ca2496aac3c07861326cf02666794b335,0x28c6c06298d514db089934071355e5743bf21d60,187500.0,,,,ATA,erc20,"{'value': '0x27b46536c66c8e300000', 'address': '0xa2120b9e674d3fc3875f415a7df52e382f141225', 'decimal': '0x12'}",{'blockTimestamp': '2021-12-21T09:30:08.000Z'}
145,0xd34c20,0xa9354fa494edc188060630fad7c297a7224a07a8409b69819e7d0bb648f6d924:log:0,0xa9354fa494edc188060630fad7c297a7224a07a8409b69819e7d0bb648f6d924,0x21a31ee1afc51d94c2efccaa2092ad1028285549,0xcd5e1c429d9162cfd5c65c1ca780b801ceb5f4cf,1148.0,,,,ATA,erc20,"{'value': '0x3e3bb34da2a4700000', 'address': '0xa2120b9e674d3fc3875f415a7df52e382f141225', 'decimal': '0x12'}",{'blockTimestamp': '2021-12-21T08:56:48.000Z'}
146,0xd34a14,0xdff4f50c1e2c34ae99fefae0e251bb3b27d6c09dc69e5d88c91aecd6bdd6a109:log:2,0xdff4f50c1e2c34ae99fefae0e251bb3b27d6c09dc69e5d88c91aecd6bdd6a109,0x4b68aef6b702c5571a0c7c9d00dec3c81e5b6d20,0xa1d8d972560c2f8144af871db508f0b0b10a3fbf,2712.9999999999995,,,,ATA,erc20,"{'value': '0x93127035e8f2c40000', 'address': '0xa2120b9e674d3fc3875f415a7df52e382f141225', 'decimal': '0x12'}",{'blockTimestamp': '2021-12-21T06:56:11.000Z'}
147,0xd349b3,0x685420ab44b600244334a63cff4ebd32b73a5bc4a797cdb18c0ace001f386651:log:470,0x685420ab44b600244334a63cff4ebd32b73a5bc4a797cdb18c0ace001f386651,0x8cd7e61d9c3d24de29e2c003c110c7cf25b8786d,0xdb99aa5ca2496aac3c07861326cf02666794b335,187500.0,,,,ATA,erc20,"{'value': '0x27b46536c66c8e300000', 'address': '0xa2120b9e674d3fc3875f415a7df52e382f141225', 'decimal': '0x12'}",{'blockTimestamp': '2021-12-21T06:34:49.000Z'}
148,0xd348bb,0x76472b2d4032f3d8bbdcb3cb88191dd49aa9942733b27721e65b128e9438b9cf:log:18,0x76472b2d4032f3d8bbdcb3cb88191dd49aa9942733b27721e65b128e9438b9cf,0x28c6c06298d514db089934071355e5743bf21d60,0x4b68aef6b702c5571a0c7c9d00dec3c81e5b6d20,2712.9999999999995,,,,ATA,erc20,"{'value': '0x93127035e8f2c40000', 'address': '0xa2120b9e674d3fc3875f415a7df52e382f141225', 'decimal': '0x12'}",{'blockTimestamp': '2021-12-21T05:35:49.000Z'}
149,0xd344d5,0x7c97ef72c178d4b7df2f4afd5c8bb14740cf474a000cb22069563361d0e61016:log:36,0x7c97ef72c178d4b7df2f4afd5c8bb14740cf474a000cb22069563361d0e61016,0xdfd5293d8e347dfe59e90efd55b2956a1343963d,0x0cc4bf7cc0b1f76807e899437bdde1c96bed427a,679.47913167,,,,ATA,erc20,"{'value': '0x24d5aace3819395c00', 'address': '0xa2120b9e674d3fc3875f415a7df52e382f141225', 'decimal': '0x12'}",{'blockTimestamp': '2021-12-21T01:49:20.000Z'}
150,0xd34386,0x67c3dcdf8e389a2a0fd180b6c13f0836e3409ca00ccfd1b9f233a84644d227f3:log:65,0x67c3dcdf8e389a2a0fd180b6c13f0836e3409ca00ccfd1b9f233a84644d227f3,0x543e49840491689193433ff5d639645299e5a2b5,0x28c6c06298d514db089934071355e5743bf21d60,5265.0,,,,ATA,erc20,"{'value': '0x011d6a8d84d59fa40000', 'address': '0xa2120b9e674d3fc3875f415a7df52e382f141225', 'decimal': '0x12'}",{'blockTimestamp': '2021-12-21T00:30:20.000Z'}
151,0xd34385,0xce35f3725933f8e0762f3b6c5c7f8ee1f10303cdb6d64fea5268e1931ffc08f4:log:22,0xce35f3725933f8e0762f3b6c5c7f8ee1f10303cdb6d64fea5268e1931ffc08f4,0x114b906dc423deb365f943ab6df1ffdc9f3e639c,0x28c6c06298d514db089934071355e5743bf21d60,22320.535714285714,,,,ATA,erc20,"{'value': '0x04b9ffa88ce053da2492', 'address': '0xa2120b9e674d3fc3875f415a7df52e382f141225', 'decimal': '0x12'}",{'blockTimestamp': '2021-12-21T00:30:07.000Z'}
152,0xd34061,0xe341074f2d31c076ab56fa97443098d21092405ff2b65658a9636212d5f5c471:log:224,0xe341074f2d31c076ab56fa97443098d21092405ff2b65658a9636212d5f5c471,0xa9fc080cf98be00eb373904f94547bb631ec0e28,0x68d634d41bd7df7550ccc5e68c05b42bd648b38f,143.827,,,,ATA,erc20,"{'value': '0x07cc002678ce1b8000', 'address': '0xa2120b9e674d3fc3875f415a7df52e382f141225', 'decimal': '0x12'}",{'blockTimestamp': '2021-12-20T21:42:54.000Z'}
153,0xd33e16,0x9672c5fc8b5e1af0257a45340a11f2033b92edfe27d9df17c6b5307ae151eed4:log:122,0x9672c5fc8b5e1af0257a45340a11f2033b92edfe27d9df17c6b5307ae151eed4,0xb14025f7eb7717cff43e7a33b66d86eabd6bc7d7,0x114b906dc423deb365f943ab6df1ffdc9f3e639c,22320.535714285714,,,,ATA,erc20,"{'value': '0x04b9ffa88ce053da2492', 'address': '0xa2120b9e674d3fc3875f415a7df52e382f141225', 'decimal': '0x12'}",{'blockTimestamp': '2021-12-20T19:34:39.000Z'}
154,0xd33d8c,0x59e79311b2c30f7fcc6997828d55b21ffd94ecc0030fbaa5051b9eeb185472fa:log:7,0x59e79311b2c30f7fcc6997828d55b21ffd94ecc0030fbaa5051b9eeb185472fa,0x29984d1f9055cafb02dcdd53c54b727902e44975,0x28c6c06298d514db089934071355e5743bf21d60,118091.81999999999,,,,ATA,erc20,"{'value': '0x1901c53844b8ea1e0000', 'address': '0xa2120b9e674d3fc3875f415a7df52e382f141225', 'decimal': '0x12'}",{'blockTimestamp': '2021-12-20T19:04:02.000Z'}
155,0xd33d4b,0xe2ac672a286af4bfbf5fbea48d257f7240765c3ced6231f903f56fe29d640b33:log:155,0xe2ac672a286af4bfbf5fbea48d257f7240765c3ced6231f903f56fe29d640b33,0x249adf85087c8dd61d52ae4c8bbf26679b16138d,0x543e49840491689193433ff5d639645299e5a2b5,5265.0,,,,ATA,erc20,"{'value': '0x011d6a8d84d59fa40000', 'address': '0xa2120b9e674d3fc3875f415a7df52e382f141225', 'decimal': '0x12'}",{'blockTimestamp': '2021-12-20T18:46:14.000Z'}
156,0xd33c5a,0xb85d2e33fa2ee77c40cdf4f8cf1b6ad27c74d63f95677e536ff2781bf4108a0d:log:89,0xb85d2e33fa2ee77c40cdf4f8cf1b6ad27c74d63f95677e536ff2781bf4108a0d,0xc2e9490add7d436d5f94a54f9b73a76bacd0508d,0xa1d8d972560c2f8144af871db508f0b0b10a3fbf,732.0,,,,ATA,erc20,"{'value': '0x27ae8a69b2a1f00000', 'address': '0xa2120b9e674d3fc3875f415a7df52e382f141225', 'decimal': '0x12'}",{'blockTimestamp': '2021-12-20T17:56:57.000Z'}
157,0xd33af3,0xaef067617ca4290ce1b0f57a6514cdafe8b85d418c969aaa5a69e5243b5204f8:log:117,0xaef067617ca4290ce1b0f57a6514cdafe8b85d418c969aaa5a69e5243b5204f8,0x21a31ee1afc51d94c2efccaa2092ad1028285549,0xc2e9490add7d436d5f94a54f9b73a76bacd0508d,732.0,,,,ATA,erc20,"{'value': '0x27ae8a69b2a1f00000', 'address': '0xa2120b9e674d3fc3875f415a7df52e382f141225', 'decimal': '0x12'}",{'blockTimestamp': '2021-12-20T16:39:17.000Z'}
158,0xd33444,0x7a3de854c24f9144e7b205bd32b98701c2e864524b8939790d6f6461cc66d196:log:29,0x7a3de854c24f9144e7b205bd32b98701c2e864524b8939790d6f6461cc66d196,0x28c6c06298d514db089934071355e5743bf21d60,0x901052118a8e802dfbbb79dcc996b14151e99059,19950.0,,,,ATA,erc20,"{'value': '0x04397ddde45eb2f80000', 'address': '0xa2120b9e674d3fc3875f415a7df52e382f141225', 'decimal': '0x12'}",{'blockTimestamp': '2021-12-20T10:27:04.000Z'}
159,0xd32952,0x3f6e2b934d64963d58f0f84213bb712318dc9d526eb4c7a895865acc136bd78e:log:10,0x3f6e2b934d64963d58f0f84213bb712318dc9d526eb4c7a895865acc136bd78e,0xdfd5293d8e347dfe59e90efd55b2956a1343963d,0x1826c97a60b94ff15f260e06e3c94ee9d407307b,946.002,,,,ATA,erc20,"{'value': '0x33486a3eddd9150000', 'address': '0xa2120b9e674d3fc3875f415a7df52e382f141225', 'decimal': '0x12'}",{'blockTimestamp': '2021-12-19T23:54:30.000Z'}
160,0xd31d51,0x73be5ed96dfe8f66a3613732f6e1c58fd2fea1e8c669100ca838fd5ce391bb86:log:170,0x73be5ed96dfe8f66a3613732f6e1c58fd2fea1e8c669100ca838fd5ce391bb86,0x47b7b7cd3d083def19dfa38ab178fc3568c46020,0x28c6c06298d514db089934071355e5743bf21d60,29760.714285714286,,,,ATA,erc20,"{'value': '0x064d54e0bbd5c522db6d', 'address': '0xa2120b9e674d3fc3875f415a7df52e382f141225', 'decimal': '0x12'}",{'blockTimestamp': '2021-12-19T12:30:33.000Z'}
161,0xd318cb,0xc5baaaf31d2e5987ced701cde70ada15ec24ab57b34de4f76a1dc2d84038a96d:log:280,0xc5baaaf31d2e5987ced701cde70ada15ec24ab57b34de4f76a1dc2d84038a96d,0x7f25b76932ca2ad171f4addb5eb190c47c11fc43,0x47b7b7cd3d083def19dfa38ab178fc3568c46020,29760.714285714286,,,,ATA,erc20,"{'value': '0x064d54e0bbd5c522db6d', 'address': '0xa2120b9e674d3fc3875f415a7df52e382f141225', 'decimal': '0x12'}",{'blockTimestamp': '2021-12-19T08:20:55.000Z'}
162,0xd318b7,0x7b9c9b729eed2a27c82cead53c990ba1ba2cb642c18e38dc0cf128e57799dc55:log:209,0x7b9c9b729eed2a27c82cead53c990ba1ba2cb642c18e38dc0cf128e57799dc55,0xa2120b9e674d3fc3875f415a7df52e382f141225,0x7f25b76932ca2ad171f4addb5eb190c47c11fc43,29760.714285714286,,,,ATA,erc20,"{'value': '0x064d54e0bbd5c522db6d', 'address': '0xa2120b9e674d3fc3875f415a7df52e382f141225', 'decimal': '0x12'}",{'blockTimestamp': '2021-12-19T08:16:10.000Z'}
163,0xd30ada,0x56905f66402eff54dbeed4a3e39681a683f2c44e3acfa233d0982bf28937ab17:log:371,0x56905f66402eff54dbeed4a3e39681a683f2c44e3acfa233d0982bf28937ab17,0x9be13a72eba22c4f6a1c242fe7f9b69942f9bef8,0x13a608813e838d8d510c517598046b7892bc40c5,241.21543127,,,,ATA,erc20,"{'value': '0x0d13895cb9d7007c00', 'address': '0xa2120b9e674d3fc3875f415a7df52e382f141225', 'decimal': '0x12'}",{'blockTimestamp': '2021-12-18T19:01:30.000Z'}
164,0xd309ba,0x63cf6ee087c02c52699d79fae870538e1cc44aa77f413e3a3b52f5fc2c63d003:log:132,0x63cf6ee087c02c52699d79fae870538e1cc44aa77f413e3a3b52f5fc2c63d003,0xd3dff52ccb149ceb49a429c69baa333b2c705475,0xa1d8d972560c2f8144af871db508f0b0b10a3fbf,53.0,,,,ATA,erc20,"{'value': '0x02df85d331a7b40000', 'address': '0xa2120b9e674d3fc3875f415a7df52e382f141225', 'decimal': '0x12'}",{'blockTimestamp': '2021-12-18T17:57:50.000Z'}
165,0xd30849,0x85f1a3fc54bb1284be1faafb2c9856d98164563e4163ef6be641f05f99a22c0d:log:0,0x85f1a3fc54bb1284be1faafb2c9856d98164563e4163ef6be641f05f99a22c0d,0x21a31ee1afc51d94c2efccaa2092ad1028285549,0xd3dff52ccb149ceb49a429c69baa333b2c705475,53.0,,,,ATA,erc20,"{'value': '0x02df85d331a7b40000', 'address': '0xa2120b9e674d3fc3875f415a7df52e382f141225', 'decimal': '0x12'}",{'blockTimestamp': '2021-12-18T16:38:55.000Z'}
166,0xd307dc,0x396dad897c43e5abc7b28e6d6cf8c417c83966a73e766fed320e0b85e04d6412:log:236,0x396dad897c43e5abc7b28e6d6cf8c417c83966a73e766fed320e0b85e04d6412,0x99cf3c1098cad62f4ff3654420d4c8b783f97c40,0x5654d65578cda52791879751141f2f3d7dc27fe4,920.3184,,,,ATA,erc20,"{'value': '0x31e3fbc4be7fdc0000', 'address': '0xa2120b9e674d3fc3875f415a7df52e382f141225', 'decimal': '0x12'}",{'blockTimestamp': '2021-12-18T16:15:27.000Z'}
167,0xd307d5,0x5fed260edcab53b72987c0e432477f035cbb59769c9a0b872b1927d898dc2dc6:log:30,0x5fed260edcab53b72987c0e432477f035cbb59769c9a0b872b1927d898dc2dc6,0xa1d8d972560c2f8144af871db508f0b0b10a3fbf,0x99cf3c1098cad62f4ff3654420d4c8b783f97c40,920.3184,,,,ATA,erc20,"{'value': '0x31e3fbc4be7fdc0000', 'address': '0xa2120b9e674d3fc3875f415a7df52e382f141225', 'decimal': '0x12'}",{'blockTimestamp': '2021-12-18T16:14:21.000Z'}
168,0xd30503,0x5ce973b644a4acb9429742df861fb1ec8b618b80a6d0d0a39d32538dc71275a4:log:95,0x5ce973b644a4acb9429742df861fb1ec8b618b80a6d0d0a39d32538dc71275a4,0xa1d8d972560c2f8144af871db508f0b0b10a3fbf,0x9d3664b4e75108db1b578e8a72c21966dd215b67,44.128532920000005,,,,ATA,erc20,"{'value': '0x0264680ae343bb3000', 'address': '0xa2120b9e674d3fc3875f415a7df52e382f141225', 'decimal': '0x12'}",{'blockTimestamp': '2021-12-18T13:24:00.000Z'}
169,0xd2ff59,0x43a932395da43b959e6763f897e526c70fd784db615f0c2807a81eda5e583e0a:log:233,0x43a932395da43b959e6763f897e526c70fd784db615f0c2807a81eda5e583e0a,0xa2120b9e674d3fc3875f415a7df52e382f141225,0xa548cb6546ce34766e7721370ba1d49bc640409d,44641.07142857143,,,,ATA,erc20,"{'value': '0x0973ff5119c0a7b44924', 'address': '0xa2120b9e674d3fc3875f415a7df52e382f141225', 'decimal': '0x12'}",{'blockTimestamp': '2021-12-18T08:01:30.000Z'}
170,0xd2f372,0x4cb242384bfc9a4f1bb27246d20e8a35676de57e20b0f2d489549d4e16b185e4:log:38,0x4cb242384bfc9a4f1bb27246d20e8a35676de57e20b0f2d489549d4e16b185e4,0x28c6c06298d514db089934071355e5743bf21d60,0xde3e3ff0e4c90f9ff0aaa9132a847bd2a429c9a1,292.26213198,,,,ATA,erc20,"{'value': '0x0fd7f3ac908e3b7800', 'address': '0xa2120b9e674d3fc3875f415a7df52e382f141225', 'decimal': '0x12'}",{'blockTimestamp': '2021-12-17T20:53:56.000Z'}
171,0xd2ece7,0x91215fd477b04be840cb85a42a0cc8559414b33665527d6dbeda3820700cafb3:log:58,0x91215fd477b04be840cb85a42a0cc8559414b33665527d6dbeda3820700cafb3,0x95b564f3b3bae3f206aa418667ba000afafacc8a,0x29984d1f9055cafb02dcdd53c54b727902e44975,118091.81999999999,,,,ATA,erc20,"{'value': '0x1901c53844b8ea1e0000', 'address': '0xa2120b9e674d3fc3875f415a7df52e382f141225', 'decimal': '0x12'}",{'blockTimestamp': '2021-12-17T14:40:45.000Z'}
172,0xd2ec87,0xb37d7d9a5dd2145a284fd4bdac13920ace8b2f71f9154f913e41b4b426a0af58:log:294,0xb37d7d9a5dd2145a284fd4bdac13920ace8b2f71f9154f913e41b4b426a0af58,0xa2120b9e674d3fc3875f415a7df52e382f141225,0xb14025f7eb7717cff43e7a33b66d86eabd6bc7d7,22320.535714285714,,,,ATA,erc20,"{'value': '0x04b9ffa88ce053da2492', 'address': '0xa2120b9e674d3fc3875f415a7df52e382f141225', 'decimal': '0x12'}",{'blockTimestamp': '2021-12-17T14:19:14.000Z'}
173,0xd2ebf4,0xcaf210a731772b748f9d53196efdc4aa547eb9f7f099a219dbe7eaeb9dfd0fd4:log:44,0xcaf210a731772b748f9d53196efdc4aa547eb9f7f099a219dbe7eaeb9dfd0fd4,0x20e74b82e9c2b24063c516397cd1fc2eeeb17cc0,0x3c02290922a3618a4646e3bbca65853ea45fe7c6,32031.6,,,,ATA,erc20,"{'value': '0x06c86fbf794f4a580000', 'address': '0xa2120b9e674d3fc3875f415a7df52e382f141225', 'decimal': '0x12'}",{'blockTimestamp': '2021-12-17T13:48:14.000Z'}
174,0xd2de11,0x610ea8ddebd866628d05462a20338c9c5a9b929ed887ff69f6778b462dab310c:log:108,0x610ea8ddebd866628d05462a20338c9c5a9b929ed887ff69f6778b462dab310c,0x2765b477ce6fdc03325f86586405d7d4ad3d4bfa,0x28c6c06298d514db089934071355e5743bf21d60,187500.0,,,,ATA,erc20,"{'value': '0x27b46536c66c8e300000', 'address': '0xa2120b9e674d3fc3875f415a7df52e382f141225', 'decimal': '0x12'}",{'blockTimestamp': '2021-12-17T00:30:28.000Z'}
175,0xd2da37,0x49e65e1231e81e6b7cba5bf024e330fedca6cbc9ea2b2f429d5ca051a9213b4c:log:675,0x49e65e1231e81e6b7cba5bf024e330fedca6cbc9ea2b2f429d5ca051a9213b4c,0x2ce5f9f52c1eec9a1183f91139c59b485ff39dad,0x2765b477ce6fdc03325f86586405d7d4ad3d4bfa,187500.0,,,,ATA,erc20,"{'value': '0x27b46536c66c8e300000', 'address': '0xa2120b9e674d3fc3875f415a7df52e382f141225', 'decimal': '0x12'}",{'blockTimestamp': '2021-12-16T20:44:25.000Z'}
176,0xd2d030,0xd41d8e7dde197ebe1da90e005e27fe844e313af882901c5e04c9a5f9ada1fd2e:log:450,0xd41d8e7dde197ebe1da90e005e27fe844e313af882901c5e04c9a5f9ada1fd2e,0xa2120b9e674d3fc3875f415a7df52e382f141225,0x2ce5f9f52c1eec9a1183f91139c59b485ff39dad,187500.0,,,,ATA,erc20,"{'value': '0x27b46536c66c8e300000', 'address': '0xa2120b9e674d3fc3875f415a7df52e382f141225', 'decimal': '0x12'}",{'blockTimestamp': '2021-12-16T11:06:38.000Z'}
177,0xd2c66e,0x1fd8c004f5812db833aaee84dbc6d77d08b04be1cca56b86c8060d176ae54d04:log:60,0x1fd8c004f5812db833aaee84dbc6d77d08b04be1cca56b86c8060d176ae54d04,0x61a36ab1d7c1bb0194f0cc8e1db784a8a8e60305,0xa1d8d972560c2f8144af871db508f0b0b10a3fbf,1000.0,,,,ATA,erc20,"{'value': '0x3635c9adc5dea00000', 'address': '0xa2120b9e674d3fc3875f415a7df52e382f141225', 'decimal': '0x12'}",{'blockTimestamp': '2021-12-16T01:53:38.000Z'}
178,0xd2c5d1,0x7cb8b61624965ef7c3468f32f052640152f5daab3c00bb89a34986b2c5573338:log:334,0x7cb8b61624965ef7c3468f32f052640152f5daab3c00bb89a34986b2c5573338,0xa10645360df68307753ad25be5c7d8f0b828a3b1,0x61a36ab1d7c1bb0194f0cc8e1db784a8a8e60305,1000.0,,,,ATA,erc20,"{'value': '0x3635c9adc5dea00000', 'address': '0xa2120b9e674d3fc3875f415a7df52e382f141225', 'decimal': '0x12'}",{'blockTimestamp': '2021-12-16T01:15:04.000Z'}
179,0xd2c332,0x2d2c335e7e6642af83b266108cc334b1a3289964103dd321b88fa73fdec701df:log:355,0x2d2c335e7e6642af83b266108cc334b1a3289964103dd321b88fa73fdec701df,0x3a63d865bfc12d75a3fe68b37c000449d8b74e97,0xa1d8d972560c2f8144af871db508f0b0b10a3fbf,31250.0,,,,ATA,erc20,"{'value': '0x069e10de76676d080000', 'address': '0xa2120b9e674d3fc3875f415a7df52e382f141225', 'decimal': '0x12'}",{'blockTimestamp': '2021-12-15T22:51:32.000Z'}
180,0xd2c2e0,0xa2959f1543d246bb8836e5903eae288e67acefe680fe308b238ad2bdd808a390:log:11,0xa2959f1543d246bb8836e5903eae288e67acefe680fe308b238ad2bdd808a390,0x28c6c06298d514db089934071355e5743bf21d60,0x88dc27c5b4f9440b6fdf9bf73f352049e662da72,73.735,,,,ATA,erc20,"{'value': '0x03ff4757d5d16d8000', 'address': '0xa2120b9e674d3fc3875f415a7df52e382f141225', 'decimal': '0x12'}",{'blockTimestamp': '2021-12-15T22:33:30.000Z'}
181,0xd2c210,0x934b410068be33b82fcb3e0926963a7b4a7851005ccd9fd1df3ec7b92a233e6c:log:174,0x934b410068be33b82fcb3e0926963a7b4a7851005ccd9fd1df3ec7b92a233e6c,0x9f62257406227b87724ea6b049cfab63c42df407,0x3a63d865bfc12d75a3fe68b37c000449d8b74e97,31250.0,,,,ATA,erc20,"{'value': '0x069e10de76676d080000', 'address': '0xa2120b9e674d3fc3875f415a7df52e382f141225', 'decimal': '0x12'}",{'blockTimestamp': '2021-12-15T21:48:01.000Z'}
182,0xd2b81c,0x10b028aacd7bb71dc51dfe88669b685071b3e303883deb84e270d6e0c1a1db2d:log:184,0x10b028aacd7bb71dc51dfe88669b685071b3e303883deb84e270d6e0c1a1db2d,0xd24beed64311931b88768b6ad7f0cf16f6f987c3,0x95b564f3b3bae3f206aa418667ba000afafacc8a,4042.8619999999996,,,,ATA,erc20,"{'value': '0xdb29fb20ffc54b0000', 'address': '0xa2120b9e674d3fc3875f415a7df52e382f141225', 'decimal': '0x12'}",{'blockTimestamp': '2021-12-15T12:24:26.000Z'}
183,0xd2b17d,0xafa00b976adfc358740552b667155fc3bddcebbada0dbc61275e700e401b87de:log:191,0xafa00b976adfc358740552b667155fc3bddcebbada0dbc61275e700e401b87de,0x638bb105d54e908447bd3df6322a1c0bfeb41c77,0xa1d8d972560c2f8144af871db508f0b0b10a3fbf,74401.78571428571,,,,ATA,erc20,"{'value': '0x0fc15431d5966cd72492', 'address': '0xa2120b9e674d3fc3875f415a7df52e382f141225', 'decimal': '0x12'}",{'blockTimestamp': '2021-12-15T06:04:25.000Z'}
184,0xd2b17a,0x3d05db3bdd16ca08ffa315c9ac135b77cf98f23d39e0cc7898439d2cb45d9fe9:log:12,0x3d05db3bdd16ca08ffa315c9ac135b77cf98f23d39e0cc7898439d2cb45d9fe9,0x9e396b27e32518448cbdb2277070ae2ab2984e79,0x28c6c06298d514db089934071355e5743bf21d60,312500.0,,,,ATA,erc20,"{'value': '0x422ca8b0a00a42500000', 'address': '0xa2120b9e674d3fc3875f415a7df52e382f141225', 'decimal': '0x12'}",{'blockTimestamp': '2021-12-15T06:04:12.000Z'}
185,0xd2b04d,0xdf65c32e3b348a1b5da12a0870e7dfffc69ed64432c3074fe9ae298e8b8e2b4c:log:419,0xdf65c32e3b348a1b5da12a0870e7dfffc69ed64432c3074fe9ae298e8b8e2b4c,0x41e3fe77de1eca115902eb058b1fb57395358d62,0x638bb105d54e908447bd3df6322a1c0bfeb41c77,74401.78571428571,,,,ATA,erc20,"{'value': '0x0fc15431d5966cd72492', 'address': '0xa2120b9e674d3fc3875f415a7df52e382f141225', 'decimal': '0x12'}",{'blockTimestamp': '2021-12-15T04:52:09.000Z'}
186,0xd2af5d,0x11fb318988e6d12d201300b45df5e8c8b7bafdf9c96955dde70bf550a13ce780:log:621,0x11fb318988e6d12d201300b45df5e8c8b7bafdf9c96955dde70bf550a13ce780,0xb09d8ccc60c2ad5711272475f8fff9d0ac0ca8bd,0x9e396b27e32518448cbdb2277070ae2ab2984e79,312500.0,,,,ATA,erc20,"{'value': '0x422ca8b0a00a42500000', 'address': '0xa2120b9e674d3fc3875f415a7df52e382f141225', 'decimal': '0x12'}",{'blockTimestamp': '2021-12-15T03:58:49.000Z'}
187,0xd2aeb6,0x21b492bbfcd3c4a3c274e2ffc00322f4f7d1958f63bd101d857d12eb9ed9e5fc:log:226,0x21b492bbfcd3c4a3c274e2ffc00322f4f7d1958f63bd101d857d12eb9ed9e5fc,0xa2120b9e674d3fc3875f415a7df52e382f141225,0xb09d8ccc60c2ad5711272475f8fff9d0ac0ca8bd,312500.0,,,,ATA,erc20,"{'value': '0x422ca8b0a00a42500000', 'address': '0xa2120b9e674d3fc3875f415a7df52e382f141225', 'decimal': '0x12'}",{'blockTimestamp': '2021-12-15T03:24:10.000Z'}
188,0xd2a44b,0x5a3a1fd020e8b1d63e10efcc633dcaeaf84a4ad10bc2dee879056628888f701b:log:277,0x5a3a1fd020e8b1d63e10efcc633dcaeaf84a4ad10bc2dee879056628888f701b,0xc11276b994d9d000d3464dee6cc4b202e177fb58,0xe3b768c6ea2d4d8feb9cee120f2a1fbba03c4356,349.0,,,,ATA,erc20,"{'value': '0x12eb5912eb33540000', 'address': '0xa2120b9e674d3fc3875f415a7df52e382f141225', 'decimal': '0x12'}",{'blockTimestamp': '2021-12-14T17:23:42.000Z'}
189,0xd29e7d,0x4c5877b5fe43b660e8e63ba02b8a2753f06629787dabecf052701e275c7583b3:log:8,0x4c5877b5fe43b660e8e63ba02b8a2753f06629787dabecf052701e275c7583b3,0xdfd5293d8e347dfe59e90efd55b2956a1343963d,0x48c04ed5691981c42154c6167398f95e8f38a7ff,5801.8450219999995,,,,ATA,erc20,"{'value': '0x013a84c62c044267e000', 'address': '0xa2120b9e674d3fc3875f415a7df52e382f141225', 'decimal': '0x12'}",{'blockTimestamp': '2021-12-14T11:51:50.000Z'}
190,0xd29715,0xcb8025bf01109c59ac045b570fc25d6f756eef50f8cce4d8e29140d2292392be:log:25,0xcb8025bf01109c59ac045b570fc25d6f756eef50f8cce4d8e29140d2292392be,0x21a31ee1afc51d94c2efccaa2092ad1028285549,0x20e74b82e9c2b24063c516397cd1fc2eeeb17cc0,32031.6,,,,ATA,erc20,"{'value': '0x06c86fbf794f4a580000', 'address': '0xa2120b9e674d3fc3875f415a7df52e382f141225', 'decimal': '0x12'}",{'blockTimestamp': '2021-12-14T04:42:50.000Z'}
191,0xd2911b,0x1e420f5a0484cf0fdebba192d211f5b06375805530819350bcf796474144c753:log:141,0x1e420f5a0484cf0fdebba192d211f5b06375805530819350bcf796474144c753,0x01d92b36d30fe614e309aaf20c80c5c3bd380616,0xa1d8d972560c2f8144af871db508f0b0b10a3fbf,14880.357142857143,,,,ATA,erc20,"{'value': '0x0326aa705deae2916db6', 'address': '0xa2120b9e674d3fc3875f415a7df52e382f141225', 'decimal': '0x12'}",{'blockTimestamp': '2021-12-13T22:53:23.000Z'}
192,0xd29005,0x864c37ece3ac9a2dee1cfd1beedbe1d18e87d37afd10b923c3ead718fa5e019e:log:188,0x864c37ece3ac9a2dee1cfd1beedbe1d18e87d37afd10b923c3ead718fa5e019e,0xaf63977a00d25a301c21d4ad076bc10da23f6f63,0x01d92b36d30fe614e309aaf20c80c5c3bd380616,14880.357142857143,,,,ATA,erc20,"{'value': '0x0326aa705deae2916db6', 'address': '0xa2120b9e674d3fc3875f415a7df52e382f141225', 'decimal': '0x12'}",{'blockTimestamp': '2021-12-13T21:57:39.000Z'}
193,0xd285e0,0x076feb8b93cb0ae2c9d24c784c677d6e5fbe2dbe9928d37a44b1dd9e3d3733d9:log:23,0x076feb8b93cb0ae2c9d24c784c677d6e5fbe2dbe9928d37a44b1dd9e3d3733d9,0x7d94b8edf53084973465c75e95ca19ca9f35f368,0x28c6c06298d514db089934071355e5743bf21d60,14880.0,,,,ATA,erc20,"{'value': '0x0326a57b8a6194800000', 'address': '0xa2120b9e674d3fc3875f415a7df52e382f141225', 'decimal': '0x12'}",{'blockTimestamp': '2021-12-13T12:30:19.000Z'}
194,0xd284f8,0x75fdfbe482b36a1ed0f16d6f87555bfb7d5d590b401131dab1749bc3430b9476:log:80,0x75fdfbe482b36a1ed0f16d6f87555bfb7d5d590b401131dab1749bc3430b9476,0x1f19a1699b63ea5c78a74ac979be311eda4da44c,0x48c04ed5691981c42154c6167398f95e8f38a7ff,102.01851518000001,,,,ATA,erc20,"{'value': '0x0587ca9309f8b23800', 'address': '0xa2120b9e674d3fc3875f415a7df52e382f141225', 'decimal': '0x12'}",{'blockTimestamp': '2021-12-13T11:38:16.000Z'}
195,0xd284d5,0x88289a6e1b9f254f70234c47640c32016e97d58a39ea78740b2c50ff91671258:log:44,0x88289a6e1b9f254f70234c47640c32016e97d58a39ea78740b2c50ff91671258,0x28c6c06298d514db089934071355e5743bf21d60,0x1f19a1699b63ea5c78a74ac979be311eda4da44c,102.01851518000001,,,,ATA,erc20,"{'value': '0x0587ca9309f8b23800', 'address': '0xa2120b9e674d3fc3875f415a7df52e382f141225', 'decimal': '0x12'}",{'blockTimestamp': '2021-12-13T11:31:07.000Z'}
196,0xd282f8,0x4401c1c18db48cebdfa0460d66a52e7dcffe129dae5f54e1540882a65f4a05fb:log:343,0x4401c1c18db48cebdfa0460d66a52e7dcffe129dae5f54e1540882a65f4a05fb,0xe7521950426479d525381940604d27aec12fe97a,0x7d94b8edf53084973465c75e95ca19ca9f35f368,14880.0,,,,ATA,erc20,"{'value': '0x0326a57b8a6194800000', 'address': '0xa2120b9e674d3fc3875f415a7df52e382f141225', 'decimal': '0x12'}",{'blockTimestamp': '2021-12-13T09:47:37.000Z'}
197,0xd27236,0xf1f2bd3841bea229ea26a80c2f7603a04ec2cf309a821d6adad71ea572aebc8c:log:97,0xf1f2bd3841bea229ea26a80c2f7603a04ec2cf309a821d6adad71ea572aebc8c,0xa1d8d972560c2f8144af871db508f0b0b10a3fbf,0x4e091b3022e86dce8fcbe87e7191b0f3a48f3406,8311.39225544,,,,ATA,erc20,"{'value': '0x01c28fbcf4ade1e62000', 'address': '0xa2120b9e674d3fc3875f415a7df52e382f141225', 'decimal': '0x12'}",{'blockTimestamp': '2021-12-12T17:54:42.000Z'}
198,0xd27223,0xd2363b92bc7dfcf8b389203f93b8cdf5f9ce047aa7ec6b7d90ec7428a596deda:log:75,0xd2363b92bc7dfcf8b389203f93b8cdf5f9ce047aa7ec6b7d90ec7428a596deda,0xa1d8d972560c2f8144af871db508f0b0b10a3fbf,0x4e091b3022e86dce8fcbe87e7191b0f3a48f3406,100.0,,,,ATA,erc20,"{'value': '0x056bc75e2d63100000', 'address': '0xa2120b9e674d3fc3875f415a7df52e382f141225', 'decimal': '0x12'}",{'blockTimestamp': '2021-12-12T17:51:15.000Z'}
199,0xd27176,0xf6449845607747b038cf773ce329eba8684f4d60dacfce8b49783955d512e9b7:log:284,0xf6449845607747b038cf773ce329eba8684f4d60dacfce8b49783955d512e9b7,0xa2120b9e674d3fc3875f415a7df52e382f141225,0x0ed67daaacf97acf041cc65f04a632a8811347ff,29760.714285714286,,,,ATA,erc20,"{'value': '0x064d54e0bbd5c522db6d', 'address': '0xa2120b9e674d3fc3875f415a7df52e382f141225', 'decimal': '0x12'}",{'blockTimestamp': '2021-12-12T17:14:07.000Z'}
200,0xd26fce,0x875e62757458184af09ae83a4bd578b5c115ce85e1cd2301b6466c690048823b:log:400,0x875e62757458184af09ae83a4bd578b5c115ce85e1cd2301b6466c690048823b,0xa2120b9e674d3fc3875f415a7df52e382f141225,0x41e3fe77de1eca115902eb058b1fb57395358d62,74401.78571428571,,,,ATA,erc20,"{'value': '0x0fc15431d5966cd72492', 'address': '0xa2120b9e674d3fc3875f415a7df52e382f141225', 'decimal': '0x12'}",{'blockTimestamp': '2021-12-12T15:46:57.000Z'}
201,0xd267c7,0x6335cc6241b738ea0dbaafccb7c86e56383c84b884d4c191d48e69953216382c:log:70,0x6335cc6241b738ea0dbaafccb7c86e56383c84b884d4c191d48e69953216382c,0xa1d8d972560c2f8144af871db508f0b0b10a3fbf,0x05fbbb1516c64d3c4a695e20dd756a88ddf68295,37.40704583,,,,ATA,erc20,"{'value': '0x02072085fdc9e83c00', 'address': '0xa2120b9e674d3fc3875f415a7df52e382f141225', 'decimal': '0x12'}",{'blockTimestamp': '2021-12-12T08:08:18.000Z'}
202,0xd26084,0xa26f0c08b727cf2ebb99d82efca2308131a8ca633a6f371516988d0143cc02a1:log:14,0xa26f0c08b727cf2ebb99d82efca2308131a8ca633a6f371516988d0143cc02a1,0xe30a35e92327fb2d8bc9234e80f72897198af344,0x28c6c06298d514db089934071355e5743bf21d60,1786.19059633,,,,ATA,erc20,"{'value': '0x60d45fc3b800cca400', 'address': '0xa2120b9e674d3fc3875f415a7df52e382f141225', 'decimal': '0x12'}",{'blockTimestamp': '2021-12-12T01:00:11.000Z'}
203,0xd25cf6,0xd8b4d8a67dbac126cadeffdd6a0f93a47881b5081042fdbea45cf66741d26816:log:35,0xd8b4d8a67dbac126cadeffdd6a0f93a47881b5081042fdbea45cf66741d26816,0x95b564f3b3bae3f206aa418667ba000afafacc8a,0xe30a35e92327fb2d8bc9234e80f72897198af344,132.04495419,,,,ATA,erc20,"{'value': '0x07287dea3b4dad8c00', 'address': '0xa2120b9e674d3fc3875f415a7df52e382f141225', 'decimal': '0x12'}",{'blockTimestamp': '2021-12-11T21:47:55.000Z'}
204,0xd25b77,0x5cdedca93b2a1ae77d4c7cf278ba82a25f792d043aaccd15554eff50d8b0fca9:log:27,0x5cdedca93b2a1ae77d4c7cf278ba82a25f792d043aaccd15554eff50d8b0fca9,0xdfd5293d8e347dfe59e90efd55b2956a1343963d,0x55f81280862d0061853e42c8fd2953d9a8a555e5,742.0,,,,ATA,erc20,"{'value': '0x2839518cb72bd80000', 'address': '0xa2120b9e674d3fc3875f415a7df52e382f141225', 'decimal': '0x12'}",{'blockTimestamp': '2021-12-11T20:16:30.000Z'}
205,0xd252e5,0x65c70333161eca2c72c059be3798a6f141751c5386dca3ee419db103bce61bdf:log:60,0x65c70333161eca2c72c059be3798a6f141751c5386dca3ee419db103bce61bdf,0x3c02290922a3618a4646e3bbca65853ea45fe7c6,0x91dca37856240e5e1906222ec79278b16420dc92,211682.0,,,,ATA,erc20,"{'value': '0x2cd34de0f4b26e480000', 'address': '0xa2120b9e674d3fc3875f415a7df52e382f141225', 'decimal': '0x12'}",{'blockTimestamp': '2021-12-11T12:12:37.000Z'}
206,0xd2510f,0x400f349717a8f8deceec5f28051cd1ea0587b28034d8f9f73a972f0022975a47:log:16,0x400f349717a8f8deceec5f28051cd1ea0587b28034d8f9f73a972f0022975a47,0x81877203ea7ea3b9122528c0c03bdcf58dde2d28,0x95b564f3b3bae3f206aa418667ba000afafacc8a,2218.688,,,,ATA,erc20,"{'value': '0x78467b34e31de00000', 'address': '0xa2120b9e674d3fc3875f415a7df52e382f141225', 'decimal': '0x12'}",{'blockTimestamp': '2021-12-11T10:27:15.000Z'}
207,0xd24dde,0xe090a169a67f9eb92314c6f4d713dde2b3d2b3d501f5d11e991a478e50919af9:log:10,0xe090a169a67f9eb92314c6f4d713dde2b3d2b3d501f5d11e991a478e50919af9,0x21a31ee1afc51d94c2efccaa2092ad1028285549,0x4f4ff77788ed76cc1c855a33a94de82662bc6254,48518.36811331,,,,ATA,erc20,"{'value': '0x0a462f9e11b959fcac00', 'address': '0xa2120b9e674d3fc3875f415a7df52e382f141225', 'decimal': '0x12'}",{'blockTimestamp': '2021-12-11T07:26:15.000Z'}
208,0xd2479d,0x02d619b814a70b7e838425136c6803248d45d911af9797be4a3995240d0e6590:log:58,0x02d619b814a70b7e838425136c6803248d45d911af9797be4a3995240d0e6590,0x48c04ed5691981c42154c6167398f95e8f38a7ff,0x640a9f070b86aee8965479a03e780bee497977e8,147.01851518,,,,ATA,erc20,"{'value': '0x07f84ab09e65463800', 'address': '0xa2120b9e674d3fc3875f415a7df52e382f141225', 'decimal': '0x12'}",{'blockTimestamp': '2021-12-11T01:30:16.000Z'}
209,0xd24799,0xb4cc0947d519d37efcc4f01fb5f2572a6b79e06bf5298afa96009f9ef903964a:log:90,0xb4cc0947d519d37efcc4f01fb5f2572a6b79e06bf5298afa96009f9ef903964a,0x28c6c06298d514db089934071355e5743bf21d60,0x48c04ed5691981c42154c6167398f95e8f38a7ff,900.0,,,,ATA,erc20,"{'value': '0x30ca024f987b900000', 'address': '0xa2120b9e674d3fc3875f415a7df52e382f141225', 'decimal': '0x12'}",{'blockTimestamp': '2021-12-11T01:29:26.000Z'}
210,0xd24794,0x9e3c1bd35b894f4fc976a2e474d52457cc7bd82379796270254a6db634e6d583:log:195,0x9e3c1bd35b894f4fc976a2e474d52457cc7bd82379796270254a6db634e6d583,0x1d17fa20ba8887eb721c1fb2ca9c0d2d3382a156,0x67801b36fd14cf8231f8fcb64a6d1a1b47d5e767,180.88642761,,,,ATA,erc20,"{'value': '0x09ce4daf88af760400', 'address': '0xa2120b9e674d3fc3875f415a7df52e382f141225', 'decimal': '0x12'}",{'blockTimestamp': '2021-12-11T01:26:22.000Z'}
211,0xd2470a,0xa2bee493dcf3b2df6f6dc4c3e049e5d20163259b997ca4a45320077e90cdd2fe:log:47,0xa2bee493dcf3b2df6f6dc4c3e049e5d20163259b997ca4a45320077e90cdd2fe,0xe66b31678d6c16e9ebf358268a790b763c133750,0x848faae6db3775cea4ca364437b70d798559ddbc,1110.2723384440467,,,,ATA,erc20,"{'value': '0x3c301fb95703ae3a09', 'address': '0xa2120b9e674d3fc3875f415a7df52e382f141225', 'decimal': '0x12'}",{'blockTimestamp': '2021-12-11T00:53:17.000Z'}
212,0xd2470a,0xa2bee493dcf3b2df6f6dc4c3e049e5d20163259b997ca4a45320077e90cdd2fe:log:44,0xa2bee493dcf3b2df6f6dc4c3e049e5d20163259b997ca4a45320077e90cdd2fe,0x5654d65578cda52791879751141f2f3d7dc27fe4,0xe66b31678d6c16e9ebf358268a790b763c133750,1110.2723384440467,,,,ATA,erc20,"{'value': '0x3c301fb95703ae3a09', 'address': '0xa2120b9e674d3fc3875f415a7df52e382f141225', 'decimal': '0x12'}",{'blockTimestamp': '2021-12-11T00:53:17.000Z'}
213,0xd242e1,0xdca981cd2d099c99c970bf77f30a33c2d8d9cb97fd440d71becc3b0466f13512:log:303,0xdca981cd2d099c99c970bf77f30a33c2d8d9cb97fd440d71becc3b0466f13512,0xa2120b9e674d3fc3875f415a7df52e382f141225,0xe7521950426479d525381940604d27aec12fe97a,14880.357142857143,,,,ATA,erc20,"{'value': '0x0326aa705deae2916db6', 'address': '0xa2120b9e674d3fc3875f415a7df52e382f141225', 'decimal': '0x12'}",{'blockTimestamp': '2021-12-10T20:47:37.000Z'}
214,0xd23dcf,0x99688edbd3393f9f0db6570cd6f143b6369d46239dc846fe965a742b43ee04b7:log:406,0x99688edbd3393f9f0db6570cd6f143b6369d46239dc846fe965a742b43ee04b7,0xa2120b9e674d3fc3875f415a7df52e382f141225,0xaf63977a00d25a301c21d4ad076bc10da23f6f63,14880.357142857143,,,,ATA,erc20,"{'value': '0x0326aa705deae2916db6', 'address': '0xa2120b9e674d3fc3875f415a7df52e382f141225', 'decimal': '0x12'}",{'blockTimestamp': '2021-12-10T16:04:44.000Z'}
215,0xd2384a,0x586b10496200cbf4e8ad4408c8a39e8b360feeaf2320f12434a784783640bda3:log:390,0x586b10496200cbf4e8ad4408c8a39e8b360feeaf2320f12434a784783640bda3,0x86d3c49e3994be266c6e2ed805737a5d17a1ab21,0xa1d8d972560c2f8144af871db508f0b0b10a3fbf,119.00218908000001,,,,ATA,erc20,"{'value': '0x06737cb477b744f000', 'address': '0xa2120b9e674d3fc3875f415a7df52e382f141225', 'decimal': '0x12'}",{'blockTimestamp': '2021-12-10T10:53:44.000Z'}
216,0xd237ca,0xde9aa4ede8d52612848c8968de883f834e87be4521f1741bfdec69144afc4037:log:6,0xde9aa4ede8d52612848c8968de883f834e87be4521f1741bfdec69144afc4037,0x21a31ee1afc51d94c2efccaa2092ad1028285549,0x86d3c49e3994be266c6e2ed805737a5d17a1ab21,119.00218908000001,,,,ATA,erc20,"{'value': '0x06737cb477b744f000', 'address': '0xa2120b9e674d3fc3875f415a7df52e382f141225', 'decimal': '0x12'}",{'blockTimestamp': '2021-12-10T10:25:50.000Z'}
217,0xd23398,0xf65d7fb2346a707087b33cde30424f7c76bb01b433ca3497482428614837252e:log:61,0xf65d7fb2346a707087b33cde30424f7c76bb01b433ca3497482428614837252e,0x24bc099ab496d3b88ec705e223dfd482c560eacc,0x28c6c06298d514db089934071355e5743bf21d60,328111.4272857143,,,,ATA,erc20,"{'value': '0x457af4c3e382b2f55b6d', 'address': '0xa2120b9e674d3fc3875f415a7df52e382f141225', 'decimal': '0x12'}",{'blockTimestamp': '2021-12-10T06:30:17.000Z'}
218,0xd23275,0x28874808d7358214df8aef5aa8a5b572f85897165e67641362b634910f4129e6:log:414,0x28874808d7358214df8aef5aa8a5b572f85897165e67641362b634910f4129e6,0x43436c54d4d1b5c3bef23b58176b922bcb73fb9a,0x24bc099ab496d3b88ec705e223dfd482c560eacc,29760.714285714286,,,,ATA,erc20,"{'value': '0x064d54e0bbd5c522db6d', 'address': '0xa2120b9e674d3fc3875f415a7df52e382f141225', 'decimal': '0x12'}",{'blockTimestamp': '2021-12-10T05:26:08.000Z'}
219,0xd22d73,0x1c75b927be159f451ae9a954cc36661708382548599eaa1d86c66324cfaf52bc:log:290,0x1c75b927be159f451ae9a954cc36661708382548599eaa1d86c66324cfaf52bc,0x9ca4e098ef3ed4678989f4745fea75c1eeb746d3,0x28c6c06298d514db089934071355e5743bf21d60,7880.0,,,,ATA,erc20,"{'value': '0x01ab2cf7c9f87e200000', 'address': '0xa2120b9e674d3fc3875f415a7df52e382f141225', 'decimal': '0x12'}",{'blockTimestamp': '2021-12-10T00:30:28.000Z'}
220,0xd22d0a,0xe7c21ce00a103355616f688e419503b1bd26ba555f8ffdd0749a48def0d3416f:log:59,0xe7c21ce00a103355616f688e419503b1bd26ba555f8ffdd0749a48def0d3416f,0x29984d1f9055cafb02dcdd53c54b727902e44975,0x28c6c06298d514db089934071355e5743bf21d60,213716.0,,,,ATA,erc20,"{'value': '0x2d41914c941a66d00000', 'address': '0xa2120b9e674d3fc3875f415a7df52e382f141225', 'decimal': '0x12'}",{'blockTimestamp': '2021-12-10T00:03:52.000Z'}
221,0xd22a94,0xce220dc37850faa1a22f6d70ae6cac8044eaf03019b26e3c8fec050599601cef:log:288,0xce220dc37850faa1a22f6d70ae6cac8044eaf03019b26e3c8fec050599601cef,0x778c029675d3e2435cf4c207e981d37c2174bec8,0x9ca4e098ef3ed4678989f4745fea75c1eeb746d3,7880.0,,,,ATA,erc20,"{'value': '0x01ab2cf7c9f87e200000', 'address': '0xa2120b9e674d3fc3875f415a7df52e382f141225', 'decimal': '0x12'}",{'blockTimestamp': '2021-12-09T21:38:32.000Z'}
222,0xd22a7c,0xc58267d032887c532ff9c28ca518306bcd0511f73bf3b719b131231a88171460:log:89,0xc58267d032887c532ff9c28ca518306bcd0511f73bf3b719b131231a88171460,0xa2120b9e674d3fc3875f415a7df52e382f141225,0x778c029675d3e2435cf4c207e981d37c2174bec8,14880.357142857143,,,,ATA,erc20,"{'value': '0x0326aa705deae2916db6', 'address': '0xa2120b9e674d3fc3875f415a7df52e382f141225', 'decimal': '0x12'}",{'blockTimestamp': '2021-12-09T21:33:28.000Z'}
223,0xd22a13,0xa52bd6fb0eb0ee72aa41810734e79a16830fd8e2c461a05075f04ea78ecd2fd2:log:460,0xa52bd6fb0eb0ee72aa41810734e79a16830fd8e2c461a05075f04ea78ecd2fd2,0x89ba1510f92d99d4f6968b0e2999a096c7347f50,0x43436c54d4d1b5c3bef23b58176b922bcb73fb9a,29760.714285714286,,,,ATA,erc20,"{'value': '0x064d54e0bbd5c522db6d', 'address': '0xa2120b9e674d3fc3875f415a7df52e382f141225', 'decimal': '0x12'}",{'blockTimestamp': '2021-12-09T21:06:51.000Z'}
224,0xd22a0e,0xe393c1d1241c77481c1be9ae43254613d059c6c64d7e93cfb583f8447c02b811:log:9,0xe393c1d1241c77481c1be9ae43254613d059c6c64d7e93cfb583f8447c02b811,0xa2120b9e674d3fc3875f415a7df52e382f141225,0x89ba1510f92d99d4f6968b0e2999a096c7347f50,29760.714285714286,,,,ATA,erc20,"{'value': '0x064d54e0bbd5c522db6d', 'address': '0xa2120b9e674d3fc3875f415a7df52e382f141225', 'decimal': '0x12'}",{'blockTimestamp': '2021-12-09T21:05:47.000Z'}
225,0xd22759,0xa575a72462f1664046dda080b381444fe70a9305ef3496bd50764098d8707af9:log:15,0xa575a72462f1664046dda080b381444fe70a9305ef3496bd50764098d8707af9,0x95b564f3b3bae3f206aa418667ba000afafacc8a,0x29984d1f9055cafb02dcdd53c54b727902e44975,108007.9,,,,ATA,erc20,"{'value': '0x16df1eb7bf9ec9160000', 'address': '0xa2120b9e674d3fc3875f415a7df52e382f141225', 'decimal': '0x12'}",{'blockTimestamp': '2021-12-09T18:34:31.000Z'}
226,0xd223fd,0x761bc5d7a7226f336f58705360964b1341ced2ed3a7dc3201ebe039b0024da92:log:133,0x761bc5d7a7226f336f58705360964b1341ced2ed3a7dc3201ebe039b0024da92,0x95b564f3b3bae3f206aa418667ba000afafacc8a,0x29984d1f9055cafb02dcdd53c54b727902e44975,105708.1,,,,ATA,erc20,"{'value': '0x16627294d47b9dba0000', 'address': '0xa2120b9e674d3fc3875f415a7df52e382f141225', 'decimal': '0x12'}",{'blockTimestamp': '2021-12-09T15:19:43.000Z'}
227,0xd22204,0xe46ba543ba1bd58b625903e225690d884353ea02a8565448760f1503b25aba54:log:131,0xe46ba543ba1bd58b625903e225690d884353ea02a8565448760f1503b25aba54,0x20e74b82e9c2b24063c516397cd1fc2eeeb17cc0,0x3c02290922a3618a4646e3bbca65853ea45fe7c6,43283.6,,,,ATA,erc20,"{'value': '0x092a689dc9a8a1a80000', 'address': '0xa2120b9e674d3fc3875f415a7df52e382f141225', 'decimal': '0x12'}",{'blockTimestamp': '2021-12-09T13:21:26.000Z'}
228,0xd220cf,0xad405536c9d8b3b36fb0be22bf1b98bf3fd5ba01259bb0d6490113afaeb5d665:log:88,0xad405536c9d8b3b36fb0be22bf1b98bf3fd5ba01259bb0d6490113afaeb5d665,0x28c6c06298d514db089934071355e5743bf21d60,0x20e74b82e9c2b24063c516397cd1fc2eeeb17cc0,43283.6,,,,ATA,erc20,"{'value': '0x092a689dc9a8a1a80000', 'address': '0xa2120b9e674d3fc3875f415a7df52e382f141225', 'decimal': '0x12'}",{'blockTimestamp': '2021-12-09T12:06:56.000Z'}
229,0xd21f88,0x82f9fa7fe90479ad8a797edf21bb0aa0b2854fe17aceacd29ff32f437ffeb965:log:5,0x82f9fa7fe90479ad8a797edf21bb0aa0b2854fe17aceacd29ff32f437ffeb965,0xdfd5293d8e347dfe59e90efd55b2956a1343963d,0xf1127d90f1022881c147a78289b8ba32b15d05c4,2500.0,,,,ATA,erc20,"{'value': '0x878678326eac900000', 'address': '0xa2120b9e674d3fc3875f415a7df52e382f141225', 'decimal': '0x12'}",{'blockTimestamp': '2021-12-09T10:54:32.000Z'}
230,0xd21f72,0x7cc11a79a8010251aa342758ac9fac69a7aabb636346f4eb05bb38b0fcda8643:log:112,0x7cc11a79a8010251aa342758ac9fac69a7aabb636346f4eb05bb38b0fcda8643,0xfb0dac68505076b6f610b0c65da602962f14877c,0xa1d8d972560c2f8144af871db508f0b0b10a3fbf,150000.0,,,,ATA,erc20,"{'value': '0x1fc3842bd1f071c00000', 'address': '0xa2120b9e674d3fc3875f415a7df52e382f141225', 'decimal': '0x12'}",{'blockTimestamp': '2021-12-09T10:49:27.000Z'}
231,0xd21e79,0x56cedea3ecb7b88b07a5a5a01cc9826759998388dc857654599e5a336a2ac760:log:265,0x56cedea3ecb7b88b07a5a5a01cc9826759998388dc857654599e5a336a2ac760,0xffe9be91eeee0a168d9b92abc6cb3aeaf0e76e43,0xfb0dac68505076b6f610b0c65da602962f14877c,149900.0,,,,ATA,erc20,"{'value': '0x1fbe186473c30eb00000', 'address': '0xa2120b9e674d3fc3875f415a7df52e382f141225', 'decimal': '0x12'}",{'blockTimestamp': '2021-12-09T09:48:03.000Z'}
232,0xd21d76,0xf0cfa5a91f310b72b33344c4c1ddfc285c9649be3af19f78c4ff50d80e3e5a8c:log:575,0xf0cfa5a91f310b72b33344c4c1ddfc285c9649be3af19f78c4ff50d80e3e5a8c,0xffe9be91eeee0a168d9b92abc6cb3aeaf0e76e43,0xfb0dac68505076b6f610b0c65da602962f14877c,100.0,,,,ATA,erc20,"{'value': '0x056bc75e2d63100000', 'address': '0xa2120b9e674d3fc3875f415a7df52e382f141225', 'decimal': '0x12'}",{'blockTimestamp': '2021-12-09T08:50:06.000Z'}
233,0xd21c64,0xfe562df1c8d58123a4759c895faa605c3d84d5257ce12fe7372dd58aeb3dad6c:log:3,0xfe562df1c8d58123a4759c895faa605c3d84d5257ce12fe7372dd58aeb3dad6c,0x21a31ee1afc51d94c2efccaa2092ad1028285549,0x95b564f3b3bae3f206aa418667ba000afafacc8a,100241.18,,,,ATA,erc20,"{'value': '0x153a15d35d7767360000', 'address': '0xa2120b9e674d3fc3875f415a7df52e382f141225', 'decimal': '0x12'}",{'blockTimestamp': '2021-12-09T07:44:34.000Z'}
234,0xd21b15,0x5b93614688f3d4fd5b6c9e51802e66c0ef30b3dc469aef1ef21dc5889f6c3ac5:log:79,0x5b93614688f3d4fd5b6c9e51802e66c0ef30b3dc469aef1ef21dc5889f6c3ac5,0x1b6ccc5509bc04cfc32f72716588da4bf807cf4e,0x28c6c06298d514db089934071355e5743bf21d60,14880.357142857143,,,,ATA,erc20,"{'value': '0x0326aa705deae2916db6', 'address': '0xa2120b9e674d3fc3875f415a7df52e382f141225', 'decimal': '0x12'}",{'blockTimestamp': '2021-12-09T06:30:24.000Z'}
235,0xd21903,0x7a0e7aefcc9c91e7fc3d6b9f4bcd45f7931022e9ba1e799de3aa074b3466abfa:log:301,0x7a0e7aefcc9c91e7fc3d6b9f4bcd45f7931022e9ba1e799de3aa074b3466abfa,0xcbbc8d8963a44349843b44c9018587c99ef5c28e,0x1b6ccc5509bc04cfc32f72716588da4bf807cf4e,14880.357142857143,,,,ATA,erc20,"{'value': '0x0326aa705deae2916db6', 'address': '0xa2120b9e674d3fc3875f415a7df52e382f141225', 'decimal': '0x12'}",{'blockTimestamp': '2021-12-09T04:28:08.000Z'}
236,0xd218ff,0xc2e9220d842d2d2368c9ae27aadc02239e04cb0d837cd2cf39926e0456988c19:log:58,0xc2e9220d842d2d2368c9ae27aadc02239e04cb0d837cd2cf39926e0456988c19,0xa2120b9e674d3fc3875f415a7df52e382f141225,0xcbbc8d8963a44349843b44c9018587c99ef5c28e,14880.357142857143,,,,ATA,erc20,"{'value': '0x0326aa705deae2916db6', 'address': '0xa2120b9e674d3fc3875f415a7df52e382f141225', 'decimal': '0x12'}",{'blockTimestamp': '2021-12-09T04:26:39.000Z'}
237,0xd211fa,0xfe5a24ecdff4b4796c5604f52fc367db9b7c151288e5de5a4f74623b3e0fa508:log:180,0xfe5a24ecdff4b4796c5604f52fc367db9b7c151288e5de5a4f74623b3e0fa508,0xe8f6cc0c8dfc04dc3cfff5f20a38d5bc92f8c2bb,0x28c6c06298d514db089934071355e5743bf21d60,14880.857142857143,,,,ATA,erc20,"{'value': '0x0326b160b944b6436db6', 'address': '0xa2120b9e674d3fc3875f415a7df52e382f141225', 'decimal': '0x12'}",{'blockTimestamp': '2021-12-08T21:30:28.000Z'}
238,0xd21012,0x60f6229034c3cd703e6228b1c08b02852737d694c7ebe29105017b50bab1bb88:log:129,0x60f6229034c3cd703e6228b1c08b02852737d694c7ebe29105017b50bab1bb88,0x46494ef7b2d64fe15de493477ea5c73eede4a82f,0xe8f6cc0c8dfc04dc3cfff5f20a38d5bc92f8c2bb,14880.857142857143,,,,ATA,erc20,"{'value': '0x0326b160b944b6436db6', 'address': '0xa2120b9e674d3fc3875f415a7df52e382f141225', 'decimal': '0x12'}",{'blockTimestamp': '2021-12-08T19:38:50.000Z'}
239,0xd20fce,0x79ee2a0da113e98b940831c00ad113ab1453afce9ff99bc4133dce61e69862ec:log:436,0x79ee2a0da113e98b940831c00ad113ab1453afce9ff99bc4133dce61e69862ec,0xa2120b9e674d3fc3875f415a7df52e382f141225,0x46494ef7b2d64fe15de493477ea5c73eede4a82f,14880.357142857143,,,,ATA,erc20,"{'value': '0x0326aa705deae2916db6', 'address': '0xa2120b9e674d3fc3875f415a7df52e382f141225', 'decimal': '0x12'}",{'blockTimestamp': '2021-12-08T19:24:16.000Z'}
240,0xd20a29,0x46fb34f6ffe116c51e63ebf82acefd1dd1009aae305a4c92b034996b420e6cb7:log:260,0x46fb34f6ffe116c51e63ebf82acefd1dd1009aae305a4c92b034996b420e6cb7,0xffefd149590c41499e2f63f2536d9133c8dc3069,0xa1d8d972560c2f8144af871db508f0b0b10a3fbf,14880.357142857143,,,,ATA,erc20,"{'value': '0x0326aa705deae2916db6', 'address': '0xa2120b9e674d3fc3875f415a7df52e382f141225', 'decimal': '0x12'}",{'blockTimestamp': '2021-12-08T13:52:46.000Z'}
241,0xd20981,0x9cfca360110d3046cc8a3ac8e89fc6fb29a18dd1436df4e4c5fa5c6bb0baaf0e:log:282,0x9cfca360110d3046cc8a3ac8e89fc6fb29a18dd1436df4e4c5fa5c6bb0baaf0e,0x2165ffc3b1c7ee4a618ecdf3d025625f30112e4e,0xffefd149590c41499e2f63f2536d9133c8dc3069,14880.357142857143,,,,ATA,erc20,"{'value': '0x0326aa705deae2916db6', 'address': '0xa2120b9e674d3fc3875f415a7df52e382f141225', 'decimal': '0x12'}",{'blockTimestamp': '2021-12-08T13:12:49.000Z'}
242,0xd20976,0xe80dae2a05603f690b67f7d3bcf97420cf51899148183040e7ebbc8d8ffcd154:log:236,0xe80dae2a05603f690b67f7d3bcf97420cf51899148183040e7ebbc8d8ffcd154,0xa2120b9e674d3fc3875f415a7df52e382f141225,0x2165ffc3b1c7ee4a618ecdf3d025625f30112e4e,14880.357142857143,,,,ATA,erc20,"{'value': '0x0326aa705deae2916db6', 'address': '0xa2120b9e674d3fc3875f415a7df52e382f141225', 'decimal': '0x12'}",{'blockTimestamp': '2021-12-08T13:09:44.000Z'}
243,0xd208c8,0xaf14c7d4dfe817df9e1f29a11c9f6983977135dfa7972e91798a8aba2c3f69c6:log:142,0xaf14c7d4dfe817df9e1f29a11c9f6983977135dfa7972e91798a8aba2c3f69c6,0xbd8eba47cc56a2d2e89e034dc9ba9b5f70825dbb,0x28c6c06298d514db089934071355e5743bf21d60,31250.0,,,,ATA,erc20,"{'value': '0x069e10de76676d080000', 'address': '0xa2120b9e674d3fc3875f415a7df52e382f141225', 'decimal': '0x12'}",{'blockTimestamp': '2021-12-08T12:29:57.000Z'}
244,0xd20710,0x5a6bce26a9d78e5ece35a46f51a6333103eed54b03b40bdf332ce7c121f3693a:log:13,0x5a6bce26a9d78e5ece35a46f51a6333103eed54b03b40bdf332ce7c121f3693a,0xd8be89d2acd6b7fee506bd98213c0d849af44b76,0xbd8eba47cc56a2d2e89e034dc9ba9b5f70825dbb,31150.0,,,,ATA,erc20,"{'value': '0x0698a517183a09f80000', 'address': '0xa2120b9e674d3fc3875f415a7df52e382f141225', 'decimal': '0x12'}",{'blockTimestamp': '2021-12-08T10:47:08.000Z'}
245,0xd206ed,0xa88a266e95b7309bb90e1af9ad7f0f609061b38d1361afd73845eed5e657ed27:log:282,0xa88a266e95b7309bb90e1af9ad7f0f609061b38d1361afd73845eed5e657ed27,0xd8be89d2acd6b7fee506bd98213c0d849af44b76,0xbd8eba47cc56a2d2e89e034dc9ba9b5f70825dbb,100.0,,,,ATA,erc20,"{'value': '0x056bc75e2d63100000', 'address': '0xa2120b9e674d3fc3875f415a7df52e382f141225', 'decimal': '0x12'}",{'blockTimestamp': '2021-12-08T10:37:36.000Z'}
246,0xd20672,0x4f90479aa8e0eba5d025ebc65703931b47261ace2212638426e91bd0a7d89807:log:53,0x4f90479aa8e0eba5d025ebc65703931b47261ace2212638426e91bd0a7d89807,0xb4c6036f1bf2c474e770984dc6f6fdaafffaaae8,0x28c6c06298d514db089934071355e5743bf21d60,312500.0,,,,ATA,erc20,"{'value': '0x422ca8b0a00a42500000', 'address': '0xa2120b9e674d3fc3875f415a7df52e382f141225', 'decimal': '0x12'}",{'blockTimestamp': '2021-12-08T10:03:45.000Z'}
247,0xd2054b,0x4794484f4293713ed0de6f92bd3619596fa1e5f6e9823744c366dba6d2089bc8:log:428,0x4794484f4293713ed0de6f92bd3619596fa1e5f6e9823744c366dba6d2089bc8,0xa2120b9e674d3fc3875f415a7df52e382f141225,0xd8be89d2acd6b7fee506bd98213c0d849af44b76,31250.0,,,,ATA,erc20,"{'value': '0x069e10de76676d080000', 'address': '0xa2120b9e674d3fc3875f415a7df52e382f141225', 'decimal': '0x12'}",{'blockTimestamp': '2021-12-08T08:58:13.000Z'}
248,0xd2052d,0x0ce2e85059df2ae8b12938c490f7afeabf9c458cbe422e82184b9c4c21b01575:log:2,0x0ce2e85059df2ae8b12938c490f7afeabf9c458cbe422e82184b9c4c21b01575,0xa2120b9e674d3fc3875f415a7df52e382f141225,0x9f62257406227b87724ea6b049cfab63c42df407,31250.0,,,,ATA,erc20,"{'value': '0x069e10de76676d080000', 'address': '0xa2120b9e674d3fc3875f415a7df52e382f141225', 'decimal': '0x12'}",{'blockTimestamp': '2021-12-08T08:51:11.000Z'}
249,0xd200c2,0x93607b1ef619b10b98de23f5277d1252b8f557f07eda8ef7dbba43d8657fdeb2:log:358,0x93607b1ef619b10b98de23f5277d1252b8f557f07eda8ef7dbba43d8657fdeb2,0x61f92a958f2116c1ed916a6d29ef55b1da016d55,0xb4c6036f1bf2c474e770984dc6f6fdaafffaaae8,312500.0,,,,ATA,erc20,"{'value': '0x422ca8b0a00a42500000', 'address': '0xa2120b9e674d3fc3875f415a7df52e382f141225', 'decimal': '0x12'}",{'blockTimestamp': '2021-12-08T04:33:32.000Z'}
250,0xd1fcfd,0xb1929fad551ffc2e2a0504b9ee7336cd8520400d56a6e8a90548fb70e8bc33f3:log:35,0xb1929fad551ffc2e2a0504b9ee7336cd8520400d56a6e8a90548fb70e8bc33f3,0xedfce7ed6807a89251ea60c37d390853ddb8661b,0x5654d65578cda52791879751141f2f3d7dc27fe4,464.4873789847891,,,,ATA,erc20,"{'value': '0x192e0eaa3a20982b8d', 'address': '0xa2120b9e674d3fc3875f415a7df52e382f141225', 'decimal': '0x12'}",{'blockTimestamp': '2021-12-08T00:51:58.000Z'}
251,0xd1fcfd,0xb1929fad551ffc2e2a0504b9ee7336cd8520400d56a6e8a90548fb70e8bc33f3:log:33,0xb1929fad551ffc2e2a0504b9ee7336cd8520400d56a6e8a90548fb70e8bc33f3,0xedfce7ed6807a89251ea60c37d390853ddb8661b,0x382ffce2287252f930e1c8dc9328dac5bf282ba1,4.691791706917062,,,,ATA,erc20,"{'value': '0x411c97b302ea43ac', 'address': '0xa2120b9e674d3fc3875f415a7df52e382f141225', 'decimal': '0x12'}",{'blockTimestamp': '2021-12-08T00:51:58.000Z'}
252,0xd1fce0,0x8399bdc27a8a17b8cbb9ca83730bc828089d7da9885c3d1d86173ad372b2d3d4:log:180,0x8399bdc27a8a17b8cbb9ca83730bc828089d7da9885c3d1d86173ad372b2d3d4,0x971a0b3cde356effd7e69e89796def21250289f6,0xc86dd25b2b68e11d2b2a59822d2e1eb3fb3028cb,500.0,,,,ATA,erc20,"{'value': '0x1b1ae4d6e2ef500000', 'address': '0xa2120b9e674d3fc3875f415a7df52e382f141225', 'decimal': '0x12'}",{'blockTimestamp': '2021-12-08T00:47:08.000Z'}
253,0xd1fab4,0xe1bb9f8b7905b2295bac629942019c813148b7974430aad8502caae6d329cfb3:log:26,0xe1bb9f8b7905b2295bac629942019c813148b7974430aad8502caae6d329cfb3,0x7dcca7a88d205b035d8cc0377753ab61abfe82ce,0x28c6c06298d514db089934071355e5743bf21d60,2570.6059999999998,,,,ATA,erc20,"{'value': '0x8b5a5319587fcb0000', 'address': '0xa2120b9e674d3fc3875f415a7df52e382f141225', 'decimal': '0x12'}",{'blockTimestamp': '2021-12-07T22:36:53.000Z'}
254,0xd1f7ac,0x9f23d7fc536a2ed00437e48e86b8be0357c484c9d246195e2a9b4c51da50e3d5:log:177,0x9f23d7fc536a2ed00437e48e86b8be0357c484c9d246195e2a9b4c51da50e3d5,0x05b3b98f7aca6e60cb84517262cd1e7e1d869c23,0x7dcca7a88d205b035d8cc0377753ab61abfe82ce,2570.6059999999998,,,,ATA,erc20,"{'value': '0x8b5a5319587fcb0000', 'address': '0xa2120b9e674d3fc3875f415a7df52e382f141225', 'decimal': '0x12'}",{'blockTimestamp': '2021-12-07T19:36:15.000Z'}
255,0xd1ed53,0x189df74364f8faebc2f6964aac5dbfa70148e30c5700e3894a24ce3dcffc3c04:log:23,0x189df74364f8faebc2f6964aac5dbfa70148e30c5700e3894a24ce3dcffc3c04,0x4ea40d1f42c91bd37825e88d67bc2a27e162dff3,0x28c6c06298d514db089934071355e5743bf21d60,94641.07142857143,,,,ATA,erc20,"{'value': '0x140a80b50a6622f44924', 'address': '0xa2120b9e674d3fc3875f415a7df52e382f141225', 'decimal': '0x12'}",{'blockTimestamp': '2021-12-07T09:30:32.000Z'}
256,0xd1ed52,0x89c8a94164cf45ed99e69bc707f63aff2267694c60dd7039626a74f0a6e967d0:log:120,0x89c8a94164cf45ed99e69bc707f63aff2267694c60dd7039626a74f0a6e967d0,0x498579a1454ad536485bcde7f4b169a2f94fe45d,0x28c6c06298d514db089934071355e5743bf21d60,59521.85714285714,,,,ATA,erc20,"{'value': '0x0c9aafb40f1d1b276db6', 'address': '0xa2120b9e674d3fc3875f415a7df52e382f141225', 'decimal': '0x12'}",{'blockTimestamp': '2021-12-07T09:30:24.000Z'}
257,0xd1ed52,0xc04824a83ee1bf2ebb843f4a9e490c2d0b88369b7da27c054dfcf0c381a372f7:log:118,0xc04824a83ee1bf2ebb843f4a9e490c2d0b88369b7da27c054dfcf0c381a372f7,0xd86075a326dee86cb783aa465f4ef08b5761fe4b,0x28c6c06298d514db089934071355e5743bf21d60,44641.0,,,,ATA,erc20,"{'value': '0x0973fe5355d864e40000', 'address': '0xa2120b9e674d3fc3875f415a7df52e382f141225', 'decimal': '0x12'}",{'blockTimestamp': '2021-12-07T09:30:24.000Z'}
258,0xd1e9f0,0x340b9518c535d2ab403b0cd2e4e0043d5681d9f661465264a90104f5f90b58cb:log:503,0x340b9518c535d2ab403b0cd2e4e0043d5681d9f661465264a90104f5f90b58cb,0x9b1a57da441d6d1e9a1dc48323709338b2b4b345,0xd86075a326dee86cb783aa465f4ef08b5761fe4b,44641.0,,,,ATA,erc20,"{'value': '0x0973fe5355d864e40000', 'address': '0xa2120b9e674d3fc3875f415a7df52e382f141225', 'decimal': '0x12'}",{'blockTimestamp': '2021-12-07T06:02:33.000Z'}
259,0xd1e9b4,0x097b673b387f7c9ecf79387886656b392f5810c638a035ff546f45d56315aafe:log:69,0x097b673b387f7c9ecf79387886656b392f5810c638a035ff546f45d56315aafe,0xa2120b9e674d3fc3875f415a7df52e382f141225,0x9b1a57da441d6d1e9a1dc48323709338b2b4b345,44641.07142857143,,,,ATA,erc20,"{'value': '0x0973ff5119c0a7b44924', 'address': '0xa2120b9e674d3fc3875f415a7df52e382f141225', 'decimal': '0x12'}",{'blockTimestamp': '2021-12-07T05:48:37.000Z'}
260,0xd1e953,0x1652226cc09a7e8873d4e82c451786c5ec2fb021063f7102b23d2da3c2c25f4a:log:534,0x1652226cc09a7e8873d4e82c451786c5ec2fb021063f7102b23d2da3c2c25f4a,0x427d4fe4ea664a140057438029eae0e6fa5c3aaa,0x498579a1454ad536485bcde7f4b169a2f94fe45d,59521.85714285714,,,,ATA,erc20,"{'value': '0x0c9aafb40f1d1b276db6', 'address': '0xa2120b9e674d3fc3875f415a7df52e382f141225', 'decimal': '0x12'}",{'blockTimestamp': '2021-12-07T05:27:38.000Z'}
261,0xd1e906,0x4e9d6b63bf520ffdd757f6c7ee0926d78c6067195379ea808c20ef56d6281e46:log:132,0x4e9d6b63bf520ffdd757f6c7ee0926d78c6067195379ea808c20ef56d6281e46,0x02742aa3d0ca88052cd8f7db2bc7629842e3dff3,0x4ea40d1f42c91bd37825e88d67bc2a27e162dff3,94641.07142857143,,,,ATA,erc20,"{'value': '0x140a80b50a6622f44924', 'address': '0xa2120b9e674d3fc3875f415a7df52e382f141225', 'decimal': '0x12'}",{'blockTimestamp': '2021-12-07T05:10:20.000Z'}
262,0xd1e8fa,0x498e59b24a0b2733bfd0b0d75ed9b9da0ef0d11d59c8a68dec9be447f43a5a15:log:322,0x498e59b24a0b2733bfd0b0d75ed9b9da0ef0d11d59c8a68dec9be447f43a5a15,0x4f4ff77788ed76cc1c855a33a94de82662bc6254,0x02742aa3d0ca88052cd8f7db2bc7629842e3dff3,44641.07142857143,,,,ATA,erc20,"{'value': '0x0973ff5119c0a7b44924', 'address': '0xa2120b9e674d3fc3875f415a7df52e382f141225', 'decimal': '0x12'}",{'blockTimestamp': '2021-12-07T05:08:13.000Z'}
263,0xd1e8f1,0xe1d188b16b4679197af9957c4247f233a8d4dab79e0a1256c945d3a75c3d4491:log:56,0xe1d188b16b4679197af9957c4247f233a8d4dab79e0a1256c945d3a75c3d4491,0xa2120b9e674d3fc3875f415a7df52e382f141225,0x4f4ff77788ed76cc1c855a33a94de82662bc6254,44641.07142857143,,,,ATA,erc20,"{'value': '0x0973ff5119c0a7b44924', 'address': '0xa2120b9e674d3fc3875f415a7df52e382f141225', 'decimal': '0x12'}",{'blockTimestamp': '2021-12-07T05:05:38.000Z'}
264,0xd1e5c0,0x287125f31c0aca3988403422d4a48394854738bb20dfd45bd2048950f961944f:log:101,0x287125f31c0aca3988403422d4a48394854738bb20dfd45bd2048950f961944f,0x427d4fe4ea664a140057438029eae0e6fa5c3aaa,0x62d26d2bd6a26916efc2de91a557783150e7c645,59521.0,,,,ATA,erc20,"{'value': '0x0c9aa3cee039f9640000', 'address': '0xa2120b9e674d3fc3875f415a7df52e382f141225', 'decimal': '0x12'}",{'blockTimestamp': '2021-12-07T02:00:05.000Z'}
265,0xd1e5ab,0x31f381becfd4dc983764b79cf3f7b493e240a8121eaed1438bc3303d66315197:log:470,0x31f381becfd4dc983764b79cf3f7b493e240a8121eaed1438bc3303d66315197,0x993aafeabd4d02c49551ebaa3e609842a4698814,0x427d4fe4ea664a140057438029eae0e6fa5c3aaa,119042.85714285714,,,,ATA,erc20,"{'value': '0x19355382ef57148b6db6', 'address': '0xa2120b9e674d3fc3875f415a7df52e382f141225', 'decimal': '0x12'}",{'blockTimestamp': '2021-12-07T01:54:19.000Z'}
266,0xd1e223,0x38187185add6648577775984b2c226b9be4398aea10a9288c47d2d086af08bbb:log:165,0x38187185add6648577775984b2c226b9be4398aea10a9288c47d2d086af08bbb,0x28c6c06298d514db089934071355e5743bf21d60,0x95b564f3b3bae3f206aa418667ba000afafacc8a,99382.99999999999,,,,ATA,erc20,"{'value': '0x150b902f8a4c867c0000', 'address': '0xa2120b9e674d3fc3875f415a7df52e382f141225', 'decimal': '0x12'}",{'blockTimestamp': '2021-12-06T22:30:58.000Z'}
267,0xd1dd1c,0x4a6a367eb065bec81b0af3a51c72aa816322a39649ea5f19fa6908bbd325f945:log:347,0x4a6a367eb065bec81b0af3a51c72aa816322a39649ea5f19fa6908bbd325f945,0xa2120b9e674d3fc3875f415a7df52e382f141225,0x70031213c95deecfa44a6c438bca25134a292eef,20832.5,,,,ATA,erc20,"{'value': '0x04695503b6af3d320000', 'address': '0xa2120b9e674d3fc3875f415a7df52e382f141225', 'decimal': '0x12'}",{'blockTimestamp': '2021-12-06T17:37:15.000Z'}
268,0xd1d83a,0xb5ca58a47f1de14f5b4b900e6054213f86d92643450acc125dc3c1f34cd88597:log:81,0xb5ca58a47f1de14f5b4b900e6054213f86d92643450acc125dc3c1f34cd88597,0xdfd5293d8e347dfe59e90efd55b2956a1343963d,0x95b564f3b3bae3f206aa418667ba000afafacc8a,108611.74,,,,ATA,erc20,"{'value': '0x16ffdaae6056bcf60000', 'address': '0xa2120b9e674d3fc3875f415a7df52e382f141225', 'decimal': '0x12'}",{'blockTimestamp': '2021-12-06T12:49:33.000Z'}
269,0xd1d81e,0x366855d6bfdbe197acd5e7aac5316b9e3af99fb78eb30ec500e8495f8a2baea7:log:99,0x366855d6bfdbe197acd5e7aac5316b9e3af99fb78eb30ec500e8495f8a2baea7,0x21a31ee1afc51d94c2efccaa2092ad1028285549,0xd0b13503e12e8ed3c031db73e1094ec5766c607b,106396.68249435,,,,ATA,erc20,"{'value': '0x1687c69546d3e9e60c00', 'address': '0xa2120b9e674d3fc3875f415a7df52e382f141225', 'decimal': '0x12'}",{'blockTimestamp': '2021-12-06T12:40:28.000Z'}
270,0xd1d7b7,0x709db30917b1a72cf27cc5c82d3d7ca3824721965bdd5e65a98d3fc0fbf2c034:log:419,0x709db30917b1a72cf27cc5c82d3d7ca3824721965bdd5e65a98d3fc0fbf2c034,0x20e74b82e9c2b24063c516397cd1fc2eeeb17cc0,0x3c02290922a3618a4646e3bbca65853ea45fe7c6,173785.0,,,,ATA,erc20,"{'value': '0x24cce75aab9bbbc40000', 'address': '0xa2120b9e674d3fc3875f415a7df52e382f141225', 'decimal': '0x12'}",{'blockTimestamp': '2021-12-06T12:19:57.000Z'}
271,0xd1d61a,0x47690ed4f44790e7f6aff5fac5620d4257364d5989d106fa7dc4a0ef02444d04:log:185,0x47690ed4f44790e7f6aff5fac5620d4257364d5989d106fa7dc4a0ef02444d04,0xa2120b9e674d3fc3875f415a7df52e382f141225,0x993aafeabd4d02c49551ebaa3e609842a4698814,119042.85714285714,,,,ATA,erc20,"{'value': '0x19355382ef57148b6db6', 'address': '0xa2120b9e674d3fc3875f415a7df52e382f141225', 'decimal': '0x12'}",{'blockTimestamp': '2021-12-06T10:42:43.000Z'}
272,0xd1d515,0x08aa17ca141d2886533b07ba993964cc25b2c8aed54279ef847cc45dc0261552:log:107,0x08aa17ca141d2886533b07ba993964cc25b2c8aed54279ef847cc45dc0261552,0x28c6c06298d514db089934071355e5743bf21d60,0x81877203ea7ea3b9122528c0c03bdcf58dde2d28,1460.49,,,,ATA,erc20,"{'value': '0x4f2c5eccfe0a410000', 'address': '0xa2120b9e674d3fc3875f415a7df52e382f141225', 'decimal': '0x12'}",{'blockTimestamp': '2021-12-06T09:47:27.000Z'}
273,0xd1d4a1,0x1fe9553e98fad96b81667b3eb8bd552b9cbbf73a961ebc6d5ef5abbb4e82e8ea:log:309,0x1fe9553e98fad96b81667b3eb8bd552b9cbbf73a961ebc6d5ef5abbb4e82e8ea,0xdfd5293d8e347dfe59e90efd55b2956a1343963d,0xd24beed64311931b88768b6ad7f0cf16f6f987c3,2027.922,,,,ATA,erc20,"{'value': '0x6def123a9bd7b50000', 'address': '0xa2120b9e674d3fc3875f415a7df52e382f141225', 'decimal': '0x12'}",{'blockTimestamp': '2021-12-06T09:20:42.000Z'}
274,0xd1d2f7,0xb7acae0deb4059173dd997f4b710c3b19e82ab24b7d224246f5e5767a64a88dd:log:379,0xb7acae0deb4059173dd997f4b710c3b19e82ab24b7d224246f5e5767a64a88dd,0x511dbe9e6b7ede607f47d00a681bd5c7a6d397a1,0x40ec5b33f54e0e8a33a975908c5ba1c14e5bbbdf,9996.931,,,,ATA,erc20,"{'value': '0x021def49827d52938000', 'address': '0xa2120b9e674d3fc3875f415a7df52e382f141225', 'decimal': '0x12'}",{'blockTimestamp': '2021-12-06T07:44:58.000Z'}
275,0xd1d2f1,0xe5586a456bc3f32a0037ea06992b6378383fd50e6939c63c6e3a3a43d623d01d:log:102,0xe5586a456bc3f32a0037ea06992b6378383fd50e6939c63c6e3a3a43d623d01d,0x21a31ee1afc51d94c2efccaa2092ad1028285549,0x511dbe9e6b7ede607f47d00a681bd5c7a6d397a1,9996.931,,,,ATA,erc20,"{'value': '0x021def49827d52938000', 'address': '0xa2120b9e674d3fc3875f415a7df52e382f141225', 'decimal': '0x12'}",{'blockTimestamp': '2021-12-06T07:43:26.000Z'}
276,0xd1d2a3,0x709cae18d7667aba64916fc9e598a662756ce52f3b726d5e9a4a8845115abcd4:log:35,0x709cae18d7667aba64916fc9e598a662756ce52f3b726d5e9a4a8845115abcd4,0x28c6c06298d514db089934071355e5743bf21d60,0x5e5e5f6277149aded1a18ca2e13396d0b6a2b2e1,6458.241,,,,ATA,erc20,"{'value': '0x015e1a192445cf868000', 'address': '0xa2120b9e674d3fc3875f415a7df52e382f141225', 'decimal': '0x12'}",{'blockTimestamp': '2021-12-06T07:27:31.000Z'}
277,0xd1d0dd,0x95cdbe519bb00e9261a15141a76ba0bb341e9e91f255de19db8ee1b859fa8b00:log:38,0x95cdbe519bb00e9261a15141a76ba0bb341e9e91f255de19db8ee1b859fa8b00,0xa2120b9e674d3fc3875f415a7df52e382f141225,0x8cd7e61d9c3d24de29e2c003c110c7cf25b8786d,187500.0,,,,ATA,erc20,"{'value': '0x27b46536c66c8e300000', 'address': '0xa2120b9e674d3fc3875f415a7df52e382f141225', 'decimal': '0x12'}",{'blockTimestamp': '2021-12-06T05:37:17.000Z'}
278,0xd1ce8c,0xf2058b9ac4cd280ac8e92494387590e9b74072c16f5588981b72ad4fe827cb96:log:65,0xf2058b9ac4cd280ac8e92494387590e9b74072c16f5588981b72ad4fe827cb96,0x7db8d9c10f338133b82db0082d62954d56f57d22,0x28c6c06298d514db089934071355e5743bf21d60,14880.357142857143,,,,ATA,erc20,"{'value': '0x0326aa705deae2916db6', 'address': '0xa2120b9e674d3fc3875f415a7df52e382f141225', 'decimal': '0x12'}",{'blockTimestamp': '2021-12-06T03:30:20.000Z'}
279,0xd1ccb2,0x1214872171430cb2870222b70294bb36b271bd286d43aa5d429611ec5b181099:log:28,0x1214872171430cb2870222b70294bb36b271bd286d43aa5d429611ec5b181099,0x20f7c7e4b410af0d7309a04792fc22c7b4c7f46e,0x7db8d9c10f338133b82db0082d62954d56f57d22,14880.357142857143,,,,ATA,erc20,"{'value': '0x0326aa705deae2916db6', 'address': '0xa2120b9e674d3fc3875f415a7df52e382f141225', 'decimal': '0x12'}",{'blockTimestamp': '2021-12-06T01:36:35.000Z'}
280,0xd1cc75,0xf63f43b114132db586452d5aa36ef364241fd21d8d0e236c815d4b83a5cedc50:log:56,0xf63f43b114132db586452d5aa36ef364241fd21d8d0e236c815d4b83a5cedc50,0xa2120b9e674d3fc3875f415a7df52e382f141225,0x20f7c7e4b410af0d7309a04792fc22c7b4c7f46e,14880.357142857143,,,,ATA,erc20,"{'value': '0x0326aa705deae2916db6', 'address': '0xa2120b9e674d3fc3875f415a7df52e382f141225', 'decimal': '0x12'}",{'blockTimestamp': '2021-12-06T01:20:54.000Z'}
281,0xd1c9bd,0x8701b1dce4642468e3ed9db3102340fe029202ec46ac238378670e22aaacc557:log:78,0x8701b1dce4642468e3ed9db3102340fe029202ec46ac238378670e22aaacc557,0xdfd5293d8e347dfe59e90efd55b2956a1343963d,0x20e74b82e9c2b24063c516397cd1fc2eeeb17cc0,40146.399999999994,,,,ATA,erc20,"{'value': '0x088057386f41b6300000', 'address': '0xa2120b9e674d3fc3875f415a7df52e382f141225', 'decimal': '0x12'}",{'blockTimestamp': '2021-12-05T22:38:27.000Z'}
282,0xd1c7ea,0xd1ab2d894d98c67085afbedad2045172d251f57934e89ee331f5ea4428ba7938:log:370,0xd1ab2d894d98c67085afbedad2045172d251f57934e89ee331f5ea4428ba7938,0x99cf3c1098cad62f4ff3654420d4c8b783f97c40,0x5654d65578cda52791879751141f2f3d7dc27fe4,953.003,,,,ATA,erc20,"{'value': '0x33a992cb4611978000', 'address': '0xa2120b9e674d3fc3875f415a7df52e382f141225', 'decimal': '0x12'}",{'blockTimestamp': '2021-12-05T20:48:22.000Z'}
283,0xd1c7dd,0x8e558e673412046772d58cdb68f865a77dfc7ef7c6d3196164cb5c3df460d7fa:log:91,0x8e558e673412046772d58cdb68f865a77dfc7ef7c6d3196164cb5c3df460d7fa,0x21a31ee1afc51d94c2efccaa2092ad1028285549,0x99cf3c1098cad62f4ff3654420d4c8b783f97c40,953.003,,,,ATA,erc20,"{'value': '0x33a992cb4611978000', 'address': '0xa2120b9e674d3fc3875f415a7df52e382f141225', 'decimal': '0x12'}",{'blockTimestamp': '2021-12-05T20:45:32.000Z'}
284,0xd1c7c1,0x2edc93c5ea25028a42da9a21a37aff86a07e1548bd119e9f6599b2ea47377b54:log:128,0x2edc93c5ea25028a42da9a21a37aff86a07e1548bd119e9f6599b2ea47377b54,0x191b31ad807cae71b5d2bf40fb8db26d7a3389e4,0x95b564f3b3bae3f206aa418667ba000afafacc8a,5022.256,,,,ATA,erc20,"{'value': '0x011041cd96f282380000', 'address': '0xa2120b9e674d3fc3875f415a7df52e382f141225', 'decimal': '0x12'}",{'blockTimestamp': '2021-12-05T20:40:51.000Z'}
285,0xd1c7a7,0x658d94ff99848ea56dab6c543f3e1016c30613b1f3af2a7163909db79613cd78:log:121,0x658d94ff99848ea56dab6c543f3e1016c30613b1f3af2a7163909db79613cd78,0x28c6c06298d514db089934071355e5743bf21d60,0x81877203ea7ea3b9122528c0c03bdcf58dde2d28,758.1980000000001,,,,ATA,erc20,"{'value': '0x291a1c67e5139f0000', 'address': '0xa2120b9e674d3fc3875f415a7df52e382f141225', 'decimal': '0x12'}",{'blockTimestamp': '2021-12-05T20:35:46.000Z'}
286,0xd1c798,0x07bd3ad57fb39b7c04f0989c990d23bfb9e64b45c50a5415859a46a62e558d33:log:63,0x07bd3ad57fb39b7c04f0989c990d23bfb9e64b45c50a5415859a46a62e558d33,0xc3af343d7ef1c612504533773a67d8363ea85ee9,0x95b564f3b3bae3f206aa418667ba000afafacc8a,21299.636,,,,ATA,erc20,"{'value': '0x0482a7d42bb122120000', 'address': '0xa2120b9e674d3fc3875f415a7df52e382f141225', 'decimal': '0x12'}",{'blockTimestamp': '2021-12-05T20:33:29.000Z'}
287,0xd1c76b,0xefac29dabccf13600978cfc6bc984974e52a364c51752e7b0aa9993b57cca3fc:log:137,0xefac29dabccf13600978cfc6bc984974e52a364c51752e7b0aa9993b57cca3fc,0x3c2b829a65989beddab2bcde35372206a5d5b90a,0x95b564f3b3bae3f206aa418667ba000afafacc8a,6078.872,,,,ATA,erc20,"{'value': '0x0149894bb4c17c5c0000', 'address': '0xa2120b9e674d3fc3875f415a7df52e382f141225', 'decimal': '0x12'}",{'blockTimestamp': '2021-12-05T20:24:58.000Z'}
288,0xd1c5bd,0xef7921cb498f54867f1f0c7bdc7c2dbc88e4002ac8b89caeae8b56d6b97a1394:log:31,0xef7921cb498f54867f1f0c7bdc7c2dbc88e4002ac8b89caeae8b56d6b97a1394,0xdfd5293d8e347dfe59e90efd55b2956a1343963d,0x191b31ad807cae71b5d2bf40fb8db26d7a3389e4,1754.613,,,,ATA,erc20,"{'value': '0x5f1e259b2972788000', 'address': '0xa2120b9e674d3fc3875f415a7df52e382f141225', 'decimal': '0x12'}",{'blockTimestamp': '2021-12-05T18:39:25.000Z'}
289,0xd1c596,0x14934629c33b25426f4c730bd3f1cdeb068b76d4682c9dc37f596dc96e263e9a:log:30,0x14934629c33b25426f4c730bd3f1cdeb068b76d4682c9dc37f596dc96e263e9a,0x28c6c06298d514db089934071355e5743bf21d60,0x21a31ee1afc51d94c2efccaa2092ad1028285549,849151.78423326,,,,ATA,erc20,"{'value': '0xb3d09c47392dbff4b800', 'address': '0xa2120b9e674d3fc3875f415a7df52e382f141225', 'decimal': '0x12'}",{'blockTimestamp': '2021-12-05T18:30:46.000Z'}
290,0xd1c58c,0x9e831b07175f6d2dc75950d34ace6ec22c1a58ba4d880a082d1fa890f1d3ac1a:log:130,0x9e831b07175f6d2dc75950d34ace6ec22c1a58ba4d880a082d1fa890f1d3ac1a,0x21a31ee1afc51d94c2efccaa2092ad1028285549,0xc3af343d7ef1c612504533773a67d8363ea85ee9,21299.636,,,,ATA,erc20,"{'value': '0x0482a7d42bb122120000', 'address': '0xa2120b9e674d3fc3875f415a7df52e382f141225', 'decimal': '0x12'}",{'blockTimestamp': '2021-12-05T18:27:53.000Z'}
291,0xd1c57f,0x840dbe098ee1bb406f43f02f0420e4f0c0cca50623c0ca22c70ec4908af36590:log:276,0x840dbe098ee1bb406f43f02f0420e4f0c0cca50623c0ca22c70ec4908af36590,0x28c6c06298d514db089934071355e5743bf21d60,0xd24beed64311931b88768b6ad7f0cf16f6f987c3,2014.94,,,,ATA,erc20,"{'value': '0x6d3ae8e663ed960000', 'address': '0xa2120b9e674d3fc3875f415a7df52e382f141225', 'decimal': '0x12'}",{'blockTimestamp': '2021-12-05T18:24:30.000Z'}
292,0xd1c572,0x12829bc400a5f8fb64ad6bfe5fb86704e2b571271994d73594550672e736569b:log:49,0x12829bc400a5f8fb64ad6bfe5fb86704e2b571271994d73594550672e736569b,0xdfd5293d8e347dfe59e90efd55b2956a1343963d,0x3c2b829a65989beddab2bcde35372206a5d5b90a,6078.872,,,,ATA,erc20,"{'value': '0x0149894bb4c17c5c0000', 'address': '0xa2120b9e674d3fc3875f415a7df52e382f141225', 'decimal': '0x12'}",{'blockTimestamp': '2021-12-05T18:21:33.000Z'}
293,0xd1c546,0x54ccbc82d8dd2d0daa1cd84d1c83f2f9c1f4fd2c87cc1d05966f8c15d635f002:log:80,0x54ccbc82d8dd2d0daa1cd84d1c83f2f9c1f4fd2c87cc1d05966f8c15d635f002,0x21a31ee1afc51d94c2efccaa2092ad1028285549,0x191b31ad807cae71b5d2bf40fb8db26d7a3389e4,1888.067,,,,ATA,erc20,"{'value': '0x665a317517a1738000', 'address': '0xa2120b9e674d3fc3875f415a7df52e382f141225', 'decimal': '0x12'}",{'blockTimestamp': '2021-12-05T18:13:40.000Z'}
294,0xd1c4d6,0xcacbf910ca268f4ec5a40dd184c59e47a782e91f71788025a30d56235de07062:log:137,0xcacbf910ca268f4ec5a40dd184c59e47a782e91f71788025a30d56235de07062,0xa2120b9e674d3fc3875f415a7df52e382f141225,0x78eb06f13cc29a3231a9256d21cecb452499c064,59521.42857142857,,,,ATA,erc20,"{'value': '0x0c9aa9c177ab8a45b6db', 'address': '0xa2120b9e674d3fc3875f415a7df52e382f141225', 'decimal': '0x12'}",{'blockTimestamp': '2021-12-05T17:46:56.000Z'}
295,0xd1c40c,0x8b5ae8cc1c2ea33c0061a0a3fc91c5994280a7c94a984e551f64f095bac44030:log:174,0x8b5ae8cc1c2ea33c0061a0a3fc91c5994280a7c94a984e551f64f095bac44030,0x640017dc5f3ce2c1604c1b1720e5f69991f42198,0x4edf4f3fbb06559fa27d160d0096effb8d4932d0,109.30706961000001,,,,ATA,erc20,"{'value': '0x05ecf0b8ad36f22400', 'address': '0xa2120b9e674d3fc3875f415a7df52e382f141225', 'decimal': '0x12'}",{'blockTimestamp': '2021-12-05T16:56:12.000Z'}
296,0xd1c315,0xc2f41f77465fbc24197aa221fbfa0cbace51acc99a1cda302a5f4fd6c3bb815c:log:2,0xc2f41f77465fbc24197aa221fbfa0cbace51acc99a1cda302a5f4fd6c3bb815c,0xfe6612ee6b7e881fd5dd84e43f84f3f951dc703a,0x28c6c06298d514db089934071355e5743bf21d60,476171.4285714286,,,,ATA,erc20,"{'value': '0x64d54e0bbd5c522db6db', 'address': '0xa2120b9e674d3fc3875f415a7df52e382f141225', 'decimal': '0x12'}",{'blockTimestamp': '2021-12-05T16:00:27.000Z'}
297,0xd1c2d6,0xecfaf8e324c1c6bce153ec00541a53e544b21c615d221a6937a0f3c90ea8b2fa:log:235,0xecfaf8e324c1c6bce153ec00541a53e544b21c615d221a6937a0f3c90ea8b2fa,0x28c6c06298d514db089934071355e5743bf21d60,0x6bf891fcebc8f8ed3cce4c75e8c33c2c32fb148d,50.9154,,,,ATA,erc20,"{'value': '0x02c297d689e4ec8000', 'address': '0xa2120b9e674d3fc3875f415a7df52e382f141225', 'decimal': '0x12'}",{'blockTimestamp': '2021-12-05T15:43:54.000Z'}
298,0xd1c2a4,0x4390aa4cff33068ec07651440b2bf4cd28ad03cb05ab44a67a4d248a0ac30a56:log:11,0x4390aa4cff33068ec07651440b2bf4cd28ad03cb05ab44a67a4d248a0ac30a56,0xf7bb3785a9d73d1140d18371be511c8d6ca06536,0x28c6c06298d514db089934071355e5743bf21d60,14880.357142857143,,,,ATA,erc20,"{'value': '0x0326aa705deae2916db6', 'address': '0xa2120b9e674d3fc3875f415a7df52e382f141225', 'decimal': '0x12'}",{'blockTimestamp': '2021-12-05T15:30:58.000Z'}
299,0xd1c2a2,0xbf625498d910458d9414948e456a99cc0798fcab7288523ccfa20f2a76c8eb61:log:189,0xbf625498d910458d9414948e456a99cc0798fcab7288523ccfa20f2a76c8eb61,0x0f5852d319c9bf3f58ac4cb32dca980da426804e,0x28c6c06298d514db089934071355e5743bf21d60,312503.68643172004,,,,ATA,erc20,"{'value': '0x422cdbd976286ceaff49', 'address': '0xa2120b9e674d3fc3875f415a7df52e382f141225', 'decimal': '0x12'}",{'blockTimestamp': '2021-12-05T15:30:20.000Z'}
300,0xd1c177,0xabb30870db893171fc861faf8558c5acb80db3c6623e0d00bb102793935047d6:log:520,0xabb30870db893171fc861faf8558c5acb80db3c6623e0d00bb102793935047d6,0x4d883824258f7253101f266a23207dcb2dd45768,0xf7bb3785a9d73d1140d18371be511c8d6ca06536,14880.357142857143,,,,ATA,erc20,"{'value': '0x0326aa705deae2916db6', 'address': '0xa2120b9e674d3fc3875f415a7df52e382f141225', 'decimal': '0x12'}",{'blockTimestamp': '2021-12-05T14:20:19.000Z'}
301,0xd1c12b,0xaff437c434357f1d944a1b6eb648b2e859734cf67d16e904aed7600ed40906a4:log:619,0xaff437c434357f1d944a1b6eb648b2e859734cf67d16e904aed7600ed40906a4,0xa2120b9e674d3fc3875f415a7df52e382f141225,0x4d883824258f7253101f266a23207dcb2dd45768,14880.357142857143,,,,ATA,erc20,"{'value': '0x0326aa705deae2916db6', 'address': '0xa2120b9e674d3fc3875f415a7df52e382f141225', 'decimal': '0x12'}",{'blockTimestamp': '2021-12-05T14:02:24.000Z'}
302,0xd1bd00,0xd3520b67ee500d84f8dcbfdd824afd141cca2caea1dc6d9344b6a6e27c78be83:log:81,0xd3520b67ee500d84f8dcbfdd824afd141cca2caea1dc6d9344b6a6e27c78be83,0x979cffc1e0ad377ba851d3b8d79be550e672cad3,0x95b564f3b3bae3f206aa418667ba000afafacc8a,4043.0312,,,,ATA,erc20,"{'value': '0xdb2c543f80ad4a0000', 'address': '0xa2120b9e674d3fc3875f415a7df52e382f141225', 'decimal': '0x12'}",{'blockTimestamp': '2021-12-05T09:57:47.000Z'}
303,0xd1bcd0,0x3156b7f604b0ebe5baca22af86cf6e419e3d6cf1eb2391aaa20036f9a9cd7baa:log:35,0x3156b7f604b0ebe5baca22af86cf6e419e3d6cf1eb2391aaa20036f9a9cd7baa,0x27e5d34338d3a160398d80d1df674befc06c096b,0xfe6612ee6b7e881fd5dd84e43f84f3f951dc703a,476171.4285714286,,,,ATA,erc20,"{'value': '0x64d54e0bbd5c522db6db', 'address': '0xa2120b9e674d3fc3875f415a7df52e382f141225', 'decimal': '0x12'}",{'blockTimestamp': '2021-12-05T09:44:44.000Z'}
304,0xd1bccb,0xd1cbc207703c298003c28cf9ec5e31f908d75e1ac4c83b5f64c5dbbcfeeb6ada:log:131,0xd1cbc207703c298003c28cf9ec5e31f908d75e1ac4c83b5f64c5dbbcfeeb6ada,0x511dbe9e6b7ede607f47d00a681bd5c7a6d397a1,0x40ec5b33f54e0e8a33a975908c5ba1c14e5bbbdf,13957.0,,,,ATA,erc20,"{'value': '0x02f49c48d0a50ef40000', 'address': '0xa2120b9e674d3fc3875f415a7df52e382f141225', 'decimal': '0x12'}",{'blockTimestamp': '2021-12-05T09:43:54.000Z'}
305,0xd1bcb3,0x2bafb69fac73b24360dd98bb36d10cac8a5a665d332c0ee339f6ff76aa30a264:log:2,0x2bafb69fac73b24360dd98bb36d10cac8a5a665d332c0ee339f6ff76aa30a264,0xdfd5293d8e347dfe59e90efd55b2956a1343963d,0x511dbe9e6b7ede607f47d00a681bd5c7a6d397a1,13957.0,,,,ATA,erc20,"{'value': '0x02f49c48d0a50ef40000', 'address': '0xa2120b9e674d3fc3875f415a7df52e382f141225', 'decimal': '0x12'}",{'blockTimestamp': '2021-12-05T09:39:55.000Z'}
306,0xd1bcb1,0xaeec8b99d4bd1d225263b6d73c622f775c58a06c826b8fe56d7b32d7a93af0ac:log:48,0xaeec8b99d4bd1d225263b6d73c622f775c58a06c826b8fe56d7b32d7a93af0ac,0x6dd264507b564ec8350ef2d6a752ca1fc098a3fe,0x95b564f3b3bae3f206aa418667ba000afafacc8a,35970.950000000004,,,,ATA,erc20,"{'value': '0x079dfd361abd29670000', 'address': '0xa2120b9e674d3fc3875f415a7df52e382f141225', 'decimal': '0x12'}",{'blockTimestamp': '2021-12-05T09:39:47.000Z'}
307,0xd1bc90,0x259d62b7904efd00ccbe83d1eaaca399feff2ce47523ab1bef354c31a8820695:log:65,0x259d62b7904efd00ccbe83d1eaaca399feff2ce47523ab1bef354c31a8820695,0x21a31ee1afc51d94c2efccaa2092ad1028285549,0x979cffc1e0ad377ba851d3b8d79be550e672cad3,2445.6732,,,,ATA,erc20,"{'value': '0x849488a1ab04df0000', 'address': '0xa2120b9e674d3fc3875f415a7df52e382f141225', 'decimal': '0x12'}",{'blockTimestamp': '2021-12-05T09:33:39.000Z'}
308,0xd1bc6c,0x48edfa48e728cd8660492d6dd5713633658f50ac5a72594ef477ced9b721be62:log:22,0x48edfa48e728cd8660492d6dd5713633658f50ac5a72594ef477ced9b721be62,0x28c6c06298d514db089934071355e5743bf21d60,0x6dd264507b564ec8350ef2d6a752ca1fc098a3fe,35970.950000000004,,,,ATA,erc20,"{'value': '0x079dfd361abd29670000', 'address': '0xa2120b9e674d3fc3875f415a7df52e382f141225', 'decimal': '0x12'}",{'blockTimestamp': '2021-12-05T09:25:56.000Z'}
309,0xd1bc3c,0xc9f511ec51cdedb8191e20ce17035484424baa616fff0c247855064f80d1e3b5:log:42,0xc9f511ec51cdedb8191e20ce17035484424baa616fff0c247855064f80d1e3b5,0xdfd5293d8e347dfe59e90efd55b2956a1343963d,0x979cffc1e0ad377ba851d3b8d79be550e672cad3,1597.3580000000002,,,,ATA,erc20,"{'value': '0x5697cb9dd5a86b0000', 'address': '0xa2120b9e674d3fc3875f415a7df52e382f141225', 'decimal': '0x12'}",{'blockTimestamp': '2021-12-05T09:14:28.000Z'}
310,0xd1bc02,0x39e50e1b6d0937407c16ab66c03d699ed047033536c895e478a87fc341888496:log:50,0x39e50e1b6d0937407c16ab66c03d699ed047033536c895e478a87fc341888496,0x93ba3a27f94397e82564ffbd1d8de4ec079b3555,0x1beae61f21564d8601a45139e7e57c85670cb2c3,361.43665999999996,,,,ATA,erc20,"{'value': '0x1397f0f74be7a34000', 'address': '0xa2120b9e674d3fc3875f415a7df52e382f141225', 'decimal': '0x12'}",{'blockTimestamp': '2021-12-05T08:59:21.000Z'}
311,0xd1bbe4,0x094b56074e2e1ec565faf8f0d81758d77de84e2c0477257bd860e4a99159307e:log:8,0x094b56074e2e1ec565faf8f0d81758d77de84e2c0477257bd860e4a99159307e,0x21a31ee1afc51d94c2efccaa2092ad1028285549,0x191b31ad807cae71b5d2bf40fb8db26d7a3389e4,1379.576,,,,ATA,erc20,"{'value': '0x4ac97686b16e4c0000', 'address': '0xa2120b9e674d3fc3875f415a7df52e382f141225', 'decimal': '0x12'}",{'blockTimestamp': '2021-12-05T08:52:24.000Z'}
312,0xd1bb4a,0x955f12c8d8c497103b42b9d21d28d949acbc52ecad5bda94d5b28e57d2c42158:log:27,0x955f12c8d8c497103b42b9d21d28d949acbc52ecad5bda94d5b28e57d2c42158,0xb0325dbe7fa891436e83a094f9f12848c78e449b,0x0f5852d319c9bf3f58ac4cb32dca980da426804e,312503.68643172004,,,,ATA,erc20,"{'value': '0x422cdbd976286ceaff49', 'address': '0xa2120b9e674d3fc3875f415a7df52e382f141225', 'decimal': '0x12'}",{'blockTimestamp': '2021-12-05T08:15:20.000Z'}
313,0xd1bb3c,0x3ffc4cef3e0addcb14165dc01d9ef77cb8f9c6260337bfe9521b3b4f24a27c2a:log:280,0x3ffc4cef3e0addcb14165dc01d9ef77cb8f9c6260337bfe9521b3b4f24a27c2a,0xa2120b9e674d3fc3875f415a7df52e382f141225,0xb0325dbe7fa891436e83a094f9f12848c78e449b,312500.0,,,,ATA,erc20,"{'value': '0x422ca8b0a00a42500000', 'address': '0xa2120b9e674d3fc3875f415a7df52e382f141225', 'decimal': '0x12'}",{'blockTimestamp': '2021-12-05T08:11:00.000Z'}
314,0xd1ba7e,0xb9d34fe43ef9eb969178e0a2751c86dce691acac50f13851673a9e49920e9c8c:log:60,0xb9d34fe43ef9eb969178e0a2751c86dce691acac50f13851673a9e49920e9c8c,0xa2120b9e674d3fc3875f415a7df52e382f141225,0x1640555d9937cec3b9cca3225edbe9771b1185ec,31250.0,,,,ATA,erc20,"{'value': '0x069e10de76676d080000', 'address': '0xa2120b9e674d3fc3875f415a7df52e382f141225', 'decimal': '0x12'}",{'blockTimestamp': '2021-12-05T07:28:26.000Z'}
315,0xd1b305,0xbfbcc556ceb0b8baa39387084bda26156f14453ed112f928ebde7776da05b291:log:100,0xbfbcc556ceb0b8baa39387084bda26156f14453ed112f928ebde7776da05b291,0x511dbe9e6b7ede607f47d00a681bd5c7a6d397a1,0x40ec5b33f54e0e8a33a975908c5ba1c14e5bbbdf,15622.172421790001,,,,ATA,erc20,"{'value': '0x034ee131a7cd18d4ac00', 'address': '0xa2120b9e674d3fc3875f415a7df52e382f141225', 'decimal': '0x12'}",{'blockTimestamp': '2021-12-05T00:14:52.000Z'}
316,0xd1b2f8,0x93d104320966b01894f921fc45615e5933dbb7da70472a56d078cee68c876af8:log:39,0x93d104320966b01894f921fc45615e5933dbb7da70472a56d078cee68c876af8,0x28c6c06298d514db089934071355e5743bf21d60,0x511dbe9e6b7ede607f47d00a681bd5c7a6d397a1,15622.172421790001,,,,ATA,erc20,"{'value': '0x034ee131a7cd18d4ac00', 'address': '0xa2120b9e674d3fc3875f415a7df52e382f141225', 'decimal': '0x12'}",{'blockTimestamp': '2021-12-05T00:11:23.000Z'}
317,0xd1b010,0x9fcafd34f0ee0af12b19b6cbdc128db96b565ed57bb61f7a205d44b05ca28bcf:log:185,0x9fcafd34f0ee0af12b19b6cbdc128db96b565ed57bb61f7a205d44b05ca28bcf,0xfa35113163bfd33c18a01d1a62d4d14a1ed30a42,0x40ec5b33f54e0e8a33a975908c5ba1c14e5bbbdf,403.5496083874377,,,,ATA,erc20,"{'value': '0x15e06036bb1d387411', 'address': '0xa2120b9e674d3fc3875f415a7df52e382f141225', 'decimal': '0x12'}",{'blockTimestamp': '2021-12-04T21:20:03.000Z'}
318,0xd1b00b,0xf1dc4908db98cd156461791639ea6702d1800627ad5a932969a139d448e6239d:log:170,0xf1dc4908db98cd156461791639ea6702d1800627ad5a932969a139d448e6239d,0x5654d65578cda52791879751141f2f3d7dc27fe4,0xfa35113163bfd33c18a01d1a62d4d14a1ed30a42,403.5496083874377,,,,ATA,erc20,"{'value': '0x15e06036bb1d387411', 'address': '0xa2120b9e674d3fc3875f415a7df52e382f141225', 'decimal': '0x12'}",{'blockTimestamp': '2021-12-04T21:17:46.000Z'}
319,0xd1af58,0x17b2048339aa9fc483cfdeefb20e080cb9dbd8d37857ebf6c5607389eea10990:log:249,0x17b2048339aa9fc483cfdeefb20e080cb9dbd8d37857ebf6c5607389eea10990,0xa2120b9e674d3fc3875f415a7df52e382f141225,0xa0ff757077b5d796259582b2b9db99c906277007,23808.571428571428,,,,ATA,erc20,"{'value': '0x050aaa4d63116a824924', 'address': '0xa2120b9e674d3fc3875f415a7df52e382f141225', 'decimal': '0x12'}",{'blockTimestamp': '2021-12-04T20:38:56.000Z'}
320,0xd1ad3e,0x2b1902598dd8094dbe43b9626af32268bdc6393a2d894f7da886ecd08db4146d:log:27,0x2b1902598dd8094dbe43b9626af32268bdc6393a2d894f7da886ecd08db4146d,0x6d9635a2e167d5e9cfe153b86577c7aaa4df8e18,0x28c6c06298d514db089934071355e5743bf21d60,44641.07142857143,,,,ATA,erc20,"{'value': '0x0973ff5119c0a7b44924', 'address': '0xa2120b9e674d3fc3875f415a7df52e382f141225', 'decimal': '0x12'}",{'blockTimestamp': '2021-12-04T18:30:29.000Z'}
321,0xd1acb9,0x7bedc1406cd03c5df7e2d60e568095aa9c284d7e93c18141655dc0ce97b1c1fb:log:0,0x7bedc1406cd03c5df7e2d60e568095aa9c284d7e93c18141655dc0ce97b1c1fb,0xdfd5293d8e347dfe59e90efd55b2956a1343963d,0x20e74b82e9c2b24063c516397cd1fc2eeeb17cc0,21315.8,,,,ATA,erc20,"{'value': '0x048388263c0d277c0000', 'address': '0xa2120b9e674d3fc3875f415a7df52e382f141225', 'decimal': '0x12'}",{'blockTimestamp': '2021-12-04T17:55:27.000Z'}
322,0xd1a92b,0xbf8821f315a29590e68052ae93015f36f62192dee4b6277cba5403f6bfdedd12:log:125,0xbf8821f315a29590e68052ae93015f36f62192dee4b6277cba5403f6bfdedd12,0x21a31ee1afc51d94c2efccaa2092ad1028285549,0x20e74b82e9c2b24063c516397cd1fc2eeeb17cc0,23655.8,,,,ATA,erc20,"{'value': '0x0502622c3e33358c0000', 'address': '0xa2120b9e674d3fc3875f415a7df52e382f141225', 'decimal': '0x12'}",{'blockTimestamp': '2021-12-04T14:33:45.000Z'}
323,0xd1a8be,0x6c825f17553e0d1aec7368ea30944674f413874232ee0f5442c9059dfdf27c0f:log:321,0x6c825f17553e0d1aec7368ea30944674f413874232ee0f5442c9059dfdf27c0f,0x8fbef0d5e0d37a9e3fa43bfa03c69f73c90ec17e,0x6d9635a2e167d5e9cfe153b86577c7aaa4df8e18,44641.07142857143,,,,ATA,erc20,"{'value': '0x0973ff5119c0a7b44924', 'address': '0xa2120b9e674d3fc3875f415a7df52e382f141225', 'decimal': '0x12'}",{'blockTimestamp': '2021-12-04T14:09:29.000Z'}
324,0xd1a877,0x42cf42b1833ad43412ab885e064c4c81211056076765342ed560966c3bd08890:log:403,0x42cf42b1833ad43412ab885e064c4c81211056076765342ed560966c3bd08890,0xa2120b9e674d3fc3875f415a7df52e382f141225,0x61f92a958f2116c1ed916a6d29ef55b1da016d55,312500.0,,,,ATA,erc20,"{'value': '0x422ca8b0a00a42500000', 'address': '0xa2120b9e674d3fc3875f415a7df52e382f141225', 'decimal': '0x12'}",{'blockTimestamp': '2021-12-04T13:51:59.000Z'}
325,0xd1a7cc,0x9d8bcac2af65d4cb2216694160dfef4cd51e6cbc0b762ada7c9d63528e96cfec:log:178,0x9d8bcac2af65d4cb2216694160dfef4cd51e6cbc0b762ada7c9d63528e96cfec,0x28c6c06298d514db089934071355e5743bf21d60,0x95b564f3b3bae3f206aa418667ba000afafacc8a,97828.67000000001,,,,ATA,erc20,"{'value': '0x14b74d86167e01930000', 'address': '0xa2120b9e674d3fc3875f415a7df52e382f141225', 'decimal': '0x12'}",{'blockTimestamp': '2021-12-04T13:09:53.000Z'}
326,0xd1a753,0x5168bf4a897faaa341b2ddae1f9d30371a8354b2b71e3545049ead37cc46896e:log:116,0x5168bf4a897faaa341b2ddae1f9d30371a8354b2b71e3545049ead37cc46896e,0x28c6c06298d514db089934071355e5743bf21d60,0xf977814e90da44bfa03b6295a0616a897441acec,46761741.99999999,,,,ATA,erc20,"{'value': '0x26ae2f1cfff09ce3780000', 'address': '0xa2120b9e674d3fc3875f415a7df52e382f141225', 'decimal': '0x12'}",{'blockTimestamp': '2021-12-04T12:40:08.000Z'}
327,0xd1a73b,0x6bde1a295e82c70a3528a830bcf41411f4d2febb2f1f466501c24a2888010cb6:log:175,0x6bde1a295e82c70a3528a830bcf41411f4d2febb2f1f466501c24a2888010cb6,0x1756fd71985dadb46cd664f443c1b11a32a51092,0x28c6c06298d514db089934071355e5743bf21d60,44400000.0,,,,ATA,erc20,"{'value': '0x24ba10d2aabe0386000000', 'address': '0xa2120b9e674d3fc3875f415a7df52e382f141225', 'decimal': '0x12'}",{'blockTimestamp': '2021-12-04T12:31:06.000Z'}
328,0xd1a73a,0x96cf37338f87393179d3efe5e28a7b21b4f5d5c6c098189bd8c75ccd8d9f1640:log:86,0x96cf37338f87393179d3efe5e28a7b21b4f5d5c6c098189bd8c75ccd8d9f1640,0xcf30dfed07cb9977cfcc3ee5a5b15b45b1663ab5,0x28c6c06298d514db089934071355e5743bf21d60,633910.7142857142,,,,ATA,erc20,"{'value': '0x863c5e61c7f31b3adb6d', 'address': '0xa2120b9e674d3fc3875f415a7df52e382f141225', 'decimal': '0x12'}",{'blockTimestamp': '2021-12-04T12:30:51.000Z'}
329,0xd1a73a,0xa70e27593e1523b94846049d043446a18dc5d57144b936658f9f423bbf285aa1:log:60,0xa70e27593e1523b94846049d043446a18dc5d57144b936658f9f423bbf285aa1,0x43e94bc9d1d59fde92453d022ccb012218c6f038,0x28c6c06298d514db089934071355e5743bf21d60,29760.714285714286,,,,ATA,erc20,"{'value': '0x064d54e0bbd5c522db6d', 'address': '0xa2120b9e674d3fc3875f415a7df52e382f141225', 'decimal': '0x12'}",{'blockTimestamp': '2021-12-04T12:30:51.000Z'}
330,0xd1a73a,0x9778871ae95734378c5f19bbc55f3b94469d2a5b394c408b614dd9823d43965d:log:37,0x9778871ae95734378c5f19bbc55f3b94469d2a5b394c408b614dd9823d43965d,0xbf6b41e10144130726b34b242a67523a853fbcfb,0x28c6c06298d514db089934071355e5743bf21d60,595214.2857142857,,,,ATA,erc20,"{'value': '0x7e0aa18eacb366b92492', 'address': '0xa2120b9e674d3fc3875f415a7df52e382f141225', 'decimal': '0x12'}",{'blockTimestamp': '2021-12-04T12:30:51.000Z'}
331,0xd1a707,0xa0bd53ed1522e19bb276b47eb8c314576ee5e2dc59e200ac51d647d3991cd66c:log:34,0xa0bd53ed1522e19bb276b47eb8c314576ee5e2dc59e200ac51d647d3991cd66c,0xdfd5293d8e347dfe59e90efd55b2956a1343963d,0x20e74b82e9c2b24063c516397cd1fc2eeeb17cc0,21075.8,,,,ATA,erc20,"{'value': '0x0476857af3a039bc0000', 'address': '0xa2120b9e674d3fc3875f415a7df52e382f141225', 'decimal': '0x12'}",{'blockTimestamp': '2021-12-04T12:17:27.000Z'}
332,0xd1a5f4,0x9d8b1315f8701e2290f84d09c80916ff941da0ed71d53c50a04a9cd360bb5284:log:346,0x9d8b1315f8701e2290f84d09c80916ff941da0ed71d53c50a04a9cd360bb5284,0xa2120b9e674d3fc3875f415a7df52e382f141225,0x0fef682990c99003acf47cb9cd872b43544547c9,44641.07142857143,,,,ATA,erc20,"{'value': '0x0973ff5119c0a7b44924', 'address': '0xa2120b9e674d3fc3875f415a7df52e382f141225', 'decimal': '0x12'}",{'blockTimestamp': '2021-12-04T11:17:30.000Z'}
333,0xd1a3e3,0xd039c8abb0fadde95f9777366835d7920bd8efa7558720a06de1cad6050a6f64:log:94,0xd039c8abb0fadde95f9777366835d7920bd8efa7558720a06de1cad6050a6f64,0x21a31ee1afc51d94c2efccaa2092ad1028285549,0xb9728f32616987b0a836cde43fe11f07d6113157,7913.4980000000005,,,,ATA,erc20,"{'value': '0x01acfdd8977d9c290000', 'address': '0xa2120b9e674d3fc3875f415a7df52e382f141225', 'decimal': '0x12'}",{'blockTimestamp': '2021-12-04T09:17:35.000Z'}
334,0xd1a36a,0x148e5c4dac55dd46d4bf7089bc91835dae3b87585e1d7da0ff1baa57bc704ae7:log:88,0x148e5c4dac55dd46d4bf7089bc91835dae3b87585e1d7da0ff1baa57bc704ae7,0x28c6c06298d514db089934071355e5743bf21d60,0x20e74b82e9c2b24063c516397cd1fc2eeeb17cc0,27356.0,,,,ATA,erc20,"{'value': '0x05caf8c365b341f00000', 'address': '0xa2120b9e674d3fc3875f415a7df52e382f141225', 'decimal': '0x12'}",{'blockTimestamp': '2021-12-04T08:47:22.000Z'}
335,0xd1a2c3,0xd212f94b8c16c750de81ea7803aee692c1960588ec507e672c6975973b2c35f6:log:89,0xd212f94b8c16c750de81ea7803aee692c1960588ec507e672c6975973b2c35f6,0xa2120b9e674d3fc3875f415a7df52e382f141225,0x8fbef0d5e0d37a9e3fa43bfa03c69f73c90ec17e,44641.07142857143,,,,ATA,erc20,"{'value': '0x0973ff5119c0a7b44924', 'address': '0xa2120b9e674d3fc3875f415a7df52e382f141225', 'decimal': '0x12'}",{'blockTimestamp': '2021-12-04T08:08:44.000Z'}
336,0xd1a20a,0xea9699a0a97c1fb7a980f0d23cf47f46666ef6f8dbb92d1db244a024f7a2e889:log:144,0xea9699a0a97c1fb7a980f0d23cf47f46666ef6f8dbb92d1db244a024f7a2e889,0x61068c3f88a0b6fd9d4cd6a7e604c78290987354,0x1756fd71985dadb46cd664f443c1b11a32a51092,29400000.0,,,,ATA,erc20,"{'value': '0x1851b1318cbc1717000000', 'address': '0xa2120b9e674d3fc3875f415a7df52e382f141225', 'decimal': '0x12'}",{'blockTimestamp': '2021-12-04T07:26:48.000Z'}
337,0xd1a196,0x6a26e403e7432137e9a11dd23264255cdda84170c464c6a998081d413d42a06f:log:479,0x6a26e403e7432137e9a11dd23264255cdda84170c464c6a998081d413d42a06f,0xa2120b9e674d3fc3875f415a7df52e382f141225,0x61068c3f88a0b6fd9d4cd6a7e604c78290987354,29400000.0,,,,ATA,erc20,"{'value': '0x1851b1318cbc1717000000', 'address': '0xa2120b9e674d3fc3875f415a7df52e382f141225', 'decimal': '0x12'}",{'blockTimestamp': '2021-12-04T06:57:50.000Z'}
338,0xd1a177,0x2d238b075ca4deef62ba33300040ccd0409da1568e83e1ce771c73f5fbe14e2a:log:25,0x2d238b075ca4deef62ba33300040ccd0409da1568e83e1ce771c73f5fbe14e2a,0x8c64cffd734b7981be14a545570c1e96daa69066,0x1756fd71985dadb46cd664f443c1b11a32a51092,15000000.0,,,,ATA,erc20,"{'value': '0x0c685fa11e01ec6f000000', 'address': '0xa2120b9e674d3fc3875f415a7df52e382f141225', 'decimal': '0x12'}",{'blockTimestamp': '2021-12-04T06:47:54.000Z'}
339,0xd1a135,0x70fd4ac321e8bc4fa38b70229996b137576c5ac0ba4644fd06131c1158c54bfb:log:52,0x70fd4ac321e8bc4fa38b70229996b137576c5ac0ba4644fd06131c1158c54bfb,0xdfd5293d8e347dfe59e90efd55b2956a1343963d,0xffe9be91eeee0a168d9b92abc6cb3aeaf0e76e43,150000.0,,,,ATA,erc20,"{'value': '0x1fc3842bd1f071c00000', 'address': '0xa2120b9e674d3fc3875f415a7df52e382f141225', 'decimal': '0x12'}",{'blockTimestamp': '2021-12-04T06:33:32.000Z'}
340,0xd1a12e,0x3cb3f69726212990a67c0020e387cdd655d35d468270e03b37f5d7b6efdc330b:log:109,0x3cb3f69726212990a67c0020e387cdd655d35d468270e03b37f5d7b6efdc330b,0xa2120b9e674d3fc3875f415a7df52e382f141225,0x27e5d34338d3a160398d80d1df674befc06c096b,476171.4285714286,,,,ATA,erc20,"{'value': '0x64d54e0bbd5c522db6db', 'address': '0xa2120b9e674d3fc3875f415a7df52e382f141225', 'decimal': '0x12'}",{'blockTimestamp': '2021-12-04T06:31:35.000Z'}
341,0xd1a120,0xd56a17ffec4377c373cfc081366bdc153d09f75f26509a151da5aebc4822dd0f:log:451,0xd56a17ffec4377c373cfc081366bdc153d09f75f26509a151da5aebc4822dd0f,0xa2120b9e674d3fc3875f415a7df52e382f141225,0x8c64cffd734b7981be14a545570c1e96daa69066,15000000.0,,,,ATA,erc20,"{'value': '0x0c685fa11e01ec6f000000', 'address': '0xa2120b9e674d3fc3875f415a7df52e382f141225', 'decimal': '0x12'}",{'blockTimestamp': '2021-12-04T06:28:42.000Z'}
342,0xd1a101,0xbf29512a9f3483cd732ddc7765e7ab5f6364c875b3f46a6bf708a7c212e51f5f:log:86,0xbf29512a9f3483cd732ddc7765e7ab5f6364c875b3f46a6bf708a7c212e51f5f,0x21a31ee1afc51d94c2efccaa2092ad1028285549,0x02742aa3d0ca88052cd8f7db2bc7629842e3dff3,49999.99999999999,,,,ATA,erc20,"{'value': '0x0a968163f0a57b400000', 'address': '0xa2120b9e674d3fc3875f415a7df52e382f141225', 'decimal': '0x12'}",{'blockTimestamp': '2021-12-04T06:20:16.000Z'}
343,0xd1a0fc,0xc12600e4c0093016544dab23c09a6a6b3b536e16e4fa130be8cae1e384da31d1:log:314,0xc12600e4c0093016544dab23c09a6a6b3b536e16e4fa130be8cae1e384da31d1,0x28c6c06298d514db089934071355e5743bf21d60,0x27f904be4e0c76fecbcec4f2ebe8c8ddb7f06b02,49999.99999999999,,,,ATA,erc20,"{'value': '0x0a968163f0a57b400000', 'address': '0xa2120b9e674d3fc3875f415a7df52e382f141225', 'decimal': '0x12'}",{'blockTimestamp': '2021-12-04T06:18:20.000Z'}
344,0xd1a0cb,0xc407734ed6f4994d5a25eb27871a94f2780c365a8d0d2c67b3d64896c7eee5de:log:237,0xc407734ed6f4994d5a25eb27871a94f2780c365a8d0d2c67b3d64896c7eee5de,0xdedea2917faa29bdd6245987d4c0647d246afabd,0x43e94bc9d1d59fde92453d022ccb012218c6f038,29760.714285714286,,,,ATA,erc20,"{'value': '0x064d54e0bbd5c522db6d', 'address': '0xa2120b9e674d3fc3875f415a7df52e382f141225', 'decimal': '0x12'}",{'blockTimestamp': '2021-12-04T06:08:48.000Z'}
345,0xd1a0bf,0xaf5a59e9064b85d0fec5591a89090bc0f0c4bda945415df5e81639716c7d838d:log:326,0xaf5a59e9064b85d0fec5591a89090bc0f0c4bda945415df5e81639716c7d838d,0xd924ea8fe7fce36b448bacca523090bb7976ae07,0xbf6b41e10144130726b34b242a67523a853fbcfb,595214.2857142857,,,,ATA,erc20,"{'value': '0x7e0aa18eacb366b92492', 'address': '0xa2120b9e674d3fc3875f415a7df52e382f141225', 'decimal': '0x12'}",{'blockTimestamp': '2021-12-04T06:05:30.000Z'}
346,0xd1a0b4,0xceeafe49ddb464b7e418da8d392cd5f86804da9d93107c21aeda7df0cf3e3cbd:log:480,0xceeafe49ddb464b7e418da8d392cd5f86804da9d93107c21aeda7df0cf3e3cbd,0x02d115a57c075ad4767848b6881ea10a24ac39b2,0xcf30dfed07cb9977cfcc3ee5a5b15b45b1663ab5,633910.7142857142,,,,ATA,erc20,"{'value': '0x863c5e61c7f31b3adb6d', 'address': '0xa2120b9e674d3fc3875f415a7df52e382f141225', 'decimal': '0x12'}",{'blockTimestamp': '2021-12-04T06:01:23.000Z'}
347,0xd1a0b2,0x10f67a5a29c5c10108e20ac8569cb82f461f50dfe95b9fd8eb5230df6570bf91:log:135,0x10f67a5a29c5c10108e20ac8569cb82f461f50dfe95b9fd8eb5230df6570bf91,0xa2120b9e674d3fc3875f415a7df52e382f141225,0x02d115a57c075ad4767848b6881ea10a24ac39b2,633910.7142857142,,,,ATA,erc20,"{'value': '0x863c5e61c7f31b3adb6d', 'address': '0xa2120b9e674d3fc3875f415a7df52e382f141225', 'decimal': '0x12'}",{'blockTimestamp': '2021-12-04T06:01:05.000Z'}
348,0xd1a0a3,0x43f8506cc62a48c382dc3c7b52f030d8ac7931d667e913022ea305dc227dae34:log:389,0x43f8506cc62a48c382dc3c7b52f030d8ac7931d667e913022ea305dc227dae34,0xa2120b9e674d3fc3875f415a7df52e382f141225,0xdedea2917faa29bdd6245987d4c0647d246afabd,29760.714285714286,,,,ATA,erc20,"{'value': '0x064d54e0bbd5c522db6d', 'address': '0xa2120b9e674d3fc3875f415a7df52e382f141225', 'decimal': '0x12'}",{'blockTimestamp': '2021-12-04T05:58:06.000Z'}
349,0xd1a0a3,0x0eae284d11c41e54ca965ac7498ad87bccdcb614f1cc6cf032a9aca86f1c9f5a:log:373,0x0eae284d11c41e54ca965ac7498ad87bccdcb614f1cc6cf032a9aca86f1c9f5a,0xa2120b9e674d3fc3875f415a7df52e382f141225,0xd924ea8fe7fce36b448bacca523090bb7976ae07,595214.2857142857,,,,ATA,erc20,"{'value': '0x7e0aa18eacb366b92492', 'address': '0xa2120b9e674d3fc3875f415a7df52e382f141225', 'decimal': '0x12'}",{'blockTimestamp': '2021-12-04T05:58:06.000Z'}
350,0xd19adc,0x7da4c14e9277959411f08e2153c063490db807f7e21f6056a0ced38867f0191e:log:158,0x7da4c14e9277959411f08e2153c063490db807f7e21f6056a0ced38867f0191e,0xdfd5293d8e347dfe59e90efd55b2956a1343963d,0x20e74b82e9c2b24063c516397cd1fc2eeeb17cc0,20215.54,,,,ATA,erc20,"{'value': '0x0447e2f97b7a8c320000', 'address': '0xa2120b9e674d3fc3875f415a7df52e382f141225', 'decimal': '0x12'}",{'blockTimestamp': '2021-12-04T00:09:57.000Z'}
351,0xd196f6,0xc705eb5310996c15469219e485b2d38bbc2f87f54eeeafcefc0ea6cceaf8f42e:log:51,0xc705eb5310996c15469219e485b2d38bbc2f87f54eeeafcefc0ea6cceaf8f42e,0x21a31ee1afc51d94c2efccaa2092ad1028285549,0xee9ee241f026e98373830bb2df2b146fbcf4a6ef,1522.442,,,,ATA,erc20,"{'value': '0x52882084c1af410000', 'address': '0xa2120b9e674d3fc3875f415a7df52e382f141225', 'decimal': '0x12'}",{'blockTimestamp': '2021-12-03T20:28:43.000Z'}
352,0xd19650,0x168a49603a8a0522ca573865623d1d3bcea5d30cde0864b1229a9a494e30f251:log:43,0x168a49603a8a0522ca573865623d1d3bcea5d30cde0864b1229a9a494e30f251,0x70945c46bacf23fd498696e504ed05558b197f52,0x8c48ea02d45c6b99fc0cec4acd2d73c93f9c1a05,988.5698895500001,,,,ATA,erc20,"{'value': '0x359729c4e0c2e50c00', 'address': '0xa2120b9e674d3fc3875f415a7df52e382f141225', 'decimal': '0x12'}",{'blockTimestamp': '2021-12-03T19:52:19.000Z'}
353,0xd1930e,0x0946bfd9bb5c86810fd2fdcc422619b16854357eadc3c979da989a1df523162c:log:43,0x0946bfd9bb5c86810fd2fdcc422619b16854357eadc3c979da989a1df523162c,0x28c6c06298d514db089934071355e5743bf21d60,0x70945c46bacf23fd498696e504ed05558b197f52,988.5698895500001,,,,ATA,erc20,"{'value': '0x359729c4e0c2e50c00', 'address': '0xa2120b9e674d3fc3875f415a7df52e382f141225', 'decimal': '0x12'}",{'blockTimestamp': '2021-12-03T16:42:41.000Z'}
354,0xd18b1f,0xda954b1735412b4622471880ed70e023e1db4a5c2fa507397ba0dbaed92e1f2a:log:115,0xda954b1735412b4622471880ed70e023e1db4a5c2fa507397ba0dbaed92e1f2a,0xd9db911aa78bab4d8638b11be07d873c37d384e9,0xa1d8d972560c2f8144af871db508f0b0b10a3fbf,2050.07190878,,,,ATA,erc20,"{'value': '0x6f22768349f6e9b800', 'address': '0xa2120b9e674d3fc3875f415a7df52e382f141225', 'decimal': '0x12'}",{'blockTimestamp': '2021-12-03T08:52:23.000Z'}
355,0xd18a2b,0xef85f1f2d163e98169c0b9ca71e7f060ba045cf090f5a0cbe9febf73fee5c3fb:log:42,0xef85f1f2d163e98169c0b9ca71e7f060ba045cf090f5a0cbe9febf73fee5c3fb,0x95b564f3b3bae3f206aa418667ba000afafacc8a,0xd9db911aa78bab4d8638b11be07d873c37d384e9,2050.07190878,,,,ATA,erc20,"{'value': '0x6f22768349f6e9b800', 'address': '0xa2120b9e674d3fc3875f415a7df52e382f141225', 'decimal': '0x12'}",{'blockTimestamp': '2021-12-03T07:55:15.000Z'}
356,0xd18a1f,0x0437ce3746a1925c5651ca39eddd81caa571dcfa5f407d8b4784b36d60faee60:log:75,0x0437ce3746a1925c5651ca39eddd81caa571dcfa5f407d8b4784b36d60faee60,0xdfd5293d8e347dfe59e90efd55b2956a1343963d,0x95b564f3b3bae3f206aa418667ba000afafacc8a,2637.34,,,,ATA,erc20,"{'value': '0x8ef871e4c618b60000', 'address': '0xa2120b9e674d3fc3875f415a7df52e382f141225', 'decimal': '0x12'}",{'blockTimestamp': '2021-12-03T07:53:57.000Z'}
357,0xd18833,0xbd72d30ecb89dc7745bafcaf58cb2ff92ed9d6521b8b3a50593ef0ff1427b91d:log:102,0xbd72d30ecb89dc7745bafcaf58cb2ff92ed9d6521b8b3a50593ef0ff1427b91d,0x21a31ee1afc51d94c2efccaa2092ad1028285549,0x6f1370a9d23815027b259864207642dee3acc50a,9766.0,,,,ATA,erc20,"{'value': '0x02116a79c983b0d80000', 'address': '0xa2120b9e674d3fc3875f415a7df52e382f141225', 'decimal': '0x12'}",{'blockTimestamp': '2021-12-03T06:03:40.000Z'}
358,0xd18758,0xfed84b8cf17af20fb70645f3dd6b040de0396c815da7b2bb746bcae46577a37c:log:36,0xfed84b8cf17af20fb70645f3dd6b040de0396c815da7b2bb746bcae46577a37c,0x28c6c06298d514db089934071355e5743bf21d60,0x48555c23909e4fdbf44fb4a827cf08432e1e2ce6,73.0,,,,ATA,erc20,"{'value': '0x03f514193abb840000', 'address': '0xa2120b9e674d3fc3875f415a7df52e382f141225', 'decimal': '0x12'}",{'blockTimestamp': '2021-12-03T05:08:30.000Z'}
359,0xd17db3,0x98a768506cdc1a5ed158f5c3784a22e7a6603e5ef238d2c0b93f48c8ec40f236:log:129,0x98a768506cdc1a5ed158f5c3784a22e7a6603e5ef238d2c0b93f48c8ec40f236,0x5654d65578cda52791879751141f2f3d7dc27fe4,0x4bba5f077a8fcfaf8d6d07c6cfbce553e2d94c9c,5861.423421166636,,,,ATA,erc20,"{'value': '0x013dbf972a6618319c18', 'address': '0xa2120b9e674d3fc3875f415a7df52e382f141225', 'decimal': '0x12'}",{'blockTimestamp': '2021-12-02T19:37:27.000Z'}
360,0xd17db1,0x1595d86da08c93792581066102346daf88289ece8e1c02a03c101a18136cfa60:log:434,0x1595d86da08c93792581066102346daf88289ece8e1c02a03c101a18136cfa60,0x74de5d4fcbf63e00296fd95d33236b9794016631,0x5654d65578cda52791879751141f2f3d7dc27fe4,5553.999999999999,,,,ATA,erc20,"{'value': '0x012d153bc5a597880000', 'address': '0xa2120b9e674d3fc3875f415a7df52e382f141225', 'decimal': '0x12'}",{'blockTimestamp': '2021-12-02T19:36:41.000Z'}
361,0xd17db1,0x1595d86da08c93792581066102346daf88289ece8e1c02a03c101a18136cfa60:log:431,0x1595d86da08c93792581066102346daf88289ece8e1c02a03c101a18136cfa60,0xc5945c9f8c4e5714685f733a2b91a2dcf8ba558b,0x74de5d4fcbf63e00296fd95d33236b9794016631,5553.999999999999,,,,ATA,erc20,"{'value': '0x012d153bc5a597880000', 'address': '0xa2120b9e674d3fc3875f415a7df52e382f141225', 'decimal': '0x12'}",{'blockTimestamp': '2021-12-02T19:36:41.000Z'}
362,0xd16c46,0x0b2422e40baeaf7612bc2ac1bfa003e5627fb3739001ff9d99de46854d8bc9cc:log:32,0x0b2422e40baeaf7612bc2ac1bfa003e5627fb3739001ff9d99de46854d8bc9cc,0xedfce7ed6807a89251ea60c37d390853ddb8661b,0x5654d65578cda52791879751141f2f3d7dc27fe4,457.58865960337096,,,,ATA,erc20,"{'value': '0x18ce517d802a0feb4e', 'address': '0xa2120b9e674d3fc3875f415a7df52e382f141225', 'decimal': '0x12'}",{'blockTimestamp': '2021-12-02T02:27:09.000Z'}
363,0xd16c46,0x0b2422e40baeaf7612bc2ac1bfa003e5627fb3739001ff9d99de46854d8bc9cc:log:30,0x0b2422e40baeaf7612bc2ac1bfa003e5627fb3739001ff9d99de46854d8bc9cc,0xedfce7ed6807a89251ea60c37d390853ddb8661b,0x382ffce2287252f930e1c8dc9328dac5bf282ba1,4.622107672761323,,,,ATA,erc20,"{'value': '0x402506707c8bcc12', 'address': '0xa2120b9e674d3fc3875f415a7df52e382f141225', 'decimal': '0x12'}",{'blockTimestamp': '2021-12-02T02:27:09.000Z'}
364,0xd1647c,0x03d04e3e10eda996e9a26b6edfc12664c5c0ac4177ab08c93964be1733ededb3:log:30,0x03d04e3e10eda996e9a26b6edfc12664c5c0ac4177ab08c93964be1733ededb3,0x28c6c06298d514db089934071355e5743bf21d60,0x743af79e4772e27b2f846cb45745fcf03259a789,133.7633,,,,ATA,erc20,"{'value': '0x074056b4a444024000', 'address': '0xa2120b9e674d3fc3875f415a7df52e382f141225', 'decimal': '0x12'}",{'blockTimestamp': '2021-12-01T18:56:30.000Z'}
365,0xd15d1a,0xdbae9d912f1ef38030bdb4e773f099889a80851e4d0db5036a87e935044faeca:log:5,0xdbae9d912f1ef38030bdb4e773f099889a80851e4d0db5036a87e935044faeca,0xe66b31678d6c16e9ebf358268a790b763c133750,0x85d0b1b8402cc57651cc4b4b7e01791d0a31b069,170.27583374129483,,,,ATA,erc20,"{'value': '0x093b0d48a0af5a0908', 'address': '0xa2120b9e674d3fc3875f415a7df52e382f141225', 'decimal': '0x12'}",{'blockTimestamp': '2021-12-01T11:43:23.000Z'}
366,0xd15d1a,0xdbae9d912f1ef38030bdb4e773f099889a80851e4d0db5036a87e935044faeca:log:2,0xdbae9d912f1ef38030bdb4e773f099889a80851e4d0db5036a87e935044faeca,0x5654d65578cda52791879751141f2f3d7dc27fe4,0xe66b31678d6c16e9ebf358268a790b763c133750,170.27583374129483,,,,ATA,erc20,"{'value': '0x093b0d48a0af5a0908', 'address': '0xa2120b9e674d3fc3875f415a7df52e382f141225', 'decimal': '0x12'}",{'blockTimestamp': '2021-12-01T11:43:23.000Z'}
367,0xd15d0b,0x080adffdf305f60b5381569834f31a3a25ecde7295a482570dbdab4c84a060e5:log:95,0x080adffdf305f60b5381569834f31a3a25ecde7295a482570dbdab4c84a060e5,0x5654d65578cda52791879751141f2f3d7dc27fe4,0x85d0b1b8402cc57651cc4b4b7e01791d0a31b069,32.11875880881929,,,,ATA,erc20,"{'value': '0x01bdbcc0f6d21f4a88', 'address': '0xa2120b9e674d3fc3875f415a7df52e382f141225', 'decimal': '0x12'}",{'blockTimestamp': '2021-12-01T11:40:11.000Z'}
368,0xd158dd,0x1719848abde224eba49f4d720444567ee29c0cad58e510e49a6ec2070c3f66ab:log:125,0x1719848abde224eba49f4d720444567ee29c0cad58e510e49a6ec2070c3f66ab,0xcd1459695cc075f2902973ddb45c2597eebfe2b9,0x40ec5b33f54e0e8a33a975908c5ba1c14e5bbbdf,24999.999999999996,,,,ATA,erc20,"{'value': '0x054b40b1f852bda00000', 'address': '0xa2120b9e674d3fc3875f415a7df52e382f141225', 'decimal': '0x12'}",{'blockTimestamp': '2021-12-01T07:29:30.000Z'}
369,0xd1589f,0xf8df840d7763d38082236790a801059cd812fa2d67f3b93503b44d9d5aaf475a:log:19,0xf8df840d7763d38082236790a801059cd812fa2d67f3b93503b44d9d5aaf475a,0xdfd5293d8e347dfe59e90efd55b2956a1343963d,0xcd1459695cc075f2902973ddb45c2597eebfe2b9,24999.999999999996,,,,ATA,erc20,"{'value': '0x054b40b1f852bda00000', 'address': '0xa2120b9e674d3fc3875f415a7df52e382f141225', 'decimal': '0x12'}",{'blockTimestamp': '2021-12-01T07:14:00.000Z'}
370,0xd1583e,0x20db698692e5306ff644388bcabd3db69146ddb3d781b19b3beb5b2e25baad55:log:53,0x20db698692e5306ff644388bcabd3db69146ddb3d781b19b3beb5b2e25baad55,0x21a31ee1afc51d94c2efccaa2092ad1028285549,0x05b3b98f7aca6e60cb84517262cd1e7e1d869c23,2570.6059999999998,,,,ATA,erc20,"{'value': '0x8b5a5319587fcb0000', 'address': '0xa2120b9e674d3fc3875f415a7df52e382f141225', 'decimal': '0x12'}",{'blockTimestamp': '2021-12-01T06:49:31.000Z'}
371,0xd14adc,0x29396b7159918fe6abc36f5762b5dfe56bed44b0f6557adb2a72fe5b0f806d10:log:155,0x29396b7159918fe6abc36f5762b5dfe56bed44b0f6557adb2a72fe5b0f806d10,0x28c6c06298d514db089934071355e5743bf21d60,0x4cdb69669c8aa3ffc84ad87927c584a41378b030,79.0,,,,ATA,erc20,"{'value': '0x0448586170a7dc0000', 'address': '0xa2120b9e674d3fc3875f415a7df52e382f141225', 'decimal': '0x12'}",{'blockTimestamp': '2021-11-30T17:51:02.000Z'}
372,0xd13f8f,0x12a352b9253c2ceff6de6120f3f74e7ef16864e4340bd193f2bada94503a3969:log:64,0x12a352b9253c2ceff6de6120f3f74e7ef16864e4340bd193f2bada94503a3969,0x72a4639f693e150e58d8f17a8caebd4c3e356827,0x28c6c06298d514db089934071355e5743bf21d60,1500.0,,,,ATA,erc20,"{'value': '0x5150ae84a8cdf00000', 'address': '0xa2120b9e674d3fc3875f415a7df52e382f141225', 'decimal': '0x12'}",{'blockTimestamp': '2021-11-30T06:31:16.000Z'}
373,0xd13bce,0x1ffdfe983e5fbd476f4f70d11b8a13b7254827dbb5c2aed303da41a17886cdf4:log:295,0x1ffdfe983e5fbd476f4f70d11b8a13b7254827dbb5c2aed303da41a17886cdf4,0xa489e69a835f818fa6c05d66c5c1a76eb394db32,0x72a4639f693e150e58d8f17a8caebd4c3e356827,1500.0,,,,ATA,erc20,"{'value': '0x5150ae84a8cdf00000', 'address': '0xa2120b9e674d3fc3875f415a7df52e382f141225', 'decimal': '0x12'}",{'blockTimestamp': '2021-11-30T02:51:14.000Z'}
374,0xd137e8,0xbeee93f481c98156f4e56bcdfac326f5e0075a411d894ac3c318c5462f49f39b:log:48,0xbeee93f481c98156f4e56bcdfac326f5e0075a411d894ac3c318c5462f49f39b,0xdfd5293d8e347dfe59e90efd55b2956a1343963d,0xc5945c9f8c4e5714685f733a2b91a2dcf8ba558b,5553.999999999999,,,,ATA,erc20,"{'value': '0x012d153bc5a597880000', 'address': '0xa2120b9e674d3fc3875f415a7df52e382f141225', 'decimal': '0x12'}",{'blockTimestamp': '2021-11-29T22:59:42.000Z'}
375,0xd13294,0x50c27febcaf216f451efc1f3d3c926f51e4537a41dd27577bd5518aa291450f7:log:152,0x50c27febcaf216f451efc1f3d3c926f51e4537a41dd27577bd5518aa291450f7,0x7f86fdb8e8fc2ecf89b2294acb3866851afd9d02,0xa1d8d972560c2f8144af871db508f0b0b10a3fbf,69.0,,,,ATA,erc20,"{'value': '0x03bd913e6c1df40000', 'address': '0xa2120b9e674d3fc3875f415a7df52e382f141225', 'decimal': '0x12'}",{'blockTimestamp': '2021-11-29T17:50:48.000Z'}
376,0xd13236,0x5bf79f3c63ca21d36e03be0030c6e9050b3b7336bc14906fae4b64b682f44912:log:135,0x5bf79f3c63ca21d36e03be0030c6e9050b3b7336bc14906fae4b64b682f44912,0x6767526a362ec6c6b1df185478e4f01506b73ff3,0x28c6c06298d514db089934071355e5743bf21d60,38000.00000000001,,,,ATA,erc20,"{'value': '0x080bfbefcb5f0bc00000', 'address': '0xa2120b9e674d3fc3875f415a7df52e382f141225', 'decimal': '0x12'}",{'blockTimestamp': '2021-11-29T17:29:50.000Z'}
377,0xd1308e,0xeb31acedc575c108b8d71ca948b237ae5d2f43684f654e4868f0a9745ad08bce:log:172,0xeb31acedc575c108b8d71ca948b237ae5d2f43684f654e4868f0a9745ad08bce,0x95b564f3b3bae3f206aa418667ba000afafacc8a,0x7f86fdb8e8fc2ecf89b2294acb3866851afd9d02,69.0,,,,ATA,erc20,"{'value': '0x03bd913e6c1df40000', 'address': '0xa2120b9e674d3fc3875f415a7df52e382f141225', 'decimal': '0x12'}",{'blockTimestamp': '2021-11-29T15:46:42.000Z'}
378,0xd12f4c,0xc88b2faad49952be7a64727af4753c7fefe42dd39f73b9dd3a34f1e17db8a283:log:51,0xc88b2faad49952be7a64727af4753c7fefe42dd39f73b9dd3a34f1e17db8a283,0x21a31ee1afc51d94c2efccaa2092ad1028285549,0x20e74b82e9c2b24063c516397cd1fc2eeeb17cc0,20019.66,,,,ATA,erc20,"{'value': '0x043d4497ed4ba0ae0000', 'address': '0xa2120b9e674d3fc3875f415a7df52e382f141225', 'decimal': '0x12'}",{'blockTimestamp': '2021-11-29T14:29:24.000Z'}
379,0xd12f47,0xafce3a974aab970f45d936d44372420a95bb9e2f65138c56d3e5e9aa8955ef78:log:255,0xafce3a974aab970f45d936d44372420a95bb9e2f65138c56d3e5e9aa8955ef78,0x28c6c06298d514db089934071355e5743bf21d60,0xe5fe54823175cc838ac0b8d23355293654dcbc5f,10040.0,,,,ATA,erc20,"{'value': '0x022044fd55ccd9e00000', 'address': '0xa2120b9e674d3fc3875f415a7df52e382f141225', 'decimal': '0x12'}",{'blockTimestamp': '2021-11-29T14:28:34.000Z'}
380,0xd12c7f,0x572381b86ab7dfed288e205bfccbacb66618b675e4fc46507062b89128400ea9:log:27,0x572381b86ab7dfed288e205bfccbacb66618b675e4fc46507062b89128400ea9,0x3c02290922a3618a4646e3bbca65853ea45fe7c6,0x6767526a362ec6c6b1df185478e4f01506b73ff3,38000.00000000001,,,,ATA,erc20,"{'value': '0x080bfbefcb5f0bc00000', 'address': '0xa2120b9e674d3fc3875f415a7df52e382f141225', 'decimal': '0x12'}",{'blockTimestamp': '2021-11-29T11:43:19.000Z'}
381,0xd1219f,0xeb5234b9f030e72d0e6abdc2374de306447d82e9f2df550f74314ade46749f61:log:26,0xeb5234b9f030e72d0e6abdc2374de306447d82e9f2df550f74314ade46749f61,0x95b564f3b3bae3f206aa418667ba000afafacc8a,0xea961febbae9b4b767a4302ac628918bc34c8416,55.35592763,,,,ATA,erc20,"{'value': '0x030037c2e426618c00', 'address': '0xa2120b9e674d3fc3875f415a7df52e382f141225', 'decimal': '0x12'}",{'blockTimestamp': '2021-11-29T00:56:24.000Z'}
382,0xd12198,0xdfb250b557e76f2c9daf03a15dfa078015b7b4c4f15b6831ca8501a8915be418:log:114,0xdfb250b557e76f2c9daf03a15dfa078015b7b4c4f15b6831ca8501a8915be418,0x95b564f3b3bae3f206aa418667ba000afafacc8a,0xea961febbae9b4b767a4302ac628918bc34c8416,2477.61139816,,,,ATA,erc20,"{'value': '0x864fc3e7adc1b4a000', 'address': '0xa2120b9e674d3fc3875f415a7df52e382f141225', 'decimal': '0x12'}",{'blockTimestamp': '2021-11-29T00:54:24.000Z'}
383,0xd11b50,0x439d7a8a402acb80fe0460e2c3a9f55ea1d0c626276214b30bb8c100bfe00d9c:log:63,0x439d7a8a402acb80fe0460e2c3a9f55ea1d0c626276214b30bb8c100bfe00d9c,0x4bff1e6f00450aee0a4ffc8a661b50030d079fae,0xd344a00d40e709e0f973700199ff1501670aa488,70.0,,,,ATA,erc20,"{'value': '0x03cb71f51fc5580000', 'address': '0xa2120b9e674d3fc3875f415a7df52e382f141225', 'decimal': '0x12'}",{'blockTimestamp': '2021-11-28T18:42:08.000Z'}
384,0xd11ad4,0x1956f15f471b30f67e8beef606330f8018c5fdfb26c229c7a96072f98148d012:log:18,0x1956f15f471b30f67e8beef606330f8018c5fdfb26c229c7a96072f98148d012,0x4bff1e6f00450aee0a4ffc8a661b50030d079fae,0x1e3467a36e58c499aa4ea74f2d93346b5b568972,54.0,,,,ATA,erc20,"{'value': '0x02ed6689e54f180000', 'address': '0xa2120b9e674d3fc3875f415a7df52e382f141225', 'decimal': '0x12'}",{'blockTimestamp': '2021-11-28T18:13:06.000Z'}
385,0xd11ab8,0xfbab9d0263f4b8d5ac8920598d8f02b814fca0bc05ba27dc31c09ac4a5173834:log:36,0xfbab9d0263f4b8d5ac8920598d8f02b814fca0bc05ba27dc31c09ac4a5173834,0xdfd5293d8e347dfe59e90efd55b2956a1343963d,0x4bff1e6f00450aee0a4ffc8a661b50030d079fae,794.0,,,,ATA,erc20,"{'value': '0x2b0af6a9352c280000', 'address': '0xa2120b9e674d3fc3875f415a7df52e382f141225', 'decimal': '0x12'}",{'blockTimestamp': '2021-11-28T18:06:53.000Z'}
386,0xd112b0,0xc46ee541690953c841a1a55169d0da4cdfcfa21c9d34f86fd7e84671af4bb94b:log:81,0xc46ee541690953c841a1a55169d0da4cdfcfa21c9d34f86fd7e84671af4bb94b,0x51135b27cf12a5889ef978b16b3e4340c669d7c5,0x5654d65578cda52791879751141f2f3d7dc27fe4,1264.62775608,,,,ATA,erc20,"{'value': '0x448e3c53dea7bde000', 'address': '0xa2120b9e674d3fc3875f415a7df52e382f141225', 'decimal': '0x12'}",{'blockTimestamp': '2021-11-28T10:12:50.000Z'}
387,0xd1128c,0x80d8b53d1dfe7ff963c4a7f325d54d67e2141e75204282ec603a1838462b814b:log:246,0x80d8b53d1dfe7ff963c4a7f325d54d67e2141e75204282ec603a1838462b814b,0x3c02290922a3618a4646e3bbca65853ea45fe7c6,0x51135b27cf12a5889ef978b16b3e4340c669d7c5,1264.62775608,,,,ATA,erc20,"{'value': '0x448e3c53dea7bde000', 'address': '0xa2120b9e674d3fc3875f415a7df52e382f141225', 'decimal': '0x12'}",{'blockTimestamp': '2021-11-28T10:02:40.000Z'}
388,0xd10974,0x34a7696ef2db4c9ae447a9f3551c3724e29a6e8231b89064e2b8455daac21874:log:212,0x34a7696ef2db4c9ae447a9f3551c3724e29a6e8231b89064e2b8455daac21874,0x5654d65578cda52791879751141f2f3d7dc27fe4,0x98c935c85a93d64a4eeb75eb7d7d4ee68d65d717,50.28683189750072,,,,ATA,erc20,"{'value': '0x02b9deb72e02502aa3', 'address': '0xa2120b9e674d3fc3875f415a7df52e382f141225', 'decimal': '0x12'}",{'blockTimestamp': '2021-11-28T01:20:51.000Z'}
389,0xd1068b,0x2d94a402834ddb3d73c069ca24f8c62ce7f9d5357155859c7fbf48086969f60a:log:56,0x2d94a402834ddb3d73c069ca24f8c62ce7f9d5357155859c7fbf48086969f60a,0x20e74b82e9c2b24063c516397cd1fc2eeeb17cc0,0x3c02290922a3618a4646e3bbca65853ea45fe7c6,66218.58,,,,ATA,erc20,"{'value': '0x0e05b766f4ed42220000', 'address': '0xa2120b9e674d3fc3875f415a7df52e382f141225', 'decimal': '0x12'}",{'blockTimestamp': '2021-11-27T22:26:55.000Z'}
390,0xd0fabd,0x83bcde669a0ff94502b1e7bf6c8feb5e05acb7796f94af75ac00e4e2fba03e3f:log:454,0x83bcde669a0ff94502b1e7bf6c8feb5e05acb7796f94af75ac00e4e2fba03e3f,0x74de5d4fcbf63e00296fd95d33236b9794016631,0xdf678fb6961883374af49ddc97d79be387abed2f,130.8791088197192,,,,ATA,erc20,"{'value': '0x071850000b570e73da', 'address': '0xa2120b9e674d3fc3875f415a7df52e382f141225', 'decimal': '0x12'}",{'blockTimestamp': '2021-11-27T10:51:39.000Z'}
391,0xd0fabd,0x83bcde669a0ff94502b1e7bf6c8feb5e05acb7796f94af75ac00e4e2fba03e3f:log:451,0x83bcde669a0ff94502b1e7bf6c8feb5e05acb7796f94af75ac00e4e2fba03e3f,0x5654d65578cda52791879751141f2f3d7dc27fe4,0x74de5d4fcbf63e00296fd95d33236b9794016631,130.8791088197192,,,,ATA,erc20,"{'value': '0x071850000b570e73da', 'address': '0xa2120b9e674d3fc3875f415a7df52e382f141225', 'decimal': '0x12'}",{'blockTimestamp': '2021-11-27T10:51:39.000Z'}
392,0xd0fa11,0x2c05ac289161065aeba91eae135027e479f0b2d57dc1b5dd6beb41490511d6cf:log:61,0x2c05ac289161065aeba91eae135027e479f0b2d57dc1b5dd6beb41490511d6cf,0x284b5004c4538de85ec2a5d29de88251180fab64,0x95b564f3b3bae3f206aa418667ba000afafacc8a,2285.6839999999997,,,,ATA,erc20,"{'value': '0x7be83ccfed59f20000', 'address': '0xa2120b9e674d3fc3875f415a7df52e382f141225', 'decimal': '0x12'}",{'blockTimestamp': '2021-11-27T10:12:47.000Z'}
393,0xd0f967,0xc848b927c8c474105e28541d9d4dd5e17e82093652c54273740279c5bb23a205:log:10,0xc848b927c8c474105e28541d9d4dd5e17e82093652c54273740279c5bb23a205,0x21a31ee1afc51d94c2efccaa2092ad1028285549,0xd6b38bea1b891c9064b1167fb68f8478f6829326,124975.23000000001,,,,ATA,erc20,"{'value': '0x1a76ebb921da65b30000', 'address': '0xa2120b9e674d3fc3875f415a7df52e382f141225', 'decimal': '0x12'}",{'blockTimestamp': '2021-11-27T09:36:34.000Z'}
394,0xd0f94a,0x539dac30849ee831f8e912e7d29376c9206771ccb07844535a0e3527e3555c5a:log:94,0x539dac30849ee831f8e912e7d29376c9206771ccb07844535a0e3527e3555c5a,0x29984d1f9055cafb02dcdd53c54b727902e44975,0x28c6c06298d514db089934071355e5743bf21d60,84341.25000000001,,,,ATA,erc20,"{'value': '0x11dc25f88fe7ee8d0000', 'address': '0xa2120b9e674d3fc3875f415a7df52e382f141225', 'decimal': '0x12'}",{'blockTimestamp': '2021-11-27T09:30:03.000Z'}
395,0xd0f8be,0x308675482504b86a939d4e1f9b9610487873859eae09dcc3dbba7568e1e486a8:log:494,0x308675482504b86a939d4e1f9b9610487873859eae09dcc3dbba7568e1e486a8,0x28c6c06298d514db089934071355e5743bf21d60,0xd6b38bea1b891c9064b1167fb68f8478f6829326,75.23,,,,ATA,erc20,"{'value': '0x041406a66a14a30000', 'address': '0xa2120b9e674d3fc3875f415a7df52e382f141225', 'decimal': '0x12'}",{'blockTimestamp': '2021-11-27T09:00:31.000Z'}
396,0xd0f51e,0x0949888dc5a029800fb371676c1ecd9e997b248a37d22c3bd12ea6cf72d0c874:log:75,0x0949888dc5a029800fb371676c1ecd9e997b248a37d22c3bd12ea6cf72d0c874,0x1a8f10c7f36723bd4ad1ceb6cba78a4426a10da4,0x28c6c06298d514db089934071355e5743bf21d60,9714.099430356646,,,,ATA,erc20,"{'value': '0x020e9a35ec67a041e8b5', 'address': '0xa2120b9e674d3fc3875f415a7df52e382f141225', 'decimal': '0x12'}",{'blockTimestamp': '2021-11-27T05:30:13.000Z'}
397,0xd0f4fa,0x5817377c0a7b932d36e08e6d65d768ac3a263633532d503188168186656a39d3:log:321,0x5817377c0a7b932d36e08e6d65d768ac3a263633532d503188168186656a39d3,0x511dbe9e6b7ede607f47d00a681bd5c7a6d397a1,0x1a8f10c7f36723bd4ad1ceb6cba78a4426a10da4,9714.099430356646,,,,ATA,erc20,"{'value': '0x020e9a35ec67a041e8b5', 'address': '0xa2120b9e674d3fc3875f415a7df52e382f141225', 'decimal': '0x12'}",{'blockTimestamp': '2021-11-27T05:21:39.000Z'}
398,0xd0f4da,0xbf9e0da23bfd6c6948bc446ffeec1c0f0624f069f2fe1e44800708ab605742fc:log:259,0xbf9e0da23bfd6c6948bc446ffeec1c0f0624f069f2fe1e44800708ab605742fc,0x40ec5b33f54e0e8a33a975908c5ba1c14e5bbbdf,0x511dbe9e6b7ede607f47d00a681bd5c7a6d397a1,9714.099430356646,,,,ATA,erc20,"{'value': '0x020e9a35ec67a041e8b5', 'address': '0xa2120b9e674d3fc3875f415a7df52e382f141225', 'decimal': '0x12'}",{'blockTimestamp': '2021-11-27T05:14:50.000Z'}
399,0xd0f3c1,0x4f4d0ed01d2bc7ac99bdf5576fa9a81a1dfbfe93d6e2df1a752e71ff33666358:log:50,0x4f4d0ed01d2bc7ac99bdf5576fa9a81a1dfbfe93d6e2df1a752e71ff33666358,0x95b564f3b3bae3f206aa418667ba000afafacc8a,0x29984d1f9055cafb02dcdd53c54b727902e44975,6004.400000000001,,,,ATA,erc20,"{'value': '0x01457fca03534b780000', 'address': '0xa2120b9e674d3fc3875f415a7df52e382f141225', 'decimal': '0x12'}",{'blockTimestamp': '2021-11-27T04:10:13.000Z'}
400,0xd0f35d,0x6d8ae06c0c98f4aa55f9be09c90206e0f12c75fc2952e019c7f58eb46a7881ce:log:102,0x6d8ae06c0c98f4aa55f9be09c90206e0f12c75fc2952e019c7f58eb46a7881ce,0x74de5d4fcbf63e00296fd95d33236b9794016631,0xfb8789c4eb3a23f29d5001c9ced2d58390abca5a,292.03959093637985,,,,ATA,erc20,"{'value': '0x0fd4dd0caa214ef779', 'address': '0xa2120b9e674d3fc3875f415a7df52e382f141225', 'decimal': '0x12'}",{'blockTimestamp': '2021-11-27T03:48:56.000Z'}
401,0xd0f35d,0x6d8ae06c0c98f4aa55f9be09c90206e0f12c75fc2952e019c7f58eb46a7881ce:log:99,0x6d8ae06c0c98f4aa55f9be09c90206e0f12c75fc2952e019c7f58eb46a7881ce,0x5654d65578cda52791879751141f2f3d7dc27fe4,0x74de5d4fcbf63e00296fd95d33236b9794016631,292.03959093637985,,,,ATA,erc20,"{'value': '0x0fd4dd0caa214ef779', 'address': '0xa2120b9e674d3fc3875f415a7df52e382f141225', 'decimal': '0x12'}",{'blockTimestamp': '2021-11-27T03:48:56.000Z'}
402,0xd0f333,0xaf5eb0c0071fe0655600a779e1de4242981e88e9ec757cc4a348074670973fbf:log:98,0xaf5eb0c0071fe0655600a779e1de4242981e88e9ec757cc4a348074670973fbf,0x95b564f3b3bae3f206aa418667ba000afafacc8a,0x29984d1f9055cafb02dcdd53c54b727902e44975,24017.61,,,,ATA,erc20,"{'value': '0x0515ff4b943f9da10000', 'address': '0xa2120b9e674d3fc3875f415a7df52e382f141225', 'decimal': '0x12'}",{'blockTimestamp': '2021-11-27T03:39:44.000Z'}
403,0xd0f0da,0x1db46431b1358315928114b2b5c169dbb5272efbd06b206390c75746ce01ad3d:log:133,0x1db46431b1358315928114b2b5c169dbb5272efbd06b206390c75746ce01ad3d,0xdfd5293d8e347dfe59e90efd55b2956a1343963d,0x20e74b82e9c2b24063c516397cd1fc2eeeb17cc0,22794.68,,,,ATA,erc20,"{'value': '0x04d3b3bb709bfd2c0000', 'address': '0xa2120b9e674d3fc3875f415a7df52e382f141225', 'decimal': '0x12'}",{'blockTimestamp': '2021-11-27T01:29:31.000Z'}
404,0xd0f087,0xb2013e4a9f819d237e8e853227dfbb536a5729c5989a441852d2a5047e20f167:log:26,0xb2013e4a9f819d237e8e853227dfbb536a5729c5989a441852d2a5047e20f167,0x95b564f3b3bae3f206aa418667ba000afafacc8a,0x29984d1f9055cafb02dcdd53c54b727902e44975,54319.24,,,,ATA,erc20,"{'value': '0x0b80a6e2f85505740000', 'address': '0xa2120b9e674d3fc3875f415a7df52e382f141225', 'decimal': '0x12'}",{'blockTimestamp': '2021-11-27T01:09:41.000Z'}
405,0xd0f05c,0x05365c5db9aeaa7a3400cc0da66580221193c2801cb1280c4447f77d968739ce:log:108,0x05365c5db9aeaa7a3400cc0da66580221193c2801cb1280c4447f77d968739ce,0x6767526a362ec6c6b1df185478e4f01506b73ff3,0x28c6c06298d514db089934071355e5743bf21d60,39025.0,,,,ATA,erc20,"{'value': '0x08438cab50b043240000', 'address': '0xa2120b9e674d3fc3875f415a7df52e382f141225', 'decimal': '0x12'}",{'blockTimestamp': '2021-11-27T00:59:59.000Z'}
406,0xd0efe2,0xe0b01f58a604d6bceaeb302a01dd926db3b173407e8d99955646b889e6352a07:log:335,0xe0b01f58a604d6bceaeb302a01dd926db3b173407e8d99955646b889e6352a07,0x3c02290922a3618a4646e3bbca65853ea45fe7c6,0x6767526a362ec6c6b1df185478e4f01506b73ff3,39025.0,,,,ATA,erc20,"{'value': '0x08438cab50b043240000', 'address': '0xa2120b9e674d3fc3875f415a7df52e382f141225', 'decimal': '0x12'}",{'blockTimestamp': '2021-11-27T00:32:41.000Z'}
407,0xd0efd5,0xb4efcf00a977fa19627744097894c6cc918ae6b25418550091a40ec079c3b065:log:338,0xb4efcf00a977fa19627744097894c6cc918ae6b25418550091a40ec079c3b065,0x21a31ee1afc51d94c2efccaa2092ad1028285549,0x95b564f3b3bae3f206aa418667ba000afafacc8a,74234.33,,,,ATA,erc20,"{'value': '0x0fb84047a0a9c3890000', 'address': '0xa2120b9e674d3fc3875f415a7df52e382f141225', 'decimal': '0x12'}",{'blockTimestamp': '2021-11-27T00:30:05.000Z'}
408,0xd0ec67,0x3d6a531666b565022ea1d0704cc4b94e36d2596827847ffba28b2dcb9116bbdf:log:99,0x3d6a531666b565022ea1d0704cc4b94e36d2596827847ffba28b2dcb9116bbdf,0x28c6c06298d514db089934071355e5743bf21d60,0x43510a2b8cb993c71118caf240856e451de7705e,154.0,,,,ATA,erc20,"{'value': '0x08592de812b2280000', 'address': '0xa2120b9e674d3fc3875f415a7df52e382f141225', 'decimal': '0x12'}",{'blockTimestamp': '2021-11-26T20:59:04.000Z'}
409,0xd0e4a1,0x54af78d227132f86002056c7a2b0c506bd879575581da679fed6fe74bf7f1767:log:80,0x54af78d227132f86002056c7a2b0c506bd879575581da679fed6fe74bf7f1767,0x29984d1f9055cafb02dcdd53c54b727902e44975,0x28c6c06298d514db089934071355e5743bf21d60,36325.19,,,,ATA,erc20,"{'value': '0x07b1314765e51bc70000', 'address': '0xa2120b9e674d3fc3875f415a7df52e382f141225', 'decimal': '0x12'}",{'blockTimestamp': '2021-11-26T13:30:23.000Z'}
410,0xd0e45d,0x025f71c514be4a020b52a7a03cbab2e6091fe6ad0eb944282daadb2a0c7dbee0:log:70,0x025f71c514be4a020b52a7a03cbab2e6091fe6ad0eb944282daadb2a0c7dbee0,0xdfd5293d8e347dfe59e90efd55b2956a1343963d,0x20e74b82e9c2b24063c516397cd1fc2eeeb17cc0,20457.0,,,,ATA,erc20,"{'value': '0x0454f9e7ba2b36040000', 'address': '0xa2120b9e674d3fc3875f415a7df52e382f141225', 'decimal': '0x12'}",{'blockTimestamp': '2021-11-26T13:16:29.000Z'}
411,0xd0e425,0x428503bd2d483f77f39a90da2a8e58c8b2005488bc6b7bd34d4457cee96896f3:log:13,0x428503bd2d483f77f39a90da2a8e58c8b2005488bc6b7bd34d4457cee96896f3,0x95b564f3b3bae3f206aa418667ba000afafacc8a,0x29984d1f9055cafb02dcdd53c54b727902e44975,36325.19,,,,ATA,erc20,"{'value': '0x07b1314765e51bc70000', 'address': '0xa2120b9e674d3fc3875f415a7df52e382f141225', 'decimal': '0x12'}",{'blockTimestamp': '2021-11-26T13:05:04.000Z'}
412,0xd0e37b,0x38001d83c52b7de8a26aba3150b5252ee2a70e99221d509e6f58fd6c31e735ed:log:189,0x38001d83c52b7de8a26aba3150b5252ee2a70e99221d509e6f58fd6c31e735ed,0x6767526a362ec6c6b1df185478e4f01506b73ff3,0x28c6c06298d514db089934071355e5743bf21d60,40253.99999999999,,,,ATA,erc20,"{'value': '0x08862c786d2ade380000', 'address': '0xa2120b9e674d3fc3875f415a7df52e382f141225', 'decimal': '0x12'}",{'blockTimestamp': '2021-11-26T12:30:08.000Z'}
413,0xd0e329,0x4091c115e1f01b5f01f4df856d676c484bb2ec7978c813fc87e59c53a79a6475:log:244,0x4091c115e1f01b5f01f4df856d676c484bb2ec7978c813fc87e59c53a79a6475,0x3c02290922a3618a4646e3bbca65853ea45fe7c6,0x6767526a362ec6c6b1df185478e4f01506b73ff3,40253.99999999999,,,,ATA,erc20,"{'value': '0x08862c786d2ade380000', 'address': '0xa2120b9e674d3fc3875f415a7df52e382f141225', 'decimal': '0x12'}",{'blockTimestamp': '2021-11-26T12:11:50.000Z'}
414,0xd0e291,0x7bce07b51bb7f99610bf4aa2d6a02caf04917bffaaf2630310faef318e297441:log:50,0x7bce07b51bb7f99610bf4aa2d6a02caf04917bffaaf2630310faef318e297441,0x21a31ee1afc51d94c2efccaa2092ad1028285549,0xb6f844999ea25c6c86d2de5ef3df6a7d28c146b7,3468.9999999999995,,,,ATA,erc20,"{'value': '0xbc0e0bc07346140000', 'address': '0xa2120b9e674d3fc3875f415a7df52e382f141225', 'decimal': '0x12'}",{'blockTimestamp': '2021-11-26T11:39:46.000Z'}
415,0xd0e23d,0x0536ad6dbcc8c48522964ab13d0fb226631e5714be84691f7b954b97922de8aa:log:35,0x0536ad6dbcc8c48522964ab13d0fb226631e5714be84691f7b954b97922de8aa,0x28c6c06298d514db089934071355e5743bf21d60,0x78722787c216d2c545daf17c70ead74e11ebfef6,548.97159688,,,,ATA,erc20,"{'value': '0x1dc282e6c943572000', 'address': '0xa2120b9e674d3fc3875f415a7df52e382f141225', 'decimal': '0x12'}",{'blockTimestamp': '2021-11-26T11:21:05.000Z'}
416,0xd0e030,0xfcd2293ea1201addd18e034c1fd59cb3702a1837bc16452d1256e32ca850feab:log:165,0xfcd2293ea1201addd18e034c1fd59cb3702a1837bc16452d1256e32ca850feab,0xdfd5293d8e347dfe59e90efd55b2956a1343963d,0x0b53f33667142cffb1449901a308a1af90412909,659.3100000000001,,,,ATA,erc20,"{'value': '0x23bdc3a7d36ecb0000', 'address': '0xa2120b9e674d3fc3875f415a7df52e382f141225', 'decimal': '0x12'}",{'blockTimestamp': '2021-11-26T09:16:05.000Z'}
417,0xd0dff8,0x3ba074cd421f9b2bee13702f39d4a1cb07abbd479223462d0c619d0426b66b95:log:160,0x3ba074cd421f9b2bee13702f39d4a1cb07abbd479223462d0c619d0426b66b95,0x29984d1f9055cafb02dcdd53c54b727902e44975,0x28c6c06298d514db089934071355e5743bf21d60,137653.29,,,,ATA,erc20,"{'value': '0x1d263326509cc6910000', 'address': '0xa2120b9e674d3fc3875f415a7df52e382f141225', 'decimal': '0x12'}",{'blockTimestamp': '2021-11-26T08:59:12.000Z'}
418,0xd0dedf,0x2352c6986ca1956d7f66b2297c53df1377669a10b06cbc623c495d5f79ecb97d:log:60,0x2352c6986ca1956d7f66b2297c53df1377669a10b06cbc623c495d5f79ecb97d,0x95b564f3b3bae3f206aa418667ba000afafacc8a,0x29984d1f9055cafb02dcdd53c54b727902e44975,69130.22,,,,ATA,erc20,"{'value': '0x0ea38e8636659c7e0000', 'address': '0xa2120b9e674d3fc3875f415a7df52e382f141225', 'decimal': '0x12'}",{'blockTimestamp': '2021-11-26T07:52:33.000Z'}
419,0xd0de01,0x38122001076366de6bbcc3a4f3ed997d9c361b529cab16e4357ef06cd5ec112c:log:10,0x38122001076366de6bbcc3a4f3ed997d9c361b529cab16e4357ef06cd5ec112c,0x21a31ee1afc51d94c2efccaa2092ad1028285549,0x95b564f3b3bae3f206aa418667ba000afafacc8a,73208.59,,,,ATA,erc20,"{'value': '0x0f80a54719443e5b0000', 'address': '0xa2120b9e674d3fc3875f415a7df52e382f141225', 'decimal': '0x12'}",{'blockTimestamp': '2021-11-26T07:02:53.000Z'}
420,0xd0db10,0x68432d72e62b094f0e470c69eec6d2b5976b67bf2e02c109b6ba68b5f5259641:log:89,0x68432d72e62b094f0e470c69eec6d2b5976b67bf2e02c109b6ba68b5f5259641,0x28c6c06298d514db089934071355e5743bf21d60,0xe5fe54823175cc838ac0b8d23355293654dcbc5f,9170.0,,,,ATA,erc20,"{'value': '0x01f11b506f41fc080000', 'address': '0xa2120b9e674d3fc3875f415a7df52e382f141225', 'decimal': '0x12'}",{'blockTimestamp': '2021-11-26T04:09:45.000Z'}
421,0xd0d4ef,0xb5d33dbffa71b1599abb763a3fd57497b05286660d94008d7984581f5b3c35f4:log:130,0xb5d33dbffa71b1599abb763a3fd57497b05286660d94008d7984581f5b3c35f4,0x95b564f3b3bae3f206aa418667ba000afafacc8a,0x29984d1f9055cafb02dcdd53c54b727902e44975,68523.06999999999,,,,ATA,erc20,"{'value': '0x0e82a4a01a372a130000', 'address': '0xa2120b9e674d3fc3875f415a7df52e382f141225', 'decimal': '0x12'}",{'blockTimestamp': '2021-11-25T22:01:26.000Z'}
422,0xd0d25a,0x366ce461ea97f105bdeb96d8512e95b3deeb64c8ba86ab21dd24fd872f14dd6b:log:93,0x366ce461ea97f105bdeb96d8512e95b3deeb64c8ba86ab21dd24fd872f14dd6b,0xdfd5293d8e347dfe59e90efd55b2956a1343963d,0x70f38e70638932f2028afcc4d983c80b84738c25,207.759,,,,ATA,erc20,"{'value': '0x0b433c3dbee2618000', 'address': '0xa2120b9e674d3fc3875f415a7df52e382f141225', 'decimal': '0x12'}",{'blockTimestamp': '2021-11-25T19:33:14.000Z'}
423,0xd0d04e,0xd9fa868ef3dfedac656f04af8390d2ca10dbe8a0fea2188c86cd08a239f885ce:log:58,0xd9fa868ef3dfedac656f04af8390d2ca10dbe8a0fea2188c86cd08a239f885ce,0xa1d8d972560c2f8144af871db508f0b0b10a3fbf,0xc7681433a7c02af87f68a7710bc348f74774e23f,135.6445,,,,ATA,erc20,"{'value': '0x075a7212131b794000', 'address': '0xa2120b9e674d3fc3875f415a7df52e382f141225', 'decimal': '0x12'}",{'blockTimestamp': '2021-11-25T17:29:24.000Z'}
424,0xd0cc65,0x779d06ff0dcf884a5ff8bf81e34b3f53ef08fb50c1a895903455d05070b88197:log:234,0x779d06ff0dcf884a5ff8bf81e34b3f53ef08fb50c1a895903455d05070b88197,0xe587afd6bee69b53caa5bb538c04fe5554ca44a7,0xe587afd6bee69b53caa5bb538c04fe5554ca44a7,124.0,,,,ATA,erc20,"{'value': '0x06b8d87f0514700000', 'address': '0xa2120b9e674d3fc3875f415a7df52e382f141225', 'decimal': '0x12'}",{'blockTimestamp': '2021-11-25T13:44:25.000Z'}
425,0xd0cbf1,0x8c22ffbc2545c594dada8f01dd2e7a805156da6d5e03e97d3340b1fb02f525ff:log:141,0x8c22ffbc2545c594dada8f01dd2e7a805156da6d5e03e97d3340b1fb02f525ff,0xe7a51a243b91171787dc4d4c03052706e7593033,0xe587afd6bee69b53caa5bb538c04fe5554ca44a7,124.0,,,,ATA,erc20,"{'value': '0x06b8d87f0514700000', 'address': '0xa2120b9e674d3fc3875f415a7df52e382f141225', 'decimal': '0x12'}",{'blockTimestamp': '2021-11-25T13:18:23.000Z'}
426,0xd0c9fe,0x49eb1ace2e0ad94a0d46c0b6fc0a647c04d53d5cead3c88ff88ea1bb7dd2c2bd:log:40,0x49eb1ace2e0ad94a0d46c0b6fc0a647c04d53d5cead3c88ff88ea1bb7dd2c2bd,0x21a31ee1afc51d94c2efccaa2092ad1028285549,0x9b30a672472df0fc28e47af4fa851c080a925755,2000.0,,,,ATA,erc20,"{'value': '0x6c6b935b8bbd400000', 'address': '0xa2120b9e674d3fc3875f415a7df52e382f141225', 'decimal': '0x12'}",{'blockTimestamp': '2021-11-25T11:32:24.000Z'}
427,0xd0c7da,0x2a5f7604fbdf689cd475105d1fe9bf78830c036545beb9f55796624960da5037:log:100,0x2a5f7604fbdf689cd475105d1fe9bf78830c036545beb9f55796624960da5037,0x28c6c06298d514db089934071355e5743bf21d60,0xafc40fb7ed3b99310bd7f96d954bf8f44dd0d18d,466.5,,,,ATA,erc20,"{'value': '0x1949fcee6087ba0000', 'address': '0xa2120b9e674d3fc3875f415a7df52e382f141225', 'decimal': '0x12'}",{'blockTimestamp': '2021-11-25T09:23:36.000Z'}
428,0xd0c65a,0x0ad81a2c4a677c77ac0a438435c8238fb43c4732b20da4930a7b92e7c83f9d91:log:71,0x0ad81a2c4a677c77ac0a438435c8238fb43c4732b20da4930a7b92e7c83f9d91,0x21a31ee1afc51d94c2efccaa2092ad1028285549,0x7de362155bc44abbde1ec67b8fd1d8ac65faa135,3346.0,,,,ATA,erc20,"{'value': '0xb56313f821d9080000', 'address': '0xa2120b9e674d3fc3875f415a7df52e382f141225', 'decimal': '0x12'}",{'blockTimestamp': '2021-11-25T07:49:35.000Z'}
429,0xd0bd64,0xd03e5ad76a5fc276a6126ab1d2f55025e5b1dbb898e79afc4f26d02d2ad4c487:log:168,0xd03e5ad76a5fc276a6126ab1d2f55025e5b1dbb898e79afc4f26d02d2ad4c487,0x6767526a362ec6c6b1df185478e4f01506b73ff3,0x28c6c06298d514db089934071355e5743bf21d60,37231.0,,,,ATA,erc20,"{'value': '0x07e24beaf9b5385c0000', 'address': '0xa2120b9e674d3fc3875f415a7df52e382f141225', 'decimal': '0x12'}",{'blockTimestamp': '2021-11-24T22:59:37.000Z'}
430,0xd0bd41,0xb3b4390acda051fa7ec64a14fc42feec70d37153e9acb8c698053fec5cc78271:log:201,0xb3b4390acda051fa7ec64a14fc42feec70d37153e9acb8c698053fec5cc78271,0x3c02290922a3618a4646e3bbca65853ea45fe7c6,0x6767526a362ec6c6b1df185478e4f01506b73ff3,37231.0,,,,ATA,erc20,"{'value': '0x07e24beaf9b5385c0000', 'address': '0xa2120b9e674d3fc3875f415a7df52e382f141225', 'decimal': '0x12'}",{'blockTimestamp': '2021-11-24T22:52:15.000Z'}
431,0xd0b4e8,0x3f86ab6921fadcee3b2cc8e3230ce7847bd059019a90fa2dbcae3e08963ae220:log:104,0x3f86ab6921fadcee3b2cc8e3230ce7847bd059019a90fa2dbcae3e08963ae220,0x4bff1e6f00450aee0a4ffc8a661b50030d079fae,0xd344a00d40e709e0f973700199ff1501670aa488,200.0,,,,ATA,erc20,"{'value': '0x0ad78ebc5ac6200000', 'address': '0xa2120b9e674d3fc3875f415a7df52e382f141225', 'decimal': '0x12'}",{'blockTimestamp': '2021-11-24T14:46:17.000Z'}
432,0xd0b379,0x2a654dbfac485fbaa7f85905fc44427a4551bf21281543e6eb3d87f76b5c07fd:log:473,0x2a654dbfac485fbaa7f85905fc44427a4551bf21281543e6eb3d87f76b5c07fd,0x2ff8698713f1457abcd8d579767585524f376484,0x4bff1e6f00450aee0a4ffc8a661b50030d079fae,200.0,,,,ATA,erc20,"{'value': '0x0ad78ebc5ac6200000', 'address': '0xa2120b9e674d3fc3875f415a7df52e382f141225', 'decimal': '0x12'}",{'blockTimestamp': '2021-11-24T13:21:34.000Z'}
433,0xd0ae91,0xe3df891df205339a0552744a26ed7ca244d3af4d6d8d89b87b03d88c44bfef25:log:128,0xe3df891df205339a0552744a26ed7ca244d3af4d6d8d89b87b03d88c44bfef25,0xfee6b122b12607109da2c6d4cc07a8d16813b692,0x40ec5b33f54e0e8a33a975908c5ba1c14e5bbbdf,49999.99999999999,,,,ATA,erc20,"{'value': '0x0a968163f0a57b400000', 'address': '0xa2120b9e674d3fc3875f415a7df52e382f141225', 'decimal': '0x12'}",{'blockTimestamp': '2021-11-24T08:30:05.000Z'}
434,0xd0ae08,0xebb9f7b253cebd4906d826b12a66b4f9a7973d359582e943a43b696dd0df2134:log:35,0xebb9f7b253cebd4906d826b12a66b4f9a7973d359582e943a43b696dd0df2134,0x28c6c06298d514db089934071355e5743bf21d60,0xfee6b122b12607109da2c6d4cc07a8d16813b692,49966.29,,,,ATA,erc20,"{'value': '0x0a94ad91f63fe8d50000', 'address': '0xa2120b9e674d3fc3875f415a7df52e382f141225', 'decimal': '0x12'}",{'blockTimestamp': '2021-11-24T07:57:59.000Z'}
435,0xd0adf0,0xed54c7a532e2a9c5bcf43d270ccd33c1d8adb439ebc73a187bfc6822e8569d97:log:29,0xed54c7a532e2a9c5bcf43d270ccd33c1d8adb439ebc73a187bfc6822e8569d97,0xdfd5293d8e347dfe59e90efd55b2956a1343963d,0xfee6b122b12607109da2c6d4cc07a8d16813b692,66.29,,,,ATA,erc20,"{'value': '0x0397f563c7d0a50000', 'address': '0xa2120b9e674d3fc3875f415a7df52e382f141225', 'decimal': '0x12'}",{'blockTimestamp': '2021-11-24T07:51:49.000Z'}
436,0xd09722,0x61796f47e4cb7f0dcb382ca74139de8ae162cd7c7c36aa6b7aa84ae7633e5179:log:1,0x61796f47e4cb7f0dcb382ca74139de8ae162cd7c7c36aa6b7aa84ae7633e5179,0xa1d8d972560c2f8144af871db508f0b0b10a3fbf,0x2b8de31e0d74a12714f6987d7da66e32d068311d,31.3449,,,,ATA,erc20,"{'value': '0x01b2ff747a44244000', 'address': '0xa2120b9e674d3fc3875f415a7df52e382f141225', 'decimal': '0x12'}",{'blockTimestamp': '2021-11-23T09:53:35.000Z'}
437,0xd0965d,0x91af015e177c715b147f6dd5a806ce1964deed9be48cb72d59eba8cc4372c113:log:102,0x91af015e177c715b147f6dd5a806ce1964deed9be48cb72d59eba8cc4372c113,0xe66b31678d6c16e9ebf358268a790b763c133750,0xd6d161ea346bebc857451bf443a5b1e926d6d2a5,240.78919496836667,,,,ATA,erc20,"{'value': '0x0d0d9f111161c56bf4', 'address': '0xa2120b9e674d3fc3875f415a7df52e382f141225', 'decimal': '0x12'}",{'blockTimestamp': '2021-11-23T09:11:43.000Z'}
438,0xd0965d,0x91af015e177c715b147f6dd5a806ce1964deed9be48cb72d59eba8cc4372c113:log:99,0x91af015e177c715b147f6dd5a806ce1964deed9be48cb72d59eba8cc4372c113,0x5654d65578cda52791879751141f2f3d7dc27fe4,0xe66b31678d6c16e9ebf358268a790b763c133750,240.78919496836667,,,,ATA,erc20,"{'value': '0x0d0d9f111161c56bf4', 'address': '0xa2120b9e674d3fc3875f415a7df52e382f141225', 'decimal': '0x12'}",{'blockTimestamp': '2021-11-23T09:11:43.000Z'}
439,0xd090fd,0xf03e2bed7240d160c724200a050328f1880ecb9856b656a96fd253444865ea3f:log:66,0xf03e2bed7240d160c724200a050328f1880ecb9856b656a96fd253444865ea3f,0x21a31ee1afc51d94c2efccaa2092ad1028285549,0x20e74b82e9c2b24063c516397cd1fc2eeeb17cc0,22966.9,,,,ATA,erc20,"{'value': '0x04dd09c3ca260ef20000', 'address': '0xa2120b9e674d3fc3875f415a7df52e382f141225', 'decimal': '0x12'}",{'blockTimestamp': '2021-11-23T03:55:32.000Z'}
440,0xd0888f,0x229e37eb0a43c333575c0387cdeecfb1a5926c0ef3b68774cf8c71cc82465028:log:430,0x229e37eb0a43c333575c0387cdeecfb1a5926c0ef3b68774cf8c71cc82465028,0xf584f8728b874a6a5c7a8d4d387c9aae9172d621,0xcc261ab4be137eacf57c19ed97c186b4d88004ca,500000.0,,,,ATA,erc20,"{'value': '0x69e10de76676d0800000', 'address': '0xa2120b9e674d3fc3875f415a7df52e382f141225', 'decimal': '0x12'}",{'blockTimestamp': '2021-11-22T19:53:09.000Z'}
441,0xd0885d,0x224b9a4351be2d36af5b5bb55b4c094eb10870fe8e1819746405c8e62f576d9c:log:680,0x224b9a4351be2d36af5b5bb55b4c094eb10870fe8e1819746405c8e62f576d9c,0x36f6fae443922642b4e8b325f051f525ae61ffe5,0xf584f8728b874a6a5c7a8d4d387c9aae9172d621,500000.0,,,,ATA,erc20,"{'value': '0x69e10de76676d0800000', 'address': '0xa2120b9e674d3fc3875f415a7df52e382f141225', 'decimal': '0x12'}",{'blockTimestamp': '2021-11-22T19:40:42.000Z'}
442,0xd08109,0x4a9f87c468de27b4ad2ff5d1faa4aab8a1bada3ae2cc5c895fa53535fe24690e:log:165,0x4a9f87c468de27b4ad2ff5d1faa4aab8a1bada3ae2cc5c895fa53535fe24690e,0x28c6c06298d514db089934071355e5743bf21d60,0x9ea4078d133b35871be1ad2193c29f6a0edb2680,488.47900000000004,,,,ATA,erc20,"{'value': '0x1a7b02066d66098000', 'address': '0xa2120b9e674d3fc3875f415a7df52e382f141225', 'decimal': '0x12'}",{'blockTimestamp': '2021-11-22T12:35:42.000Z'}
443,0xd072b0,0xb9ee0008d572033cf7d5f923f9818fdb9fc6b2ad033a1d0664c10f8b8eab8598:log:221,0xb9ee0008d572033cf7d5f923f9818fdb9fc6b2ad033a1d0664c10f8b8eab8598,0x74de5d4fcbf63e00296fd95d33236b9794016631,0xb2ac0fdc9d2dcb00e769af4936ba3e79156abbcc,469.33069380768853,,,,ATA,erc20,"{'value': '0x1971459365c2e5e535', 'address': '0xa2120b9e674d3fc3875f415a7df52e382f141225', 'decimal': '0x12'}",{'blockTimestamp': '2021-11-21T22:37:29.000Z'}
444,0xd072b0,0xb9ee0008d572033cf7d5f923f9818fdb9fc6b2ad033a1d0664c10f8b8eab8598:log:218,0xb9ee0008d572033cf7d5f923f9818fdb9fc6b2ad033a1d0664c10f8b8eab8598,0x5654d65578cda52791879751141f2f3d7dc27fe4,0x74de5d4fcbf63e00296fd95d33236b9794016631,469.33069380768853,,,,ATA,erc20,"{'value': '0x1971459365c2e5e535', 'address': '0xa2120b9e674d3fc3875f415a7df52e382f141225', 'decimal': '0x12'}",{'blockTimestamp': '2021-11-21T22:37:29.000Z'}
445,0xd0700f,0xbecdb4b9a3ae55be7d1bc2353d291eacf0b034620ad0cb188e830775272103dd:log:57,0xbecdb4b9a3ae55be7d1bc2353d291eacf0b034620ad0cb188e830775272103dd,0x3cfc0f2e9f1b7ded102043cc7461e2d69c4cfad9,0x28c6c06298d514db089934071355e5743bf21d60,4244.939069,,,,ATA,erc20,"{'value': '0xe61e5d189aba64d000', 'address': '0xa2120b9e674d3fc3875f415a7df52e382f141225', 'decimal': '0x12'}",{'blockTimestamp': '2021-11-21T19:59:50.000Z'}
446,0xd06d22,0x05c1eb92dfaacedf735e7cf0078b1b1f5717f655a22259cfa68d9f38937c4895:log:142,0x05c1eb92dfaacedf735e7cf0078b1b1f5717f655a22259cfa68d9f38937c4895,0xa4c41ea44749f731b1f5fe38a4b1ab86fa1540ee,0x2ff8698713f1457abcd8d579767585524f376484,200.0,,,,ATA,erc20,"{'value': '0x0ad78ebc5ac6200000', 'address': '0xa2120b9e674d3fc3875f415a7df52e382f141225', 'decimal': '0x12'}",{'blockTimestamp': '2021-11-21T17:04:32.000Z'}
447,0xd066ab,0x6a53adceacbf969fd3a7442d117c5deb7cfd01b698a1658d0d5cd750d7a5a1e3:log:30,0x6a53adceacbf969fd3a7442d117c5deb7cfd01b698a1658d0d5cd750d7a5a1e3,0x20e74b82e9c2b24063c516397cd1fc2eeeb17cc0,0x3c02290922a3618a4646e3bbca65853ea45fe7c6,24146.62,,,,ATA,erc20,"{'value': '0x051cfdab2bb966c60000', 'address': '0xa2120b9e674d3fc3875f415a7df52e382f141225', 'decimal': '0x12'}",{'blockTimestamp': '2021-11-21T11:01:27.000Z'}
448,0xd0644c,0xa8e607f03c1fc13888ae6814324a41c06ff5431d20380629e923731778c08bb2:log:239,0xa8e607f03c1fc13888ae6814324a41c06ff5431d20380629e923731778c08bb2,0x900b3526124df0386d46eacdc60c6bf50f0e8961,0x349ba210846d14f3fb568dadb48b57dfdc8a2187,92.0,,,,ATA,erc20,"{'value': '0x04fcc1a89027f00000', 'address': '0xa2120b9e674d3fc3875f415a7df52e382f141225', 'decimal': '0x12'}",{'blockTimestamp': '2021-11-21T08:46:26.000Z'}
449,0xd06329,0x9512918d264512c41b18fad93706c1fd24c2aeeffbc57774da424c0d94f73e2c:log:28,0x9512918d264512c41b18fad93706c1fd24c2aeeffbc57774da424c0d94f73e2c,0x21a31ee1afc51d94c2efccaa2092ad1028285549,0xabd3c7d44fd7719995b393d691e9c1cf8efe4dd9,234.0,,,,ATA,erc20,"{'value': '0x0caf67003701680000', 'address': '0xa2120b9e674d3fc3875f415a7df52e382f141225', 'decimal': '0x12'}",{'blockTimestamp': '2021-11-21T07:39:56.000Z'}
450,0xd0628d,0x023f2cb979fefe074d3c0be87c9e31a5fd5547d1ccecd40ee1d971f3f7966376:log:59,0x023f2cb979fefe074d3c0be87c9e31a5fd5547d1ccecd40ee1d971f3f7966376,0xcdef4f34e5ceb46c7c55134cda34273349be65b7,0xede093eeb65b64b7777d7619afcafa4e2faf2063,4.77044,,,,ATA,erc20,"{'value': '0x423401e7b6508000', 'address': '0xa2120b9e674d3fc3875f415a7df52e382f141225', 'decimal': '0x12'}",{'blockTimestamp': '2021-11-21T07:04:10.000Z'}
451,0xd06085,0x43463e147cf8bc08bdebf9231989ad4bd458fe081a2dbe8c3a2794130e2c3b36:log:155,0x43463e147cf8bc08bdebf9231989ad4bd458fe081a2dbe8c3a2794130e2c3b36,0xa563d0d9cd4b53f30a40cbd86aec6583966687a7,0x28c6c06298d514db089934071355e5743bf21d60,11640.69191,,,,ATA,erc20,"{'value': '0x02770b0d611db16a6000', 'address': '0xa2120b9e674d3fc3875f415a7df52e382f141225', 'decimal': '0x12'}",{'blockTimestamp': '2021-11-21T05:00:08.000Z'}
452,0xd05c0c,0x3a78527f4d27164888e45fc1a80b545bc0d1848dd773ffd09650f029d32e089a:log:227,0x3a78527f4d27164888e45fc1a80b545bc0d1848dd773ffd09650f029d32e089a,0xf3e36ad56aa85abdacc18c02d19509ae4f7d5899,0xfaf7c5cd1d5077fff3a76a9f9b6215dd441f0443,340.850745,,,,ATA,erc20,"{'value': '0x127a411aac40409000', 'address': '0xa2120b9e674d3fc3875f415a7df52e382f141225', 'decimal': '0x12'}",{'blockTimestamp': '2021-11-21T00:30:35.000Z'}
453,0xd055f8,0x6fdeeb6c1750880b8a40dfb208311dbdece511231314e0fbb10e3ca90d8d600e:log:43,0x6fdeeb6c1750880b8a40dfb208311dbdece511231314e0fbb10e3ca90d8d600e,0x3c02290922a3618a4646e3bbca65853ea45fe7c6,0x3cfc0f2e9f1b7ded102043cc7461e2d69c4cfad9,4244.9390684,,,,ATA,erc20,"{'value': '0xe61e5d180f079b6000', 'address': '0xa2120b9e674d3fc3875f415a7df52e382f141225', 'decimal': '0x12'}",{'blockTimestamp': '2021-11-20T18:32:43.000Z'}
454,0xd0531a,0x6d6ce0d2d5c8c959657570be63c22f955ed3b41fe99d12cae6f705d521834192:log:3,0x6d6ce0d2d5c8c959657570be63c22f955ed3b41fe99d12cae6f705d521834192,0x28c6c06298d514db089934071355e5743bf21d60,0x20e74b82e9c2b24063c516397cd1fc2eeeb17cc0,24146.62,,,,ATA,erc20,"{'value': '0x051cfdab2bb966c60000', 'address': '0xa2120b9e674d3fc3875f415a7df52e382f141225', 'decimal': '0x12'}",{'blockTimestamp': '2021-11-20T15:42:54.000Z'}
455,0xd052f6,0x3d6061066fd57322090a57242d4f59df1557e204f78abbd7bbbc239a68d22c78:log:25,0x3d6061066fd57322090a57242d4f59df1557e204f78abbd7bbbc239a68d22c78,0xcdef4f34e5ceb46c7c55134cda34273349be65b7,0xa563d0d9cd4b53f30a40cbd86aec6583966687a7,11600.69191,,,,ATA,erc20,"{'value': '0x0274dff0d50b89ca6000', 'address': '0xa2120b9e674d3fc3875f415a7df52e382f141225', 'decimal': '0x12'}",{'blockTimestamp': '2021-11-20T15:35:39.000Z'}
456,0xd052da,0x984d27d149eda02336b1b10b5e62b7cc9cb3df11aae3d5e0c7b8532be41cfe01:log:8,0x984d27d149eda02336b1b10b5e62b7cc9cb3df11aae3d5e0c7b8532be41cfe01,0xe3d47d70d6cc9e66a539d27f474807ff7ed47a56,0xcdef4f34e5ceb46c7c55134cda34273349be65b7,15000.0,,,,ATA,erc20,"{'value': '0x032d26d12e980b600000', 'address': '0xa2120b9e674d3fc3875f415a7df52e382f141225', 'decimal': '0x12'}",{'blockTimestamp': '2021-11-20T15:30:42.000Z'}
457,0xd052c5,0xa8d44b56a92259fc2f26100d82ab3c69b23777d9b4afa4379ce15b3bab708a09:log:37,0xa8d44b56a92259fc2f26100d82ab3c69b23777d9b4afa4379ce15b3bab708a09,0xdfd5293d8e347dfe59e90efd55b2956a1343963d,0xe3d47d70d6cc9e66a539d27f474807ff7ed47a56,15000.0,,,,ATA,erc20,"{'value': '0x032d26d12e980b600000', 'address': '0xa2120b9e674d3fc3875f415a7df52e382f141225', 'decimal': '0x12'}",{'blockTimestamp': '2021-11-20T15:24:37.000Z'}
458,0xd05203,0x15369bd275f4a0cfc60bac5d475f8bdbf6f2097c8c0b30c84a5b877d46a84831:log:76,0x15369bd275f4a0cfc60bac5d475f8bdbf6f2097c8c0b30c84a5b877d46a84831,0xcdef4f34e5ceb46c7c55134cda34273349be65b7,0xa563d0d9cd4b53f30a40cbd86aec6583966687a7,40.0,,,,ATA,erc20,"{'value': '0x022b1c8c1227a00000', 'address': '0xa2120b9e674d3fc3875f415a7df52e382f141225', 'decimal': '0x12'}",{'blockTimestamp': '2021-11-20T14:43:16.000Z'}
459,0xd046d3,0x8efc06a180268f4e82d83dd0412b5c2012b5cecad6f61a7a0937b132094ca197:log:200,0x8efc06a180268f4e82d83dd0412b5c2012b5cecad6f61a7a0937b132094ca197,0x30579762abd413c110be8ae6236987047c573289,0x9e9fd3724c69a7cc9cc8a246761036360acffedf,1095.0,,,,ATA,erc20,"{'value': '0x3b5c2d7a70fcbc0000', 'address': '0xa2120b9e674d3fc3875f415a7df52e382f141225', 'decimal': '0x12'}",{'blockTimestamp': '2021-11-20T03:54:12.000Z'}
460,0xd03986,0x49dfc6c2113d2563c4714286af6370c9a12507ba05fb63edb81a0fd63c4d7a21:log:207,0x49dfc6c2113d2563c4714286af6370c9a12507ba05fb63edb81a0fd63c4d7a21,0x95b564f3b3bae3f206aa418667ba000afafacc8a,0xedc6bacdc1e29d7c5fa6f6eca6fdd447b9c487c9,325360.79000000004,,,,ATA,erc20,"{'value': '0x44e5d8012da7824f0000', 'address': '0xa2120b9e674d3fc3875f415a7df52e382f141225', 'decimal': '0x12'}",{'blockTimestamp': '2021-11-19T15:04:06.000Z'}
461,0xd03902,0x5baa4254da6e680097d0860875f823e98c67f6aef25a2d63fded2cdfea981e99:log:204,0x5baa4254da6e680097d0860875f823e98c67f6aef25a2d63fded2cdfea981e99,0x4285ca1254c0f438d231121a5c70ac71d30ca8a0,0xf81ecd9ba50202505f6d3e57419eed7d72f7f874,216.729,,,,ATA,erc20,"{'value': '0x0bbfb8153875a28000', 'address': '0xa2120b9e674d3fc3875f415a7df52e382f141225', 'decimal': '0x12'}",{'blockTimestamp': '2021-11-19T14:32:00.000Z'}
462,0xd0388e,0x778cb958ae7750d4fc3f831f87461bed12feb3b15c3b6073a8617d8601a12916:log:82,0x778cb958ae7750d4fc3f831f87461bed12feb3b15c3b6073a8617d8601a12916,0x21a31ee1afc51d94c2efccaa2092ad1028285549,0x95b564f3b3bae3f206aa418667ba000afafacc8a,71678.15,,,,ATA,erc20,"{'value': '0x0f2dae27f9e29d870000', 'address': '0xa2120b9e674d3fc3875f415a7df52e382f141225', 'decimal': '0x12'}",{'blockTimestamp': '2021-11-19T14:03:13.000Z'}
463,0xd034be,0x2a6926e272db2031006fc037dbc2b6a17f8aadb14d2efa6efb88b6ad7686a229:log:130,0x2a6926e272db2031006fc037dbc2b6a17f8aadb14d2efa6efb88b6ad7686a229,0x20e74b82e9c2b24063c516397cd1fc2eeeb17cc0,0x3c02290922a3618a4646e3bbca65853ea45fe7c6,91395.31999999999,,,,ATA,erc20,"{'value': '0x135a8cdb8ad7624c0000', 'address': '0xa2120b9e674d3fc3875f415a7df52e382f141225', 'decimal': '0x12'}",{'blockTimestamp': '2021-11-19T10:09:52.000Z'}
464,0xd03001,0xc4cde5ee0455b94439132f5c0fd952e0fd8dd6b1fb1db99a57d6405918df5391:log:110,0xc4cde5ee0455b94439132f5c0fd952e0fd8dd6b1fb1db99a57d6405918df5391,0x28c6c06298d514db089934071355e5743bf21d60,0x11eac7bb6912387f76b30d1eb3058ce8def00940,843.3969999999999,,,,ATA,erc20,"{'value': '0x2db87c0efdbe208000', 'address': '0xa2120b9e674d3fc3875f415a7df52e382f141225', 'decimal': '0x12'}",{'blockTimestamp': '2021-11-19T05:17:26.000Z'}
465,0xd02b9a,0xc03a06a742790f287d7b2724b4d8e27c8661b4e0d1c805575fd4c8e6c00bdc1b:log:110,0xc03a06a742790f287d7b2724b4d8e27c8661b4e0d1c805575fd4c8e6c00bdc1b,0xdfd5293d8e347dfe59e90efd55b2956a1343963d,0x95b564f3b3bae3f206aa418667ba000afafacc8a,74333.86,,,,ATA,erc20,"{'value': '0x0fbda5893854a22a0000', 'address': '0xa2120b9e674d3fc3875f415a7df52e382f141225', 'decimal': '0x12'}",{'blockTimestamp': '2021-11-19T00:54:45.000Z'}
466,0xd02b3f,0x96662df27f45ac73d62615b6c93925f17f4e142c80105ab7a7b4ae5bc55e0db8:log:113,0x96662df27f45ac73d62615b6c93925f17f4e142c80105ab7a7b4ae5bc55e0db8,0x21a31ee1afc51d94c2efccaa2092ad1028285549,0xc32551d700078808defbe115d1902a2380d4ed84,295.67299999999994,,,,ATA,erc20,"{'value': '0x10074982f512128000', 'address': '0xa2120b9e674d3fc3875f415a7df52e382f141225', 'decimal': '0x12'}",{'blockTimestamp': '2021-11-19T00:35:53.000Z'}
467,0xd022de,0xeb418c6208ad68e268711c05aa7ab8041b6a7a9ce233192e17b6a6284efdf757:log:74,0xeb418c6208ad68e268711c05aa7ab8041b6a7a9ce233192e17b6a6284efdf757,0x28c6c06298d514db089934071355e5743bf21d60,0x20e74b82e9c2b24063c516397cd1fc2eeeb17cc0,26618.539999999997,,,,ATA,erc20,"{'value': '0x05a2fe732aee465e0000', 'address': '0xa2120b9e674d3fc3875f415a7df52e382f141225', 'decimal': '0x12'}",{'blockTimestamp': '2021-11-18T16:31:27.000Z'}
468,0xd02055,0xef3bfb9e2244b53792ef998a5d3810efea5042f40a4e14455fab79927b7065bf:log:281,0xef3bfb9e2244b53792ef998a5d3810efea5042f40a4e14455fab79927b7065bf,0xeb2c8698b14007041a9a0d4c4d19ebd3e0a5c895,0x6f07ac637e7a1993e1376e3bc7b73f6b7ac4e25c,273.2933,,,,ATA,erc20,"{'value': '0x0ed0b4d8614a434000', 'address': '0xa2120b9e674d3fc3875f415a7df52e382f141225', 'decimal': '0x12'}",{'blockTimestamp': '2021-11-18T14:07:20.000Z'}
469,0xd015da,0x4c02894a6b408260eddd03647c45f43a5209887ef4f1edcf0c09fb464fd03a42:log:6,0x4c02894a6b408260eddd03647c45f43a5209887ef4f1edcf0c09fb464fd03a42,0x21a31ee1afc51d94c2efccaa2092ad1028285549,0x20e74b82e9c2b24063c516397cd1fc2eeeb17cc0,19998.68,,,,ATA,erc20,"{'value': '0x043c216ffe73c4fc0000', 'address': '0xa2120b9e674d3fc3875f415a7df52e382f141225', 'decimal': '0x12'}",{'blockTimestamp': '2021-11-18T03:58:52.000Z'}
470,0xd00bc1,0xb243ade2e11cc43dda68b93d210dea29badcf9522fd93181a1fead152e68bd04:log:7,0xb243ade2e11cc43dda68b93d210dea29badcf9522fd93181a1fead152e68bd04,0x28c6c06298d514db089934071355e5743bf21d60,0x95b564f3b3bae3f206aa418667ba000afafacc8a,68015.53,,,,ATA,erc20,"{'value': '0x0e672117cd4714510000', 'address': '0xa2120b9e674d3fc3875f415a7df52e382f141225', 'decimal': '0x12'}",{'blockTimestamp': '2021-11-17T18:10:34.000Z'}
471,0xd00395,0x174e508e6ee6603a8ebcff826814b80562a7d5f6b9dd5e5e0630b62105e0cf68:log:163,0x174e508e6ee6603a8ebcff826814b80562a7d5f6b9dd5e5e0630b62105e0cf68,0x3c02290922a3618a4646e3bbca65853ea45fe7c6,0x5fb094ab2b5832ceeb2b6d5e3c2df2d6d086b778,176.0,,,,ATA,erc20,"{'value': '0x098a7d9b8314c00000', 'address': '0xa2120b9e674d3fc3875f415a7df52e382f141225', 'decimal': '0x12'}",{'blockTimestamp': '2021-11-17T10:28:38.000Z'}
472,0xd00244,0xc71193d79db3d2a445bb567a8a524f13195a425ce017041dc0174a8c1b754ed1:log:81,0xc71193d79db3d2a445bb567a8a524f13195a425ce017041dc0174a8c1b754ed1,0x21a31ee1afc51d94c2efccaa2092ad1028285549,0x30579762abd413c110be8ae6236987047c573289,1095.0,,,,ATA,erc20,"{'value': '0x3b5c2d7a70fcbc0000', 'address': '0xa2120b9e674d3fc3875f415a7df52e382f141225', 'decimal': '0x12'}",{'blockTimestamp': '2021-11-17T09:12:30.000Z'}
473,0xcffc3c,0xa5074be172b44cbc8399d836c2c4e91faff03dab7e1acc98ebbcf82da66e04f7:log:125,0xa5074be172b44cbc8399d836c2c4e91faff03dab7e1acc98ebbcf82da66e04f7,0x28c6c06298d514db089934071355e5743bf21d60,0x20e74b82e9c2b24063c516397cd1fc2eeeb17cc0,21898.600000000002,,,,ATA,erc20,"{'value': '0x04a3201fc43ea1240000', 'address': '0xa2120b9e674d3fc3875f415a7df52e382f141225', 'decimal': '0x12'}",{'blockTimestamp': '2021-11-17T03:18:26.000Z'}
474,0xcff9b6,0xf1af2b2df6bfc0c20d7c8b9deb639e9be1ab88db70e13378e5e17386b4975d31:log:331,0xf1af2b2df6bfc0c20d7c8b9deb639e9be1ab88db70e13378e5e17386b4975d31,0x36ec81f149bd77ee4ea3678fc137877ed734447c,0xa1d8d972560c2f8144af871db508f0b0b10a3fbf,97.16737916887587,,,,ATA,erc20,"{'value': '0x054477e08a0c899e03', 'address': '0xa2120b9e674d3fc3875f415a7df52e382f141225', 'decimal': '0x12'}",{'blockTimestamp': '2021-11-17T00:56:13.000Z'}
475,0xcff79f,0x315326c0b42dcd6215955e5328e389b0e6dc2353cbee71452a9a0274ea1e03ce:log:110,0x315326c0b42dcd6215955e5328e389b0e6dc2353cbee71452a9a0274ea1e03ce,0x0d48bc77bd111a041fd75dd45243ff0f1739525e,0x36ec81f149bd77ee4ea3678fc137877ed734447c,97.16737916887587,,,,ATA,erc20,"{'value': '0x054477e08a0c899e03', 'address': '0xa2120b9e674d3fc3875f415a7df52e382f141225', 'decimal': '0x12'}",{'blockTimestamp': '2021-11-16T22:54:19.000Z'}
476,0xcff256,0x9619ed6e198b8863d8df230119cb0d71cb00dddbc09db9bea5eaf4154d82ceb7:log:48,0x9619ed6e198b8863d8df230119cb0d71cb00dddbc09db9bea5eaf4154d82ceb7,0xdfd5293d8e347dfe59e90efd55b2956a1343963d,0x95b564f3b3bae3f206aa418667ba000afafacc8a,65734.72,,,,ATA,erc20,"{'value': '0x0deb7c7eea86e5a00000', 'address': '0xa2120b9e674d3fc3875f415a7df52e382f141225', 'decimal': '0x12'}",{'blockTimestamp': '2021-11-16T17:45:39.000Z'}
477,0xcff12f,0x3de820bbb94187bb59b977090ca22421c18561242e4a30a28bcb7a40b797de04:log:144,0x3de820bbb94187bb59b977090ca22421c18561242e4a30a28bcb7a40b797de04,0x21a31ee1afc51d94c2efccaa2092ad1028285549,0x44db644ebcc43bd7c9d1c8113fcdaffa2bfec32d,218.0,,,,ATA,erc20,"{'value': '0x0bd15b94fc8b280000', 'address': '0xa2120b9e674d3fc3875f415a7df52e382f141225', 'decimal': '0x12'}",{'blockTimestamp': '2021-11-16T16:41:13.000Z'}
478,0xcfed79,0x1bafbad76922e08fa6840745cd01cfe6fbee63427747ba1c51835e5a0e7b48f3:log:398,0x1bafbad76922e08fa6840745cd01cfe6fbee63427747ba1c51835e5a0e7b48f3,0x25bf14bdf3c71c23422963471f568e17041259fd,0x5654d65578cda52791879751141f2f3d7dc27fe4,1140.8310000000001,,,,ATA,erc20,"{'value': '0x3dd835e61e49a98000', 'address': '0xa2120b9e674d3fc3875f415a7df52e382f141225', 'decimal': '0x12'}",{'blockTimestamp': '2021-11-16T13:04:05.000Z'}
479,0xcfed6c,0x78101584021cbed0b525f6bdd984267239539f158363df9c19452471f6993a41:log:19,0x78101584021cbed0b525f6bdd984267239539f158363df9c19452471f6993a41,0x28c6c06298d514db089934071355e5743bf21d60,0x25bf14bdf3c71c23422963471f568e17041259fd,1140.8310000000001,,,,ATA,erc20,"{'value': '0x3dd835e61e49a98000', 'address': '0xa2120b9e674d3fc3875f415a7df52e382f141225', 'decimal': '0x12'}",{'blockTimestamp': '2021-11-16T13:01:17.000Z'}
480,0xcfec8a,0xd8511e7b7860640c8ca19cbdd6b4147aa397c85c031c7bb205d4f8f67baa04eb:log:153,0xd8511e7b7860640c8ca19cbdd6b4147aa397c85c031c7bb205d4f8f67baa04eb,0x5654d65578cda52791879751141f2f3d7dc27fe4,0xeb2c8698b14007041a9a0d4c4d19ebd3e0a5c895,273.2933331005127,,,,ATA,erc20,"{'value': '0x0ed0b4f67c1a90868e', 'address': '0xa2120b9e674d3fc3875f415a7df52e382f141225', 'decimal': '0x12'}",{'blockTimestamp': '2021-11-16T12:08:55.000Z'}
481,0xcfeb90,0x1c5d1ac589617009db9989cbeeec4a825e45e3d2618d3153c31e619f1939e497:log:186,0x1c5d1ac589617009db9989cbeeec4a825e45e3d2618d3153c31e619f1939e497,0xdfd5293d8e347dfe59e90efd55b2956a1343963d,0x95b564f3b3bae3f206aa418667ba000afafacc8a,71441.87,,,,ATA,erc20,"{'value': '0x0f20df1cc9c0143b0000', 'address': '0xa2120b9e674d3fc3875f415a7df52e382f141225', 'decimal': '0x12'}",{'blockTimestamp': '2021-11-16T11:09:13.000Z'}
482,0xcfea6d,0x8cb6964cddfe09efbd58ebac4d945da596f339cea68be2426bf6c34608c6c6f4:log:478,0x8cb6964cddfe09efbd58ebac4d945da596f339cea68be2426bf6c34608c6c6f4,0x21a31ee1afc51d94c2efccaa2092ad1028285549,0x20e74b82e9c2b24063c516397cd1fc2eeeb17cc0,22879.5,,,,ATA,erc20,"{'value': '0x04d84cd89d36b5ce0000', 'address': '0xa2120b9e674d3fc3875f415a7df52e382f141225', 'decimal': '0x12'}",{'blockTimestamp': '2021-11-16T10:02:57.000Z'}
483,0xcfe609,0x54e5345ce81d4e84218f06a14d23f4adb855ab95b9f7c60e2eb330cb720da802:log:118,0x54e5345ce81d4e84218f06a14d23f4adb855ab95b9f7c60e2eb330cb720da802,0x28c6c06298d514db089934071355e5743bf21d60,0x95b564f3b3bae3f206aa418667ba000afafacc8a,68566.8,,,,ATA,erc20,"{'value': '0x0e850380458625e80000', 'address': '0xa2120b9e674d3fc3875f415a7df52e382f141225', 'decimal': '0x12'}",{'blockTimestamp': '2021-11-16T05:44:16.000Z'}
484,0xcfe594,0xec8c9c68621a036817a9cb0dc2607e7cf7cbfac5530cd9e027b566597723d892:log:190,0xec8c9c68621a036817a9cb0dc2607e7cf7cbfac5530cd9e027b566597723d892,0x6d1aefc7aeab3444a6d1e02b552881b8fedd83b9,0xa1d8d972560c2f8144af871db508f0b0b10a3fbf,137.0,,,,ATA,erc20,"{'value': '0x076d41c62494840000', 'address': '0xa2120b9e674d3fc3875f415a7df52e382f141225', 'decimal': '0x12'}",{'blockTimestamp': '2021-11-16T05:16:51.000Z'}
485,0xcfdb98,0x6983a3c0c31aa8107ae03169980e70bb3c46b6989cf98e13131231d48c179fd6:log:117,0x6983a3c0c31aa8107ae03169980e70bb3c46b6989cf98e13131231d48c179fd6,0x34e6212fee947978d427d8f8979f9cb49c392767,0x28c6c06298d514db089934071355e5743bf21d60,5600.0,,,,ATA,erc20,"{'value': '0x012f939c99edab800000', 'address': '0xa2120b9e674d3fc3875f415a7df52e382f141225', 'decimal': '0x12'}",{'blockTimestamp': '2021-11-15T19:31:53.000Z'}
486,0xcfdb66,0x287c2270240e55ec306fd06da8f684d562be28d94cf3acc3482cc9aca221b468:log:94,0x287c2270240e55ec306fd06da8f684d562be28d94cf3acc3482cc9aca221b468,0xf1127d90f1022881c147a78289b8ba32b15d05c4,0x34e6212fee947978d427d8f8979f9cb49c392767,2600.0,,,,ATA,erc20,"{'value': '0x8cf23f909c0fa00000', 'address': '0xa2120b9e674d3fc3875f415a7df52e382f141225', 'decimal': '0x12'}",{'blockTimestamp': '2021-11-15T19:17:31.000Z'}
487,0xcfdb1b,0x34990bed946a82209f18a77e83cd28845b51bfb75362fdffff790b56f458abf6:log:32,0x34990bed946a82209f18a77e83cd28845b51bfb75362fdffff790b56f458abf6,0x29984d1f9055cafb02dcdd53c54b727902e44975,0x28c6c06298d514db089934071355e5743bf21d60,55404.44,,,,ATA,erc20,"{'value': '0x0bbb7b0fdab2335c0000', 'address': '0xa2120b9e674d3fc3875f415a7df52e382f141225', 'decimal': '0x12'}",{'blockTimestamp': '2021-11-15T18:59:54.000Z'}
488,0xcfd74d,0x01465758cb4e3a6c082a7b2eb02891c994cc98862eebc493e241a78dc41e8c19:log:144,0x01465758cb4e3a6c082a7b2eb02891c994cc98862eebc493e241a78dc41e8c19,0xdfd5293d8e347dfe59e90efd55b2956a1343963d,0x6d1aefc7aeab3444a6d1e02b552881b8fedd83b9,137.0,,,,ATA,erc20,"{'value': '0x076d41c62494840000', 'address': '0xa2120b9e674d3fc3875f415a7df52e382f141225', 'decimal': '0x12'}",{'blockTimestamp': '2021-11-15T15:15:32.000Z'}
489,0xcfc8b6,0x432c6e254b550f3dfcd875e0d095099a27344ae585d9b1c2049fcf78addf2bff:log:302,0x432c6e254b550f3dfcd875e0d095099a27344ae585d9b1c2049fcf78addf2bff,0x95b564f3b3bae3f206aa418667ba000afafacc8a,0x29984d1f9055cafb02dcdd53c54b727902e44975,55404.44,,,,ATA,erc20,"{'value': '0x0bbb7b0fdab2335c0000', 'address': '0xa2120b9e674d3fc3875f415a7df52e382f141225', 'decimal': '0x12'}",{'blockTimestamp': '2021-11-15T01:02:53.000Z'}
490,0xcfc6f2,0x0228217299833b5c6cc510d3a0d8bef3673654b3012636085e2b70e2dbd4a7b5:log:3,0x0228217299833b5c6cc510d3a0d8bef3673654b3012636085e2b70e2dbd4a7b5,0x21a31ee1afc51d94c2efccaa2092ad1028285549,0x95b564f3b3bae3f206aa418667ba000afafacc8a,57109.16,,,,ATA,erc20,"{'value': '0x0c17e4cdeab3d3440000', 'address': '0xa2120b9e674d3fc3875f415a7df52e382f141225', 'decimal': '0x12'}",{'blockTimestamp': '2021-11-14T23:18:19.000Z'}
491,0xcfc483,0xd05c6e3150454a864194ce6f761cdb23b8d69dfea0b382d1952e91c51d657226:log:46,0xd05c6e3150454a864194ce6f761cdb23b8d69dfea0b382d1952e91c51d657226,0x29984d1f9055cafb02dcdd53c54b727902e44975,0x28c6c06298d514db089934071355e5743bf21d60,50290.28,,,,ATA,erc20,"{'value': '0x0aa63dd5aaad53a40000', 'address': '0xa2120b9e674d3fc3875f415a7df52e382f141225', 'decimal': '0x12'}",{'blockTimestamp': '2021-11-14T21:00:03.000Z'}
492,0xcfbe9a,0x682a4b1aa3ddf71aff30f124fd538d431723e3f3858e196a79d2a5f6eff130ad:log:215,0x682a4b1aa3ddf71aff30f124fd538d431723e3f3858e196a79d2a5f6eff130ad,0x28c6c06298d514db089934071355e5743bf21d60,0xb44cdc65be69f55e87941387e188f106f800056b,76.0,,,,ATA,erc20,"{'value': '0x041eb63d55b1b00000', 'address': '0xa2120b9e674d3fc3875f415a7df52e382f141225', 'decimal': '0x12'}",{'blockTimestamp': '2021-11-14T15:22:33.000Z'}
493,0xcfbdb4,0x47d1849e07f775693636cef6d4d725287eaf58fd7f231377aa971afac3ac1fd4:log:27,0x47d1849e07f775693636cef6d4d725287eaf58fd7f231377aa971afac3ac1fd4,0x95b564f3b3bae3f206aa418667ba000afafacc8a,0x29984d1f9055cafb02dcdd53c54b727902e44975,50290.28,,,,ATA,erc20,"{'value': '0x0aa63dd5aaad53a40000', 'address': '0xa2120b9e674d3fc3875f415a7df52e382f141225', 'decimal': '0x12'}",{'blockTimestamp': '2021-11-14T14:27:06.000Z'}
494,0xcfb754,0x15364c24cc7439253ab6ea5f0b8a7ee4cb2df3a2247834e5eb294d82896495b1:log:53,0x15364c24cc7439253ab6ea5f0b8a7ee4cb2df3a2247834e5eb294d82896495b1,0xdfd5293d8e347dfe59e90efd55b2956a1343963d,0x284b5004c4538de85ec2a5d29de88251180fab64,2285.6839999999997,,,,ATA,erc20,"{'value': '0x7be83ccfed59f20000', 'address': '0xa2120b9e674d3fc3875f415a7df52e382f141225', 'decimal': '0x12'}",{'blockTimestamp': '2021-11-14T08:30:00.000Z'}
495,0xcfb595,0xb8f6cdf44712d774893476f0be41e01365c6ec89ce388cc1af6c73c71eec2135:log:61,0xb8f6cdf44712d774893476f0be41e01365c6ec89ce388cc1af6c73c71eec2135,0x21a31ee1afc51d94c2efccaa2092ad1028285549,0xc3d35a21848c704601608199ab41b6833911fd89,189.682,,,,ATA,erc20,"{'value': '0x0a485dd6058da50000', 'address': '0xa2120b9e674d3fc3875f415a7df52e382f141225', 'decimal': '0x12'}",{'blockTimestamp': '2021-11-14T06:45:24.000Z'}
496,0xcfb572,0xd814adcb697f0c84d42ac46195fd72832862a4f97401b90f525a07445350b85b:log:60,0xd814adcb697f0c84d42ac46195fd72832862a4f97401b90f525a07445350b85b,0x28c6c06298d514db089934071355e5743bf21d60,0xc3d35a21848c704601608199ab41b6833911fd89,72.0,,,,ATA,erc20,"{'value': '0x03e733628714200000', 'address': '0xa2120b9e674d3fc3875f415a7df52e382f141225', 'decimal': '0x12'}",{'blockTimestamp': '2021-11-14T06:38:19.000Z'}
497,0xcfab61,0xec6008868396a3526885b39cbb7c4809a752b9f2a05bb88a67b0bf9482c0c5be:log:43,0xec6008868396a3526885b39cbb7c4809a752b9f2a05bb88a67b0bf9482c0c5be,0x95b564f3b3bae3f206aa418667ba000afafacc8a,0x9be13a72eba22c4f6a1c242fe7f9b69942f9bef8,241.21543127,,,,ATA,erc20,"{'value': '0x0d13895cb9d7007c00', 'address': '0xa2120b9e674d3fc3875f415a7df52e382f141225', 'decimal': '0x12'}",{'blockTimestamp': '2021-11-13T20:35:22.000Z'}
498,0xcfa9bd,0xc9298ceeb96da16729d14250b9f85ced114814ba065b7f574507764fac3cca87:log:135,0xc9298ceeb96da16729d14250b9f85ced114814ba065b7f574507764fac3cca87,0x29984d1f9055cafb02dcdd53c54b727902e44975,0x28c6c06298d514db089934071355e5743bf21d60,53549.79,,,,ATA,erc20,"{'value': '0x0b56f09f6e0d8d230000', 'address': '0xa2120b9e674d3fc3875f415a7df52e382f141225', 'decimal': '0x12'}",{'blockTimestamp': '2021-11-13T18:59:45.000Z'}
499,0xcfa9b5,0x367c555185aa996a81fb1e2e85554f78c7ab607e051618f1cc96e0beb20cf6f1:log:46,0x367c555185aa996a81fb1e2e85554f78c7ab607e051618f1cc96e0beb20cf6f1,0xdfd5293d8e347dfe59e90efd55b2956a1343963d,0x1c20a8bd600bd499c21ba05e4be2ed4fb6354ce1,282.5,,,,ATA,erc20,"{'value': '0x0f50799d4037da0000', 'address': '0xa2120b9e674d3fc3875f415a7df52e382f141225', 'decimal': '0x12'}",{'blockTimestamp': '2021-11-13T18:58:18.000Z'}
500,0xcfa945,0x816df2a4c01010af81c96c8ebeeebbf4e6a8253e1f245d2d5406590baa4cccbf:log:72,0x816df2a4c01010af81c96c8ebeeebbf4e6a8253e1f245d2d5406590baa4cccbf,0x21a31ee1afc51d94c2efccaa2092ad1028285549,0x1c20a8bd600bd499c21ba05e4be2ed4fb6354ce1,27.0,,,,ATA,erc20,"{'value': '0x0176b344f2a78c0000', 'address': '0xa2120b9e674d3fc3875f415a7df52e382f141225', 'decimal': '0x12'}",{'blockTimestamp': '2021-11-13T18:35:31.000Z'}
501,0xcfa79e,0x873aa37cb603edc5e34e5beab8ba3a5d0d84d3782310d58d6486605f128f9b0e:log:252,0x873aa37cb603edc5e34e5beab8ba3a5d0d84d3782310d58d6486605f128f9b0e,0x95b564f3b3bae3f206aa418667ba000afafacc8a,0x29984d1f9055cafb02dcdd53c54b727902e44975,53549.79,,,,ATA,erc20,"{'value': '0x0b56f09f6e0d8d230000', 'address': '0xa2120b9e674d3fc3875f415a7df52e382f141225', 'decimal': '0x12'}",{'blockTimestamp': '2021-11-13T17:01:51.000Z'}
502,0xcfa458,0x7f83f6bd79679a54106ab1440a1a1d4903d0cc1f0995189b8ed26b7e35be6566:log:86,0x7f83f6bd79679a54106ab1440a1a1d4903d0cc1f0995189b8ed26b7e35be6566,0x6fac5e9fbf5938d8a890cf66c18f010f9f889e05,0x84cc4ea28378d03fff21e69cffe93785092bb223,71.78335507,,,,ATA,erc20,"{'value': '0x03e431b51c9515ec00', 'address': '0xa2120b9e674d3fc3875f415a7df52e382f141225', 'decimal': '0x12'}",{'blockTimestamp': '2021-11-13T13:46:51.000Z'}
503,0xcf9f4e,0xed0de582955ef2e9f7c11616cd4224ec8a0473a52cd8e8a9c8a9df5d59b11444:log:9,0xed0de582955ef2e9f7c11616cd4224ec8a0473a52cd8e8a9c8a9df5d59b11444,0x29984d1f9055cafb02dcdd53c54b727902e44975,0x28c6c06298d514db089934071355e5743bf21d60,59309.99,,,,ATA,erc20,"{'value': '0x0c8f3374c33492370000', 'address': '0xa2120b9e674d3fc3875f415a7df52e382f141225', 'decimal': '0x12'}",{'blockTimestamp': '2021-11-13T09:00:04.000Z'}
504,0xcf9f2c,0x9b053a7aab808e45f43c76afbba3084cafc2667daf1324e3513d4d2d87308719:log:33,0x9b053a7aab808e45f43c76afbba3084cafc2667daf1324e3513d4d2d87308719,0x95b564f3b3bae3f206aa418667ba000afafacc8a,0x29984d1f9055cafb02dcdd53c54b727902e44975,59309.99,,,,ATA,erc20,"{'value': '0x0c8f3374c33492370000', 'address': '0xa2120b9e674d3fc3875f415a7df52e382f141225', 'decimal': '0x12'}",{'blockTimestamp': '2021-11-13T08:52:46.000Z'}
505,0xcf96b9,0x1232fba4cad67533817d2b4e4d7a66e436a1a062772a9ca902a469a73f5f0d1e:log:28,0x1232fba4cad67533817d2b4e4d7a66e436a1a062772a9ca902a469a73f5f0d1e,0x28c6c06298d514db089934071355e5743bf21d60,0x95b564f3b3bae3f206aa418667ba000afafacc8a,52508.93,,,,ATA,erc20,"{'value': '0x0b1e83c9dec3fc0d0000', 'address': '0xa2120b9e674d3fc3875f415a7df52e382f141225', 'decimal': '0x12'}",{'blockTimestamp': '2021-11-13T00:37:22.000Z'}
506,0xcf9417,0x2d00a85215d24720eabf8dc299c30072e0543acfa22b7cad82a31403e0610a1e:log:81,0x2d00a85215d24720eabf8dc299c30072e0543acfa22b7cad82a31403e0610a1e,0x3cfc0f2e9f1b7ded102043cc7461e2d69c4cfad9,0x28c6c06298d514db089934071355e5743bf21d60,4467.775663,,,,ATA,erc20,"{'value': '0xf232d7b6356255f000', 'address': '0xa2120b9e674d3fc3875f415a7df52e382f141225', 'decimal': '0x12'}",{'blockTimestamp': '2021-11-12T22:00:08.000Z'}
507,0xcf8cef,0xd35255050f9f3e6f9a794b78f7b9ff625bbfd118e3d944e6478bd60c26385f14:log:250,0xd35255050f9f3e6f9a794b78f7b9ff625bbfd118e3d944e6478bd60c26385f14,0xc10a09e9eba1747e253ec250353ac531c130ddda,0xa1d8d972560c2f8144af871db508f0b0b10a3fbf,271.05089614,,,,ATA,erc20,"{'value': '0x0eb19639f33bff7800', 'address': '0xa2120b9e674d3fc3875f415a7df52e382f141225', 'decimal': '0x12'}",{'blockTimestamp': '2021-11-12T15:19:37.000Z'}
508,0xcf8c4b,0x5676414145ab57e024642ffd1e0ba63ed4942c3d91163f9b3813f961bad9c639:log:19,0x5676414145ab57e024642ffd1e0ba63ed4942c3d91163f9b3813f961bad9c639,0xdfd5293d8e347dfe59e90efd55b2956a1343963d,0xdb4c003d6a5c800ec3f990ff7840d5a4652e8dba,50.0,,,,ATA,erc20,"{'value': '0x02b5e3af16b1880000', 'address': '0xa2120b9e674d3fc3875f415a7df52e382f141225', 'decimal': '0x12'}",{'blockTimestamp': '2021-11-12T14:44:11.000Z'}
509,0xcf8bc0,0x268c2727fbbc0032ba755549625fa41e4cbb1002c9a826821c60f82bb38bc81b:log:13,0x268c2727fbbc0032ba755549625fa41e4cbb1002c9a826821c60f82bb38bc81b,0x21a31ee1afc51d94c2efccaa2092ad1028285549,0xc10a09e9eba1747e253ec250353ac531c130ddda,271.05089614,,,,ATA,erc20,"{'value': '0x0eb19639f33bff7800', 'address': '0xa2120b9e674d3fc3875f415a7df52e382f141225', 'decimal': '0x12'}",{'blockTimestamp': '2021-11-12T14:09:46.000Z'}
510,0xcf8971,0x4cc8464ee9bf1890fb32d21aa121de990cfe3abe4b42168a84a70f3e6d4ba855:log:133,0x4cc8464ee9bf1890fb32d21aa121de990cfe3abe4b42168a84a70f3e6d4ba855,0x920144d5cd97df258c40f57b43df7474611fe6a2,0xa1d8d972560c2f8144af871db508f0b0b10a3fbf,500.0,,,,ATA,erc20,"{'value': '0x1b1ae4d6e2ef500000', 'address': '0xa2120b9e674d3fc3875f415a7df52e382f141225', 'decimal': '0x12'}",{'blockTimestamp': '2021-11-12T11:51:18.000Z'}
511,0xcf882c,0x1fe7a3a0b2cb75a1e18b5b71402cba1493deaed04124fdf01f0a93053d2d8be0:log:504,0x1fe7a3a0b2cb75a1e18b5b71402cba1493deaed04124fdf01f0a93053d2d8be0,0x046c80595f493d0d9c73585e8e7a67ee462ec58d,0x920144d5cd97df258c40f57b43df7474611fe6a2,500.0,,,,ATA,erc20,"{'value': '0x1b1ae4d6e2ef500000', 'address': '0xa2120b9e674d3fc3875f415a7df52e382f141225', 'decimal': '0x12'}",{'blockTimestamp': '2021-11-12T10:33:19.000Z'}
512,0xcf86fc,0x71df67fee400191210935dd1bb28bde1679b0bd9addfe493f2449f831a77f30a:log:204,0x71df67fee400191210935dd1bb28bde1679b0bd9addfe493f2449f831a77f30a,0x28c6c06298d514db089934071355e5743bf21d60,0x95b564f3b3bae3f206aa418667ba000afafacc8a,106774.95,,,,ATA,erc20,"{'value': '0x169c48196b11bf370000', 'address': '0xa2120b9e674d3fc3875f415a7df52e382f141225', 'decimal': '0x12'}",{'blockTimestamp': '2021-11-12T09:22:37.000Z'}
513,0xcf8542,0x0d7f95a89b57ac4bf1fe7b1d505d9e519d2e053e29016038754b8154c05283b0:log:12,0x0d7f95a89b57ac4bf1fe7b1d505d9e519d2e053e29016038754b8154c05283b0,0xdfd5293d8e347dfe59e90efd55b2956a1343963d,0x430c8c3278e25d9cb43a3538100295b978449c51,48.0,,,,ATA,erc20,"{'value': '0x029a2241af62c00000', 'address': '0xa2120b9e674d3fc3875f415a7df52e382f141225', 'decimal': '0x12'}",{'blockTimestamp': '2021-11-12T07:43:55.000Z'}
514,0xcf82d7,0x113a3179a9d7377621365b965cae8c5cd5936ee169ff26b543ef9bbfe2a69de3:log:124,0x113a3179a9d7377621365b965cae8c5cd5936ee169ff26b543ef9bbfe2a69de3,0x21a31ee1afc51d94c2efccaa2092ad1028285549,0xf1127d90f1022881c147a78289b8ba32b15d05c4,2500.0,,,,ATA,erc20,"{'value': '0x878678326eac900000', 'address': '0xa2120b9e674d3fc3875f415a7df52e382f141225', 'decimal': '0x12'}",{'blockTimestamp': '2021-11-12T05:27:25.000Z'}
515,0xcf7f41,0x683017b07bca71b97b15463f4115d4754b27376f7bfb7d67a796d429ec338abb:log:6,0x683017b07bca71b97b15463f4115d4754b27376f7bfb7d67a796d429ec338abb,0xfcd7d449c0aee7673235c98a5b62033eb8a6c95c,0x28c6c06298d514db089934071355e5743bf21d60,1580.98973136,,,,ATA,erc20,"{'value': '0x55b4a3d83ab50d4000', 'address': '0xa2120b9e674d3fc3875f415a7df52e382f141225', 'decimal': '0x12'}",{'blockTimestamp': '2021-11-12T02:02:45.000Z'}
516,0xcf7f01,0x43df5fed23f2c2237a64c822c861c6bfb0ac9db4d4a94f3a37377e1fc032eac8:log:165,0x43df5fed23f2c2237a64c822c861c6bfb0ac9db4d4a94f3a37377e1fc032eac8,0xfe569929911ea98f5479b7c9953cccb8c1e023df,0xfcd7d449c0aee7673235c98a5b62033eb8a6c95c,1057.39,,,,ATA,erc20,"{'value': '0x39523beab52a4b0000', 'address': '0xa2120b9e674d3fc3875f415a7df52e382f141225', 'decimal': '0x12'}",{'blockTimestamp': '2021-11-12T01:46:51.000Z'}
517,0xcf7e2f,0x8cde8da6bb4b7932c2b2118ae809e0f25826fa042e07148d711ce0bdff9a9cd5:log:30,0x8cde8da6bb4b7932c2b2118ae809e0f25826fa042e07148d711ce0bdff9a9cd5,0x29984d1f9055cafb02dcdd53c54b727902e44975,0x28c6c06298d514db089934071355e5743bf21d60,159939.08000000002,,,,ATA,erc20,"{'value': '0x21de509d4a6fbf340000', 'address': '0xa2120b9e674d3fc3875f415a7df52e382f141225', 'decimal': '0x12'}",{'blockTimestamp': '2021-11-12T01:00:08.000Z'}
518,0xcf7d1b,0x2b66762b37f56ee3140412290997c6505bed18548cc1dc70c5f0267c7e62606d:log:0,0x2b66762b37f56ee3140412290997c6505bed18548cc1dc70c5f0267c7e62606d,0xf05e2a70346560d3228c7002194bb7c5dc8fe100,0x28c6c06298d514db089934071355e5743bf21d60,1000000.0,,,,ATA,erc20,"{'value': '0xd3c21bcecceda1000000', 'address': '0xa2120b9e674d3fc3875f415a7df52e382f141225', 'decimal': '0x12'}",{'blockTimestamp': '2021-11-12T00:02:56.000Z'}
519,0xcf7c1e,0x4d600120014b6e633a2c2c10db0a482e7fd8e815ddbe9e9db94bb42c5b4cc401:log:398,0x4d600120014b6e633a2c2c10db0a482e7fd8e815ddbe9e9db94bb42c5b4cc401,0xfa35113163bfd33c18a01d1a62d4d14a1ed30a42,0x5654d65578cda52791879751141f2f3d7dc27fe4,611.285,,,,ATA,erc20,"{'value': '0x21234894c5f4a88000', 'address': '0xa2120b9e674d3fc3875f415a7df52e382f141225', 'decimal': '0x12'}",{'blockTimestamp': '2021-11-11T23:04:00.000Z'}
520,0xcf7c13,0xace813c3ef685ca2a8eefc8f32b32073a976038d1f54c1a4659174cd3d44a17c:log:8,0xace813c3ef685ca2a8eefc8f32b32073a976038d1f54c1a4659174cd3d44a17c,0x40ec5b33f54e0e8a33a975908c5ba1c14e5bbbdf,0xfa35113163bfd33c18a01d1a62d4d14a1ed30a42,611.285,,,,ATA,erc20,"{'value': '0x21234894c5f4a88000', 'address': '0xa2120b9e674d3fc3875f415a7df52e382f141225', 'decimal': '0x12'}",{'blockTimestamp': '2021-11-11T23:02:15.000Z'}
521,0xcf7aff,0xaf72791d403698e535ec5f65a2569389789b636c924a9b6dd659cb18dab5274d:log:45,0xaf72791d403698e535ec5f65a2569389789b636c924a9b6dd659cb18dab5274d,0x28c6c06298d514db089934071355e5743bf21d60,0xce5f4ea211058fc7a1f3738d9b34489e18d89718,1484.9260000000002,,,,ATA,erc20,"{'value': '0x507f7ce9865db30000', 'address': '0xa2120b9e674d3fc3875f415a7df52e382f141225', 'decimal': '0x12'}",{'blockTimestamp': '2021-11-11T21:59:09.000Z'}
522,0xcf7a70,0xc2431435d6866ec0c9a6489c05b8aa89b106bae9c16a38b9c682114af458f367:log:207,0xc2431435d6866ec0c9a6489c05b8aa89b106bae9c16a38b9c682114af458f367,0x74de5d4fcbf63e00296fd95d33236b9794016631,0xbc5f24bb0626c307b76502007f149ea8516e6ddb,192.95431562663154,,,,ATA,erc20,"{'value': '0x0a75c76fbf23fa1a2f', 'address': '0xa2120b9e674d3fc3875f415a7df52e382f141225', 'decimal': '0x12'}",{'blockTimestamp': '2021-11-11T21:26:14.000Z'}
523,0xcf7a70,0xc2431435d6866ec0c9a6489c05b8aa89b106bae9c16a38b9c682114af458f367:log:203,0xc2431435d6866ec0c9a6489c05b8aa89b106bae9c16a38b9c682114af458f367,0x5654d65578cda52791879751141f2f3d7dc27fe4,0x74de5d4fcbf63e00296fd95d33236b9794016631,192.95431562663154,,,,ATA,erc20,"{'value': '0x0a75c76fbf23fa1a2f', 'address': '0xa2120b9e674d3fc3875f415a7df52e382f141225', 'decimal': '0x12'}",{'blockTimestamp': '2021-11-11T21:26:14.000Z'}
524,0xcf7908,0x4a285108b1b6f7b482cc05ca59433306277b818f4cde240b75d13a4b3bf1566b:log:171,0x4a285108b1b6f7b482cc05ca59433306277b818f4cde240b75d13a4b3bf1566b,0xdfd5293d8e347dfe59e90efd55b2956a1343963d,0x93ba3a27f94397e82564ffbd1d8de4ec079b3555,361.43665999999996,,,,ATA,erc20,"{'value': '0x1397f0f74be7a34000', 'address': '0xa2120b9e674d3fc3875f415a7df52e382f141225', 'decimal': '0x12'}",{'blockTimestamp': '2021-11-11T20:05:16.000Z'}
525,0xcf77b2,0x3c1c28bfec9d240736c433b074a0ce4067f6b1179b7bd6f2eacd161f130f88f7:log:6,0x3c1c28bfec9d240736c433b074a0ce4067f6b1179b7bd6f2eacd161f130f88f7,0x21a31ee1afc51d94c2efccaa2092ad1028285549,0x8bcb0a5b9614ca96b0fb759dd84bc33e66d307be,62.581,,,,ATA,erc20,"{'value': '0x03647c5fee80b88000', 'address': '0xa2120b9e674d3fc3875f415a7df52e382f141225', 'decimal': '0x12'}",{'blockTimestamp': '2021-11-11T18:46:33.000Z'}
526,0xcf778a,0xa5b7894fa0ba7d87ee09c1e170404102d2e91994ad7f9ca2bbfcd933876832ec:log:755,0xa5b7894fa0ba7d87ee09c1e170404102d2e91994ad7f9ca2bbfcd933876832ec,0x84f1ddd9ec05cf65d31d989adcc035d2928475ed,0x074c50006396686bd30b2272f5ecfd61f1c44194,197.532,,,,ATA,erc20,"{'value': '0x0ab54ea36e3c760000', 'address': '0xa2120b9e674d3fc3875f415a7df52e382f141225', 'decimal': '0x12'}",{'blockTimestamp': '2021-11-11T18:37:54.000Z'}
527,0xcf7668,0xdc15ebfcae7a09530fd524882bdf99c471c46e2ab4c0bc3a27a1f3de85177e34:log:13,0xdc15ebfcae7a09530fd524882bdf99c471c46e2ab4c0bc3a27a1f3de85177e34,0x28c6c06298d514db089934071355e5743bf21d60,0x31c5a5bce5445264e2cf69cff26bcb8b3f785524,66.0,,,,ATA,erc20,"{'value': '0x0393ef1a5127c80000', 'address': '0xa2120b9e674d3fc3875f415a7df52e382f141225', 'decimal': '0x12'}",{'blockTimestamp': '2021-11-11T17:30:50.000Z'}
528,0xcf754c,0x0fa70b19bd099ccc0b1a0ec53c0ea63661cede208afc86c010e1ef083bc85862:log:68,0x0fa70b19bd099ccc0b1a0ec53c0ea63661cede208afc86c010e1ef083bc85862,0x0d28f03d122b1db98183b424683458cf6cc8d504,0x28c6c06298d514db089934071355e5743bf21d60,3764.4303459999996,,,,ATA,erc20,"{'value': '0xcc11f72ee156d2a000', 'address': '0xa2120b9e674d3fc3875f415a7df52e382f141225', 'decimal': '0x12'}",{'blockTimestamp': '2021-11-11T16:30:10.000Z'}
529,0xcf753d,0x0b487988e1efb4c9db2f4a1ffe031acbac2fa78b5fe659e21425830bc6a25863:log:77,0x0b487988e1efb4c9db2f4a1ffe031acbac2fa78b5fe659e21425830bc6a25863,0x3c02290922a3618a4646e3bbca65853ea45fe7c6,0x0d28f03d122b1db98183b424683458cf6cc8d504,3764.4303465499997,,,,ATA,erc20,"{'value': '0xcc11f72f6165609c00', 'address': '0xa2120b9e674d3fc3875f415a7df52e382f141225', 'decimal': '0x12'}",{'blockTimestamp': '2021-11-11T16:27:11.000Z'}
530,0xcf7503,0x33811bcfe47d8616fef5f291a5f164a7cea6ec588decd14b200eba00d9859d4a:log:321,0x33811bcfe47d8616fef5f291a5f164a7cea6ec588decd14b200eba00d9859d4a,0x3c02290922a3618a4646e3bbca65853ea45fe7c6,0x3cfc0f2e9f1b7ded102043cc7461e2d69c4cfad9,4467.7756639,,,,ATA,erc20,"{'value': '0xf232d7b706ee841800', 'address': '0xa2120b9e674d3fc3875f415a7df52e382f141225', 'decimal': '0x12'}",{'blockTimestamp': '2021-11-11T16:13:17.000Z'}
531,0xcf73f1,0x6b16063330174144a7e41390386bc86d3add0ec7b73cd8d10e74801daa34f77e:log:140,0x6b16063330174144a7e41390386bc86d3add0ec7b73cd8d10e74801daa34f77e,0xe66b31678d6c16e9ebf358268a790b763c133750,0xedfce7ed6807a89251ea60c37d390853ddb8661b,931.3899379678384,,,,ATA,erc20,"{'value': '0x327da1c5ddca1e2699', 'address': '0xa2120b9e674d3fc3875f415a7df52e382f141225', 'decimal': '0x12'}",{'blockTimestamp': '2021-11-11T15:10:41.000Z'}
532,0xcf73f1,0x6b16063330174144a7e41390386bc86d3add0ec7b73cd8d10e74801daa34f77e:log:137,0x6b16063330174144a7e41390386bc86d3add0ec7b73cd8d10e74801daa34f77e,0x5654d65578cda52791879751141f2f3d7dc27fe4,0xe66b31678d6c16e9ebf358268a790b763c133750,931.3899379678384,,,,ATA,erc20,"{'value': '0x327da1c5ddca1e2699', 'address': '0xa2120b9e674d3fc3875f415a7df52e382f141225', 'decimal': '0x12'}",{'blockTimestamp': '2021-11-11T15:10:41.000Z'}
533,0xcf7238,0x438217417d1f695f19d52e81fee7f7d3ee5ee017a353b10937c0e617416e55a5:log:74,0x438217417d1f695f19d52e81fee7f7d3ee5ee017a353b10937c0e617416e55a5,0x6767526a362ec6c6b1df185478e4f01506b73ff3,0x28c6c06298d514db089934071355e5743bf21d60,53067.0,,,,ATA,erc20,"{'value': '0x0b3cc490cafbe64c0000', 'address': '0xa2120b9e674d3fc3875f415a7df52e382f141225', 'decimal': '0x12'}",{'blockTimestamp': '2021-11-11T13:30:08.000Z'}
534,0xcf7221,0x73b6826c11b3c1f4ebea0519c62c0b6b94a8aa4e5d5fc291a2b4ed758af0db10:log:192,0x73b6826c11b3c1f4ebea0519c62c0b6b94a8aa4e5d5fc291a2b4ed758af0db10,0x95b564f3b3bae3f206aa418667ba000afafacc8a,0x29984d1f9055cafb02dcdd53c54b727902e44975,53170.53,,,,ATA,erc20,"{'value': '0x0b4261553d75627d0000', 'address': '0xa2120b9e674d3fc3875f415a7df52e382f141225', 'decimal': '0x12'}",{'blockTimestamp': '2021-11-11T13:25:49.000Z'}
535,0xcf7138,0xca1de30b5cac2a2e4c604979045001f9235d96c4e1a29af3ccefb41adeec01b5:log:224,0xca1de30b5cac2a2e4c604979045001f9235d96c4e1a29af3ccefb41adeec01b5,0x95b564f3b3bae3f206aa418667ba000afafacc8a,0x29984d1f9055cafb02dcdd53c54b727902e44975,53147.99,,,,ATA,erc20,"{'value': '0x0b41288712e16d2f0000', 'address': '0xa2120b9e674d3fc3875f415a7df52e382f141225', 'decimal': '0x12'}",{'blockTimestamp': '2021-11-11T12:38:43.000Z'}
536,0xcf7103,0x208fb61dc9d84f02849308ae73fedf8aa59176c3237f9e66feb6e7630c8fcf8e:log:426,0x208fb61dc9d84f02849308ae73fedf8aa59176c3237f9e66feb6e7630c8fcf8e,0x3c02290922a3618a4646e3bbca65853ea45fe7c6,0x6767526a362ec6c6b1df185478e4f01506b73ff3,53067.0,,,,ATA,erc20,"{'value': '0x0b3cc490cafbe64c0000', 'address': '0xa2120b9e674d3fc3875f415a7df52e382f141225', 'decimal': '0x12'}",{'blockTimestamp': '2021-11-11T12:25:30.000Z'}
537,0xcf70c6,0xa92289ffc9dc02c764fe23db35c1872481f1f0648066f8c0d04e5b87921e090a:log:60,0xa92289ffc9dc02c764fe23db35c1872481f1f0648066f8c0d04e5b87921e090a,0x95b564f3b3bae3f206aa418667ba000afafacc8a,0x29984d1f9055cafb02dcdd53c54b727902e44975,53620.56,,,,ATA,erc20,"{'value': '0x0b5ac6c0fa18ef880000', 'address': '0xa2120b9e674d3fc3875f415a7df52e382f141225', 'decimal': '0x12'}",{'blockTimestamp': '2021-11-11T12:10:35.000Z'}
538,0xcf70c1,0x2b608f6752897f16d2ab70586b7d3e85cbea0c3aaeb5caa0bc1c12ce4edc7739:log:37,0x2b608f6752897f16d2ab70586b7d3e85cbea0c3aaeb5caa0bc1c12ce4edc7739,0xdfd5293d8e347dfe59e90efd55b2956a1343963d,0xd034773e93799bb6dc3059e35e517d84a14b26ee,64.0,,,,ATA,erc20,"{'value': '0x03782dace9d9000000', 'address': '0xa2120b9e674d3fc3875f415a7df52e382f141225', 'decimal': '0x12'}",{'blockTimestamp': '2021-11-11T12:09:12.000Z'}
539,0xcf6f93,0x38905bba251f5fe241310f7929642baca49dd2e2462f56f092d61dcd49bd2407:log:76,0x38905bba251f5fe241310f7929642baca49dd2e2462f56f092d61dcd49bd2407,0x3cfc0f2e9f1b7ded102043cc7461e2d69c4cfad9,0x28c6c06298d514db089934071355e5743bf21d60,11565.001633,,,,ATA,erc20,"{'value': '0x0272f0a37f35717f1000', 'address': '0xa2120b9e674d3fc3875f415a7df52e382f141225', 'decimal': '0x12'}",{'blockTimestamp': '2021-11-11T11:00:05.000Z'}
540,0xcf6f52,0x0c805b11cff3b6aac082e5f4d820cc83af6c5d292db6163c9a1ca6b911c272d7:log:70,0x0c805b11cff3b6aac082e5f4d820cc83af6c5d292db6163c9a1ca6b911c272d7,0x5654d65578cda52791879751141f2f3d7dc27fe4,0x2543e9dd96091fb9f608d7471a4214569e17d8fb,410.79069792288726,,,,ATA,erc20,"{'value': '0x1644ddbb4c687e6114', 'address': '0xa2120b9e674d3fc3875f415a7df52e382f141225', 'decimal': '0x12'}",{'blockTimestamp': '2021-11-11T10:48:09.000Z'}
541,0xcf6f32,0xe5964655e64900bfb7a691cf9326ee235c870b62de075b787aeac19b752fbce3:log:121,0xe5964655e64900bfb7a691cf9326ee235c870b62de075b787aeac19b752fbce3,0x933b0acfc10a68e1f65c3c96e092246a77424e54,0x5654d65578cda52791879751141f2f3d7dc27fe4,803.3890304229895,,,,ATA,erc20,"{'value': '0x2b8d4332a1d7c87df9', 'address': '0xa2120b9e674d3fc3875f415a7df52e382f141225', 'decimal': '0x12'}",{'blockTimestamp': '2021-11-11T10:42:33.000Z'}
542,0xcf6f32,0xe5964655e64900bfb7a691cf9326ee235c870b62de075b787aeac19b752fbce3:log:118,0xe5964655e64900bfb7a691cf9326ee235c870b62de075b787aeac19b752fbce3,0xa0167224109fb20453fc025916397e4fc410010c,0x933b0acfc10a68e1f65c3c96e092246a77424e54,803.3890304229895,,,,ATA,erc20,"{'value': '0x2b8d4332a1d7c87df9', 'address': '0xa2120b9e674d3fc3875f415a7df52e382f141225', 'decimal': '0x12'}",{'blockTimestamp': '2021-11-11T10:42:33.000Z'}
543,0xcf6f32,0xe5964655e64900bfb7a691cf9326ee235c870b62de075b787aeac19b752fbce3:log:117,0xe5964655e64900bfb7a691cf9326ee235c870b62de075b787aeac19b752fbce3,0x40ec5b33f54e0e8a33a975908c5ba1c14e5bbbdf,0xa0167224109fb20453fc025916397e4fc410010c,803.3890304229895,,,,ATA,erc20,"{'value': '0x2b8d4332a1d7c87df9', 'address': '0xa2120b9e674d3fc3875f415a7df52e382f141225', 'decimal': '0x12'}",{'blockTimestamp': '2021-11-11T10:42:33.000Z'}
544,0xcf6f2c,0xa11875b5bb03aeb08c161d3f1c40d23abea2be3b94c806cd40bcbd0a0b37ec0e:log:490,0xa11875b5bb03aeb08c161d3f1c40d23abea2be3b94c806cd40bcbd0a0b37ec0e,0xf9932049857c43744a02a07f5e3c0fe9ed8ad44b,0xa1d8d972560c2f8144af871db508f0b0b10a3fbf,165.6445,,,,ATA,erc20,"{'value': '0x08fac77b20b9314000', 'address': '0xa2120b9e674d3fc3875f415a7df52e382f141225', 'decimal': '0x12'}",{'blockTimestamp': '2021-11-11T10:41:53.000Z'}
545,0xcf6f08,0x0d9d44c58d326fe64dcb053361155ffb0c8eba5b350952f3d90c70ade7d2de68:log:106,0x0d9d44c58d326fe64dcb053361155ffb0c8eba5b350952f3d90c70ade7d2de68,0x7158a8ae5e0d3588794baef69bb3687da96ed59e,0xa1d8d972560c2f8144af871db508f0b0b10a3fbf,133.834,,,,ATA,erc20,"{'value': '0x074151e1eac5a10000', 'address': '0xa2120b9e674d3fc3875f415a7df52e382f141225', 'decimal': '0x12'}",{'blockTimestamp': '2021-11-11T10:34:18.000Z'}
546,0xcf6efb,0x894ca4255cacfad6a02b70c497f6cf2d5d8e1ce2b4dc6085464ebcc1253d382a:log:111,0x894ca4255cacfad6a02b70c497f6cf2d5d8e1ce2b4dc6085464ebcc1253d382a,0xb2bc0ccb21c8e41482eae3d5b50d03120a2aad3a,0xa1d8d972560c2f8144af871db508f0b0b10a3fbf,1927.731561,,,,ATA,erc20,"{'value': '0x6880a6492b82439000', 'address': '0xa2120b9e674d3fc3875f415a7df52e382f141225', 'decimal': '0x12'}",{'blockTimestamp': '2021-11-11T10:30:30.000Z'}
547,0xcf6ee4,0xeac2ebbd6eeee924a78db03b0dc40bdd664cec79afc378636a37ff5349953a0a:log:236,0xeac2ebbd6eeee924a78db03b0dc40bdd664cec79afc378636a37ff5349953a0a,0x51135b27cf12a5889ef978b16b3e4340c669d7c5,0x47c43b331a250b9bee5b42a3609f8dc651616362,890.53306646,,,,ATA,erc20,"{'value': '0x3046a101b2efa19800', 'address': '0xa2120b9e674d3fc3875f415a7df52e382f141225', 'decimal': '0x12'}",{'blockTimestamp': '2021-11-11T10:24:45.000Z'}
548,0xcf6eda,0x73dbdf4f576867a1275ea5efa77206e9345d1197f93305ac1aec8bebc0df115a:log:80,0x73dbdf4f576867a1275ea5efa77206e9345d1197f93305ac1aec8bebc0df115a,0x3c02290922a3618a4646e3bbca65853ea45fe7c6,0x3cfc0f2e9f1b7ded102043cc7461e2d69c4cfad9,11565.00163213,,,,ATA,erc20,"{'value': '0x0272f0a37e6ae1749400', 'address': '0xa2120b9e674d3fc3875f415a7df52e382f141225', 'decimal': '0x12'}",{'blockTimestamp': '2021-11-11T10:22:58.000Z'}
549,0xcf6eda,0xe6114b1453ced054ff1c40c8f0a4eb43cca6af5487fa673c1ac389be5eefe2d0:log:79,0xe6114b1453ced054ff1c40c8f0a4eb43cca6af5487fa673c1ac389be5eefe2d0,0x3c02290922a3618a4646e3bbca65853ea45fe7c6,0x51135b27cf12a5889ef978b16b3e4340c669d7c5,890.53306646,,,,ATA,erc20,"{'value': '0x3046a101b2efa19800', 'address': '0xa2120b9e674d3fc3875f415a7df52e382f141225', 'decimal': '0x12'}",{'blockTimestamp': '2021-11-11T10:22:58.000Z'}
550,0xcf6eca,0x5f34d433b2446a0e54ab71ca49c67bea8018d1044dbdb94bede074f94d3ea20b:log:89,0x5f34d433b2446a0e54ab71ca49c67bea8018d1044dbdb94bede074f94d3ea20b,0xcad61fb3cd6be6fb55c5f5c356a44ee64d2dba4a,0xa1d8d972560c2f8144af871db508f0b0b10a3fbf,34513.42,,,,ATA,erc20,"{'value': '0x074ef9eb5610564e0000', 'address': '0xa2120b9e674d3fc3875f415a7df52e382f141225', 'decimal': '0x12'}",{'blockTimestamp': '2021-11-11T10:20:09.000Z'}
551,0xcf6ec6,0x8d9e0e6d76839b57d82c968be3fac899619ea3105b6ecd8eeedca96ecfa2ff9e:log:142,0x8d9e0e6d76839b57d82c968be3fac899619ea3105b6ecd8eeedca96ecfa2ff9e,0x7d6030ce357125c8bad481e1b58766ef72ca4970,0xa1d8d972560c2f8144af871db508f0b0b10a3fbf,13856.0,,,,ATA,erc20,"{'value': '0x02ef22a0bbc404800000', 'address': '0xa2120b9e674d3fc3875f415a7df52e382f141225', 'decimal': '0x12'}",{'blockTimestamp': '2021-11-11T10:19:55.000Z'}
552,0xcf6ec2,0xf4632d382a42f8d102596caeaf1439d7775b56838512edfc85343fe9e04f7056:log:35,0xf4632d382a42f8d102596caeaf1439d7775b56838512edfc85343fe9e04f7056,0x2543e9dd96091fb9f608d7471a4214569e17d8fb,0x5654d65578cda52791879751141f2f3d7dc27fe4,750.0,,,,ATA,erc20,"{'value': '0x28a857425466f80000', 'address': '0xa2120b9e674d3fc3875f415a7df52e382f141225', 'decimal': '0x12'}",{'blockTimestamp': '2021-11-11T10:18:50.000Z'}
553,0xcf6ebf,0x79b22fa71ab2e24ae0281a8b455d848085d095d6046fc4aa6d2441c99eb4cedf:log:8,0x79b22fa71ab2e24ae0281a8b455d848085d095d6046fc4aa6d2441c99eb4cedf,0x21a31ee1afc51d94c2efccaa2092ad1028285549,0x2543e9dd96091fb9f608d7471a4214569e17d8fb,1468.0,,,,ATA,erc20,"{'value': '0x4f9497ae33e1700000', 'address': '0xa2120b9e674d3fc3875f415a7df52e382f141225', 'decimal': '0x12'}",{'blockTimestamp': '2021-11-11T10:18:35.000Z'}
554,0xcf6ea5,0x7fc1f5583b3c5d39d8187f8e9b28c86aada12fa7b4fd3f2506b8a7fbec07793d:log:124,0x7fc1f5583b3c5d39d8187f8e9b28c86aada12fa7b4fd3f2506b8a7fbec07793d,0xc36a8002ee9831517f329293fd92c86f40b75d59,0xa1d8d972560c2f8144af871db508f0b0b10a3fbf,7818.588,,,,ATA,erc20,"{'value': '0x01a7d8b489586bd60000', 'address': '0xa2120b9e674d3fc3875f415a7df52e382f141225', 'decimal': '0x12'}",{'blockTimestamp': '2021-11-11T10:13:00.000Z'}
555,0xcf6e9b,0xdc78f17f55470125ce87e7d4d8a51c4a8267b8280114ac03f31ef3446611eee7:log:190,0xdc78f17f55470125ce87e7d4d8a51c4a8267b8280114ac03f31ef3446611eee7,0x74de5d4fcbf63e00296fd95d33236b9794016631,0xe989a2cb496a1672c2b5d95b90e1e3536eb2df0d,760.296728309841,,,,ATA,erc20,"{'value': '0x29373c962c4fbf497c', 'address': '0xa2120b9e674d3fc3875f415a7df52e382f141225', 'decimal': '0x12'}",{'blockTimestamp': '2021-11-11T10:09:23.000Z'}
556,0xcf6e9b,0xdc78f17f55470125ce87e7d4d8a51c4a8267b8280114ac03f31ef3446611eee7:log:187,0xdc78f17f55470125ce87e7d4d8a51c4a8267b8280114ac03f31ef3446611eee7,0x5654d65578cda52791879751141f2f3d7dc27fe4,0x74de5d4fcbf63e00296fd95d33236b9794016631,760.296728309841,,,,ATA,erc20,"{'value': '0x29373c962c4fbf497c', 'address': '0xa2120b9e674d3fc3875f415a7df52e382f141225', 'decimal': '0x12'}",{'blockTimestamp': '2021-11-11T10:09:23.000Z'}
557,0xcf6e4d,0xe4c37921cab0fa62d890e3ee145882698dc0ac63c991371927d8b65d98a9420d:log:69,0xe4c37921cab0fa62d890e3ee145882698dc0ac63c991371927d8b65d98a9420d,0x28c6c06298d514db089934071355e5743bf21d60,0x95b564f3b3bae3f206aa418667ba000afafacc8a,64102.26,,,,ATA,erc20,"{'value': '0x0d92fd8ff1abb3720000', 'address': '0xa2120b9e674d3fc3875f415a7df52e382f141225', 'decimal': '0x12'}",{'blockTimestamp': '2021-11-11T09:51:52.000Z'}
558,0xcf6e3e,0xec61a3e48e24ab1c2b795db38f321b474d03b9e1a2e222d6fc15dbcf9cd4518c:log:46,0xec61a3e48e24ab1c2b795db38f321b474d03b9e1a2e222d6fc15dbcf9cd4518c,0xdfd5293d8e347dfe59e90efd55b2956a1343963d,0xcad61fb3cd6be6fb55c5f5c356a44ee64d2dba4a,34513.42,,,,ATA,erc20,"{'value': '0x074ef9eb5610564e0000', 'address': '0xa2120b9e674d3fc3875f415a7df52e382f141225', 'decimal': '0x12'}",{'blockTimestamp': '2021-11-11T09:46:38.000Z'}
559,0xcf6e3b,0xbe701b6f38c11f183daa3be3ad445f509070ebae6d1e68747f02299b2a208e96:log:27,0xbe701b6f38c11f183daa3be3ad445f509070ebae6d1e68747f02299b2a208e96,0x21a31ee1afc51d94c2efccaa2092ad1028285549,0x7d6030ce357125c8bad481e1b58766ef72ca4970,13856.0,,,,ATA,erc20,"{'value': '0x02ef22a0bbc404800000', 'address': '0xa2120b9e674d3fc3875f415a7df52e382f141225', 'decimal': '0x12'}",{'blockTimestamp': '2021-11-11T09:46:24.000Z'}
560,0xcf6e34,0xf409ec2e0eecd8453d29d11b4fd606cae02c4bd72be0ae527d3296e19e561640:log:106,0xf409ec2e0eecd8453d29d11b4fd606cae02c4bd72be0ae527d3296e19e561640,0x95b564f3b3bae3f206aa418667ba000afafacc8a,0xedc6bacdc1e29d7c5fa6f6eca6fdd447b9c487c9,216503.62000000002,,,,ATA,erc20,"{'value': '0x2dd8af4c48a8cd3a0000', 'address': '0xa2120b9e674d3fc3875f415a7df52e382f141225', 'decimal': '0x12'}",{'blockTimestamp': '2021-11-11T09:44:41.000Z'}
561,0xcf6ddf,0xe62d737d023d053dea2938fc50587c64f3ae189d70a7a8bae4f6b5f94f7f7615:log:61,0xe62d737d023d053dea2938fc50587c64f3ae189d70a7a8bae4f6b5f94f7f7615,0x28c6c06298d514db089934071355e5743bf21d60,0xc36a8002ee9831517f329293fd92c86f40b75d59,7818.588,,,,ATA,erc20,"{'value': '0x01a7d8b489586bd60000', 'address': '0xa2120b9e674d3fc3875f415a7df52e382f141225', 'decimal': '0x12'}",{'blockTimestamp': '2021-11-11T09:24:29.000Z'}
562,0xcf6dac,0x6b161805b79fdc8a052f0a068ee486494713d48ae2b78121a6a3f94e74106670:log:425,0x6b161805b79fdc8a052f0a068ee486494713d48ae2b78121a6a3f94e74106670,0x733c5570597e609c796399333f0a176e444386ee,0xa1d8d972560c2f8144af871db508f0b0b10a3fbf,505327.89,,,,ATA,erc20,"{'value': '0x6b01e13b1517d4750000', 'address': '0xa2120b9e674d3fc3875f415a7df52e382f141225', 'decimal': '0x12'}",{'blockTimestamp': '2021-11-11T09:10:35.000Z'}
563,0xcf6daa,0x961348270b1b77d899eb56852ece69f3f84968e056ba2f9aae0250d1b9e20dac:log:85,0x961348270b1b77d899eb56852ece69f3f84968e056ba2f9aae0250d1b9e20dac,0xb17f64d0b287feeb59e1dc0c1cd79e2d18fa875a,0xa1d8d972560c2f8144af871db508f0b0b10a3fbf,383.0,,,,ATA,erc20,"{'value': '0x14c33156c76e9c0000', 'address': '0xa2120b9e674d3fc3875f415a7df52e382f141225', 'decimal': '0x12'}",{'blockTimestamp': '2021-11-11T09:10:14.000Z'}
564,0xcf6d78,0x4adf10e790cf15c1b0dd0e7250c16272268adda1176adc65bf6265e776e9979e:log:52,0x4adf10e790cf15c1b0dd0e7250c16272268adda1176adc65bf6265e776e9979e,0xdfd5293d8e347dfe59e90efd55b2956a1343963d,0xeae8b342c958c564bf296c85bb11d471cd666213,443.128086,,,,ATA,erc20,"{'value': '0x1805a3366c7cbf6000', 'address': '0xa2120b9e674d3fc3875f415a7df52e382f141225', 'decimal': '0x12'}",{'blockTimestamp': '2021-11-11T08:58:16.000Z'}
565,0xcf6d5b,0xe331077ec6f5f39886bf4169d5971e75e104002bb2b7735bf11cefdecce8b323:log:52,0xe331077ec6f5f39886bf4169d5971e75e104002bb2b7735bf11cefdecce8b323,0x21a31ee1afc51d94c2efccaa2092ad1028285549,0x733c5570597e609c796399333f0a176e444386ee,499968.26999999996,,,,ATA,erc20,"{'value': '0x69df558fcb93ad5b0000', 'address': '0xa2120b9e674d3fc3875f415a7df52e382f141225', 'decimal': '0x12'}",{'blockTimestamp': '2021-11-11T08:52:38.000Z'}
566,0xcf6d31,0x8368444c095a65d3de9b7f0bff50c270d75749fde4d212b651d4d4fcc498ab72:log:268,0x8368444c095a65d3de9b7f0bff50c270d75749fde4d212b651d4d4fcc498ab72,0x28c6c06298d514db089934071355e5743bf21d60,0x95b564f3b3bae3f206aa418667ba000afafacc8a,76405.21,,,,ATA,erc20,"{'value': '0x102def4ab2d913890000', 'address': '0xa2120b9e674d3fc3875f415a7df52e382f141225', 'decimal': '0x12'}",{'blockTimestamp': '2021-11-11T08:41:39.000Z'}
567,0xcf6d0a,0x1c888f3ec16e7bd311c2e5ad0e9efb3394ae7c3c93211445aa420eb753f7bd3e:log:79,0x1c888f3ec16e7bd311c2e5ad0e9efb3394ae7c3c93211445aa420eb753f7bd3e,0xdfd5293d8e347dfe59e90efd55b2956a1343963d,0x95b564f3b3bae3f206aa418667ba000afafacc8a,61309.55,,,,ATA,erc20,"{'value': '0x0cfb98eced151a4b0000', 'address': '0xa2120b9e674d3fc3875f415a7df52e382f141225', 'decimal': '0x12'}",{'blockTimestamp': '2021-11-11T08:32:16.000Z'}
568,0xcf6d05,0x8936dbfd972542ef006db9d9043286fa06be7c83cbdac0b209ea1fe95e2ea168:log:79,0x8936dbfd972542ef006db9d9043286fa06be7c83cbdac0b209ea1fe95e2ea168,0x0d0707963952f2fba59dd06f2b425ace40b492fe,0xb2bc0ccb21c8e41482eae3d5b50d03120a2aad3a,1927.731561,,,,ATA,erc20,"{'value': '0x6880a6492b82439000', 'address': '0xa2120b9e674d3fc3875f415a7df52e382f141225', 'decimal': '0x12'}",{'blockTimestamp': '2021-11-11T08:31:18.000Z'}
569,0xcf6d01,0xdddd585af5511142482a8c4db3d45d875cd336a784f1df685410cf50c5c257da:log:24,0xdddd585af5511142482a8c4db3d45d875cd336a784f1df685410cf50c5c257da,0x28c6c06298d514db089934071355e5743bf21d60,0xdfd5293d8e347dfe59e90efd55b2956a1343963d,865398.55015674,,,,ATA,erc20,"{'value': '0xb7415972c1875a94a800', 'address': '0xa2120b9e674d3fc3875f415a7df52e382f141225', 'decimal': '0x12'}",{'blockTimestamp': '2021-11-11T08:30:17.000Z'}
570,0xcf6ce8,0xbcdf8584504fda97fd9b798ddbd218bfeedd3cbfe9025d51c9e67c247e1448ed:log:217,0xbcdf8584504fda97fd9b798ddbd218bfeedd3cbfe9025d51c9e67c247e1448ed,0x21a31ee1afc51d94c2efccaa2092ad1028285549,0x733c5570597e609c796399333f0a176e444386ee,967.2700000000001,,,,ATA,erc20,"{'value': '0x346f915c2f14170000', 'address': '0xa2120b9e674d3fc3875f415a7df52e382f141225', 'decimal': '0x12'}",{'blockTimestamp': '2021-11-11T08:27:16.000Z'}
571,0xcf6ce3,0xa52f0e1281541592866c2d30ef198abe96e7047207f0030a58a4cffee979a480:log:138,0xa52f0e1281541592866c2d30ef198abe96e7047207f0030a58a4cffee979a480,0x28c6c06298d514db089934071355e5743bf21d60,0x733c5570597e609c796399333f0a176e444386ee,967.2700000000001,,,,ATA,erc20,"{'value': '0x346f915c2f14170000', 'address': '0xa2120b9e674d3fc3875f415a7df52e382f141225', 'decimal': '0x12'}",{'blockTimestamp': '2021-11-11T08:25:13.000Z'}
572,0xcf6cde,0x6882c85325d5d10284103609c52c4e0d3da83706a59bfbfe783c4052f0ea4980:log:165,0x6882c85325d5d10284103609c52c4e0d3da83706a59bfbfe783c4052f0ea4980,0xf584f8728b874a6a5c7a8d4d387c9aae9172d621,0xf05e2a70346560d3228c7002194bb7c5dc8fe100,1000000.0,,,,ATA,erc20,"{'value': '0xd3c21bcecceda1000000', 'address': '0xa2120b9e674d3fc3875f415a7df52e382f141225', 'decimal': '0x12'}",{'blockTimestamp': '2021-11-11T08:24:10.000Z'}
573,0xcf6cd5,0xff403960c9f7f8c73c9f617eff6cb15cd8c1585eb9ce9809604cf004c3a77be7:log:40,0xff403960c9f7f8c73c9f617eff6cb15cd8c1585eb9ce9809604cf004c3a77be7,0xdfd5293d8e347dfe59e90efd55b2956a1343963d,0x95b564f3b3bae3f206aa418667ba000afafacc8a,54890.89,,,,ATA,erc20,"{'value': '0x0b9fa41fbe99c1810000', 'address': '0xa2120b9e674d3fc3875f415a7df52e382f141225', 'decimal': '0x12'}",{'blockTimestamp': '2021-11-11T08:22:03.000Z'}
574,0xcf6cb5,0x5a501930b0ba14f447d8a00fdb6ec638f572fbb71dfec9b0374969fe204d6af7:log:104,0x5a501930b0ba14f447d8a00fdb6ec638f572fbb71dfec9b0374969fe204d6af7,0x21a31ee1afc51d94c2efccaa2092ad1028285549,0xf9932049857c43744a02a07f5e3c0fe9ed8ad44b,165.6445,,,,ATA,erc20,"{'value': '0x08fac77b20b9314000', 'address': '0xa2120b9e674d3fc3875f415a7df52e382f141225', 'decimal': '0x12'}",{'blockTimestamp': '2021-11-11T08:17:00.000Z'}
575,0xcf6cb4,0x1ddea4e5c34eb57439f1f0632a4f3da12b09fe9ebec5b722d90bf32992d6f45c:log:113,0x1ddea4e5c34eb57439f1f0632a4f3da12b09fe9ebec5b722d90bf32992d6f45c,0xf33295fcd0b0c075c2959776dbaa79c7835b3712,0xa1d8d972560c2f8144af871db508f0b0b10a3fbf,2285.68,,,,ATA,erc20,"{'value': '0x7be82e99f2c6d80000', 'address': '0xa2120b9e674d3fc3875f415a7df52e382f141225', 'decimal': '0x12'}",{'blockTimestamp': '2021-11-11T08:16:49.000Z'}
576,0xcf6c55,0x99d0e21953c60f6415b523e4efe167f44d41980e88fc5e30a145e763ab58af7f:log:170,0x99d0e21953c60f6415b523e4efe167f44d41980e88fc5e30a145e763ab58af7f,0x28c6c06298d514db089934071355e5743bf21d60,0x7158a8ae5e0d3588794baef69bb3687da96ed59e,133.834,,,,ATA,erc20,"{'value': '0x074151e1eac5a10000', 'address': '0xa2120b9e674d3fc3875f415a7df52e382f141225', 'decimal': '0x12'}",{'blockTimestamp': '2021-11-11T07:55:24.000Z'}
577,0xcf6c4c,0xc3968b67bef973352388d75d3d36e8dd7c5ca9bbe7ca8c8e94a6e3c3336829a9:log:73,0xc3968b67bef973352388d75d3d36e8dd7c5ca9bbe7ca8c8e94a6e3c3336829a9,0xdfd5293d8e347dfe59e90efd55b2956a1343963d,0x733c5570597e609c796399333f0a176e444386ee,967.2700000000001,,,,ATA,erc20,"{'value': '0x346f915c2f14170000', 'address': '0xa2120b9e674d3fc3875f415a7df52e382f141225', 'decimal': '0x12'}",{'blockTimestamp': '2021-11-11T07:53:20.000Z'}
578,0xcf6c44,0x288edb70f8d64eeadbf630e59fdbe6b30ff5c2cfba1b2c85b7bd3ee6c81fc2d6:log:105,0x288edb70f8d64eeadbf630e59fdbe6b30ff5c2cfba1b2c85b7bd3ee6c81fc2d6,0x21a31ee1afc51d94c2efccaa2092ad1028285549,0x733c5570597e609c796399333f0a176e444386ee,967.2700000000001,,,,ATA,erc20,"{'value': '0x346f915c2f14170000', 'address': '0xa2120b9e674d3fc3875f415a7df52e382f141225', 'decimal': '0x12'}",{'blockTimestamp': '2021-11-11T07:51:47.000Z'}
579,0xcf6c42,0x521c6c8267145ccb35f6206c12f9e3c895b5d8a25da53a503a56e9b9580ab43b:log:65,0x521c6c8267145ccb35f6206c12f9e3c895b5d8a25da53a503a56e9b9580ab43b,0x28c6c06298d514db089934071355e5743bf21d60,0x733c5570597e609c796399333f0a176e444386ee,967.2700000000001,,,,ATA,erc20,"{'value': '0x346f915c2f14170000', 'address': '0xa2120b9e674d3fc3875f415a7df52e382f141225', 'decimal': '0x12'}",{'blockTimestamp': '2021-11-11T07:51:05.000Z'}
580,0xcf6c2a,0x86d607be53a8fd66027f7a678c559023c02f888d9bd6f2006f459d6fd62d21ca:log:210,0x86d607be53a8fd66027f7a678c559023c02f888d9bd6f2006f459d6fd62d21ca,0xdfd5293d8e347dfe59e90efd55b2956a1343963d,0x733c5570597e609c796399333f0a176e444386ee,523.27,,,,ATA,erc20,"{'value': '0x1c5dd47c98c2a70000', 'address': '0xa2120b9e674d3fc3875f415a7df52e382f141225', 'decimal': '0x12'}",{'blockTimestamp': '2021-11-11T07:42:51.000Z'}
581,0xcf6c06,0x62fea57b552ee3471593b391e7229397a515af734b5e8cd210515a03f0ec8c2a:log:107,0x62fea57b552ee3471593b391e7229397a515af734b5e8cd210515a03f0ec8c2a,0x21a31ee1afc51d94c2efccaa2092ad1028285549,0xb17f64d0b287feeb59e1dc0c1cd79e2d18fa875a,383.0,,,,ATA,erc20,"{'value': '0x14c33156c76e9c0000', 'address': '0xa2120b9e674d3fc3875f415a7df52e382f141225', 'decimal': '0x12'}",{'blockTimestamp': '2021-11-11T07:34:32.000Z'}
582,0xcf6bee,0x90520e6910fdf8feb953378ac777b1319d1828f866ccbab26b99e0c43f0e659e:log:246,0x90520e6910fdf8feb953378ac777b1319d1828f866ccbab26b99e0c43f0e659e,0x3aec47fb0874c4f15447d0d4f77e2fbff3ea1b17,0xa1d8d972560c2f8144af871db508f0b0b10a3fbf,217.0,,,,ATA,erc20,"{'value': '0x0bc37ade48e3c40000', 'address': '0xa2120b9e674d3fc3875f415a7df52e382f141225', 'decimal': '0x12'}",{'blockTimestamp': '2021-11-11T07:27:41.000Z'}
583,0xcf6be9,0x3fea52d107a0dd7e4faf845a6ac5b47cf958fb7c14c539ca3678754f9cec73f2:log:83,0x3fea52d107a0dd7e4faf845a6ac5b47cf958fb7c14c539ca3678754f9cec73f2,0x28c6c06298d514db089934071355e5743bf21d60,0x95b564f3b3bae3f206aa418667ba000afafacc8a,56022.68,,,,ATA,erc20,"{'value': '0x0bdcfedd8f1ec4dc0000', 'address': '0xa2120b9e674d3fc3875f415a7df52e382f141225', 'decimal': '0x12'}",{'blockTimestamp': '2021-11-11T07:26:32.000Z'}
584,0xcf6b99,0x66e9f5158ac4e424937d77d970dc8138df01b84f326d33764f1a7d06fac9cecf:log:59,0x66e9f5158ac4e424937d77d970dc8138df01b84f326d33764f1a7d06fac9cecf,0xdfd5293d8e347dfe59e90efd55b2956a1343963d,0xf33295fcd0b0c075c2959776dbaa79c7835b3712,2285.68,,,,ATA,erc20,"{'value': '0x7be82e99f2c6d80000', 'address': '0xa2120b9e674d3fc3875f415a7df52e382f141225', 'decimal': '0x12'}",{'blockTimestamp': '2021-11-11T07:09:26.000Z'}
585,0xcf6b68,0x07d204d5b812ba7fa5c704f01855c9a419257a78bf7b75b031a7d42291a8675e:log:57,0x07d204d5b812ba7fa5c704f01855c9a419257a78bf7b75b031a7d42291a8675e,0x21a31ee1afc51d94c2efccaa2092ad1028285549,0x3aec47fb0874c4f15447d0d4f77e2fbff3ea1b17,217.0,,,,ATA,erc20,"{'value': '0x0bc37ade48e3c40000', 'address': '0xa2120b9e674d3fc3875f415a7df52e382f141225', 'decimal': '0x12'}",{'blockTimestamp': '2021-11-11T06:55:35.000Z'}
586,0xcf6a94,0xa1caf17ce99caf941149e28dccc017e315e6693cc3e397c85ec2ec0075e6df78:log:268,0xa1caf17ce99caf941149e28dccc017e315e6693cc3e397c85ec2ec0075e6df78,0xa0b6f93f84094029c6c30073b23c5535dee15723,0xa1d8d972560c2f8144af871db508f0b0b10a3fbf,505.0,,,,ATA,erc20,"{'value': '0x1b6048686534440000', 'address': '0xa2120b9e674d3fc3875f415a7df52e382f141225', 'decimal': '0x12'}",{'blockTimestamp': '2021-11-11T06:06:10.000Z'}
587,0xcf690d,0x847d1b44ac39c5f856f095fc15ed4a93ac80b26182af7ad855d99e973b77fcd1:log:117,0x847d1b44ac39c5f856f095fc15ed4a93ac80b26182af7ad855d99e973b77fcd1,0x28c6c06298d514db089934071355e5743bf21d60,0x95b564f3b3bae3f206aa418667ba000afafacc8a,66045.39,,,,ATA,erc20,"{'value': '0x0dfc53e87986d83b0000', 'address': '0xa2120b9e674d3fc3875f415a7df52e382f141225', 'decimal': '0x12'}",{'blockTimestamp': '2021-11-11T04:31:13.000Z'}
588,0xcf67b4,0xe82dd0199f8e9dfa3b4b04b36186cbad7d2a8595505b0b64640e4bc7fff1ffcc:log:79,0xe82dd0199f8e9dfa3b4b04b36186cbad7d2a8595505b0b64640e4bc7fff1ffcc,0xdfd5293d8e347dfe59e90efd55b2956a1343963d,0xa0b6f93f84094029c6c30073b23c5535dee15723,505.0,,,,ATA,erc20,"{'value': '0x1b6048686534440000', 'address': '0xa2120b9e674d3fc3875f415a7df52e382f141225', 'decimal': '0x12'}",{'blockTimestamp': '2021-11-11T03:10:28.000Z'}
589,0xcf669e,0xd3c34992d8dd1dcdd26a73178ebe7c8fffe6c57a13478385d630c42e2316f410:log:158,0xd3c34992d8dd1dcdd26a73178ebe7c8fffe6c57a13478385d630c42e2316f410,0x733c5570597e609c796399333f0a176e444386ee,0xa1d8d972560c2f8144af871db508f0b0b10a3fbf,169.26,,,,ATA,erc20,"{'value': '0x092cf45138da9e0000', 'address': '0xa2120b9e674d3fc3875f415a7df52e382f141225', 'decimal': '0x12'}",{'blockTimestamp': '2021-11-11T02:15:18.000Z'}
590,0xcf6425,0x04c711ed93b9ae92023d2289cc6334797f915308ec116fc38dcd1d16ddc597ec:log:358,0x04c711ed93b9ae92023d2289cc6334797f915308ec116fc38dcd1d16ddc597ec,0x2695417f95bf5afdfa1698b076346e6a459c7ae5,0xa1d8d972560c2f8144af871db508f0b0b10a3fbf,1270.6970000000001,,,,ATA,erc20,"{'value': '0x44e2769d0f0a8a8000', 'address': '0xa2120b9e674d3fc3875f415a7df52e382f141225', 'decimal': '0x12'}",{'blockTimestamp': '2021-11-10T23:57:42.000Z'}
591,0xcf640a,0xc44ccea2060c88bbd3ee06f42884ff0334c01516ce65d15caa0ca255594a24d4:log:62,0xc44ccea2060c88bbd3ee06f42884ff0334c01516ce65d15caa0ca255594a24d4,0x21a31ee1afc51d94c2efccaa2092ad1028285549,0x733c5570597e609c796399333f0a176e444386ee,169.26,,,,ATA,erc20,"{'value': '0x092cf45138da9e0000', 'address': '0xa2120b9e674d3fc3875f415a7df52e382f141225', 'decimal': '0x12'}",{'blockTimestamp': '2021-11-10T23:50:49.000Z'}
592,0xcf628d,0xa2f7ee438c6b78e3575c8b616bc90a6c05079a1b51c8c329e7aff29b24060969:log:153,0xa2f7ee438c6b78e3575c8b616bc90a6c05079a1b51c8c329e7aff29b24060969,0x20e74b82e9c2b24063c516397cd1fc2eeeb17cc0,0x3c02290922a3618a4646e3bbca65853ea45fe7c6,33107.46,,,,ATA,erc20,"{'value': '0x0702c24e0328be1a0000', 'address': '0xa2120b9e674d3fc3875f415a7df52e382f141225', 'decimal': '0x12'}",{'blockTimestamp': '2021-11-10T22:26:38.000Z'}
593,0xcf6208,0x3148cc1c4ea5ce90d65de8fd6d8da7eb6d7bf82a0925a4dc153a24b118c7e193:log:196,0x3148cc1c4ea5ce90d65de8fd6d8da7eb6d7bf82a0925a4dc153a24b118c7e193,0x29984d1f9055cafb02dcdd53c54b727902e44975,0x28c6c06298d514db089934071355e5743bf21d60,55612.590000000004,,,,ATA,erc20,"{'value': '0x0bc6c3b934dec0eb0000', 'address': '0xa2120b9e674d3fc3875f415a7df52e382f141225', 'decimal': '0x12'}",{'blockTimestamp': '2021-11-10T21:59:35.000Z'}
594,0xcf61f3,0x0b3ef008ef977474c5b88c2553085e2f775240f2291e7fa6ceef863102535b9c:log:104,0x0b3ef008ef977474c5b88c2553085e2f775240f2291e7fa6ceef863102535b9c,0x28c6c06298d514db089934071355e5743bf21d60,0x2695417f95bf5afdfa1698b076346e6a459c7ae5,1270.6970000000001,,,,ATA,erc20,"{'value': '0x44e2769d0f0a8a8000', 'address': '0xa2120b9e674d3fc3875f415a7df52e382f141225', 'decimal': '0x12'}",{'blockTimestamp': '2021-11-10T21:54:45.000Z'}
595,0xcf618e,0x367b7cf6dd307fe2e12dfcc08f7c43616b4f13119297236a60083c1ddb4a9d2f:log:321,0x367b7cf6dd307fe2e12dfcc08f7c43616b4f13119297236a60083c1ddb4a9d2f,0x95b564f3b3bae3f206aa418667ba000afafacc8a,0x29984d1f9055cafb02dcdd53c54b727902e44975,55612.590000000004,,,,ATA,erc20,"{'value': '0x0bc6c3b934dec0eb0000', 'address': '0xa2120b9e674d3fc3875f415a7df52e382f141225', 'decimal': '0x12'}",{'blockTimestamp': '2021-11-10T21:35:35.000Z'}
596,0xcf5f3f,0xf037dadeef4e03e13fa86fbab66e5fa9f2fc2f8a2d203bca687b183c80b72637:log:26,0xf037dadeef4e03e13fa86fbab66e5fa9f2fc2f8a2d203bca687b183c80b72637,0xdfd5293d8e347dfe59e90efd55b2956a1343963d,0xa4c41ea44749f731b1f5fe38a4b1ab86fa1540ee,200.0,,,,ATA,erc20,"{'value': '0x0ad78ebc5ac6200000', 'address': '0xa2120b9e674d3fc3875f415a7df52e382f141225', 'decimal': '0x12'}",{'blockTimestamp': '2021-11-10T19:24:29.000Z'}
597,0xcf5c2c,0x21a7ea797e8f71b23f7e1ff27104c9c2c90f91deb4cda8a7a437629891a620a8:log:139,0x21a7ea797e8f71b23f7e1ff27104c9c2c90f91deb4cda8a7a437629891a620a8,0x3cfc0f2e9f1b7ded102043cc7461e2d69c4cfad9,0x28c6c06298d514db089934071355e5743bf21d60,5158.502673,,,,ATA,erc20,"{'value': '0x0117a49b022ccc061000', 'address': '0xa2120b9e674d3fc3875f415a7df52e382f141225', 'decimal': '0x12'}",{'blockTimestamp': '2021-11-10T16:29:54.000Z'}
598,0xcf5bf6,0xf2c6162f68196cea874e660393e5c8a6bd6c57fe9be7923b63f4df8072dd55ec:log:593,0xf2c6162f68196cea874e660393e5c8a6bd6c57fe9be7923b63f4df8072dd55ec,0x3c02290922a3618a4646e3bbca65853ea45fe7c6,0x3cfc0f2e9f1b7ded102043cc7461e2d69c4cfad9,5158.50267394,,,,ATA,erc20,"{'value': '0x0117a49b0307a863c800', 'address': '0xa2120b9e674d3fc3875f415a7df52e382f141225', 'decimal': '0x12'}",{'blockTimestamp': '2021-11-10T16:13:56.000Z'}
599,0xcf5bcc,0xe2a491c8fac34963d88b62585d08463facc4a4eca5ded42835ed13c15d318298:log:77,0xe2a491c8fac34963d88b62585d08463facc4a4eca5ded42835ed13c15d318298,0x21a31ee1afc51d94c2efccaa2092ad1028285549,0x95b564f3b3bae3f206aa418667ba000afafacc8a,55927.61,,,,ATA,erc20,"{'value': '0x0bd7d78111d298790000', 'address': '0xa2120b9e674d3fc3875f415a7df52e382f141225', 'decimal': '0x12'}",{'blockTimestamp': '2021-11-10T16:06:31.000Z'}
600,0xcf5aef,0xde216c2258529f3c16185bdced811fdd997b4d6e43d7347f8ed0b1b9b42d80dd:log:181,0xde216c2258529f3c16185bdced811fdd997b4d6e43d7347f8ed0b1b9b42d80dd,0x36aaea094f7a15572954368f40710b7c59106b52,0xa1d8d972560c2f8144af871db508f0b0b10a3fbf,69.0,,,,ATA,erc20,"{'value': '0x03bd913e6c1df40000', 'address': '0xa2120b9e674d3fc3875f415a7df52e382f141225', 'decimal': '0x12'}",{'blockTimestamp': '2021-11-10T15:14:18.000Z'}
601,0xcf5925,0x17abb0e93175e29f03f7e3399cd3c059f897de3d923d70fb56332e4b20b36857:log:88,0x17abb0e93175e29f03f7e3399cd3c059f897de3d923d70fb56332e4b20b36857,0x28c6c06298d514db089934071355e5743bf21d60,0x36aaea094f7a15572954368f40710b7c59106b52,69.0,,,,ATA,erc20,"{'value': '0x03bd913e6c1df40000', 'address': '0xa2120b9e674d3fc3875f415a7df52e382f141225', 'decimal': '0x12'}",{'blockTimestamp': '2021-11-10T13:33:54.000Z'}
602,0xcf5590,0x7831bce6fbd7bd55228da86eb8c79d5d5f90fc4fd901385e886f086a169447b3:log:60,0x7831bce6fbd7bd55228da86eb8c79d5d5f90fc4fd901385e886f086a169447b3,0xc59cf04703c4f78f0aa3ac98c4478f5812ba9b51,0x28c6c06298d514db089934071355e5743bf21d60,13896.37271576,,,,ATA,erc20,"{'value': '0x02f152e96ed8791d6000', 'address': '0xa2120b9e674d3fc3875f415a7df52e382f141225', 'decimal': '0x12'}",{'blockTimestamp': '2021-11-10T10:03:45.000Z'}
603,0xcf5518,0xd679abee2cc82f2fa38f36882776ddd52c7945cb02968240a1e4c0598e7214be:log:298,0xd679abee2cc82f2fa38f36882776ddd52c7945cb02968240a1e4c0598e7214be,0x3c02290922a3618a4646e3bbca65853ea45fe7c6,0xc59cf04703c4f78f0aa3ac98c4478f5812ba9b51,7517.0,,,,ATA,erc20,"{'value': '0x01977f54b93a23540000', 'address': '0xa2120b9e674d3fc3875f415a7df52e382f141225', 'decimal': '0x12'}",{'blockTimestamp': '2021-11-10T09:41:29.000Z'}
604,0xcf3cd8,0xe9d39be352943f40b5553ea6d50eb61c83ff335af262217accc45362e308b867:log:54,0xe9d39be352943f40b5553ea6d50eb61c83ff335af262217accc45362e308b867,0xee670d9976ba454996181ca35fe5b61d6ace8641,0x28c6c06298d514db089934071355e5743bf21d60,5094.518,,,,ATA,erc20,"{'value': '0x01142ca3c916397f0000', 'address': '0xa2120b9e674d3fc3875f415a7df52e382f141225', 'decimal': '0x12'}",{'blockTimestamp': '2021-11-09T10:03:56.000Z'}
605,0xcf3c62,0xc9ea2987095510fac7a7d5118cfeba3abe6aa1ff6d24f3322484b16b66016a8c:log:307,0xc9ea2987095510fac7a7d5118cfeba3abe6aa1ff6d24f3322484b16b66016a8c,0x78a1f89814a119fdd9c0cbae483436ec7e8e8985,0xee670d9976ba454996181ca35fe5b61d6ace8641,5094.518,,,,ATA,erc20,"{'value': '0x01142ca3c916397f0000', 'address': '0xa2120b9e674d3fc3875f415a7df52e382f141225', 'decimal': '0x12'}",{'blockTimestamp': '2021-11-09T09:36:47.000Z'}
606,0xcf2f24,0x527f957d06a221169fc81c3edd072e25e29f4164c566a8d7ca885efb53d758b7:log:201,0x527f957d06a221169fc81c3edd072e25e29f4164c566a8d7ca885efb53d758b7,0x6767526a362ec6c6b1df185478e4f01506b73ff3,0x28c6c06298d514db089934071355e5743bf21d60,34428.0,,,,ATA,erc20,"{'value': '0x074a587a88a36c700000', 'address': '0xa2120b9e674d3fc3875f415a7df52e382f141225', 'decimal': '0x12'}",{'blockTimestamp': '2021-11-08T21:00:06.000Z'}
607,0xcf2eae,0x23c97987cb936d30071175fd8d382f498b57a6f19351838186ba8b562af6ad77:log:20,0x23c97987cb936d30071175fd8d382f498b57a6f19351838186ba8b562af6ad77,0x3c02290922a3618a4646e3bbca65853ea45fe7c6,0x6767526a362ec6c6b1df185478e4f01506b73ff3,34428.0,,,,ATA,erc20,"{'value': '0x074a587a88a36c700000', 'address': '0xa2120b9e674d3fc3875f415a7df52e382f141225', 'decimal': '0x12'}",{'blockTimestamp': '2021-11-08T20:37:08.000Z'}
608,0xcf2e4b,0x6911e9b05f95f330117b5d7c1889bd893aacd990ff5b894d668e710c7a44376b:log:36,0x6911e9b05f95f330117b5d7c1889bd893aacd990ff5b894d668e710c7a44376b,0xdfd5293d8e347dfe59e90efd55b2956a1343963d,0x2784563f336f8aef73096376a1024f4280b87504,149.357,,,,ATA,erc20,"{'value': '0x0818bea82c36048000', 'address': '0xa2120b9e674d3fc3875f415a7df52e382f141225', 'decimal': '0x12'}",{'blockTimestamp': '2021-11-08T20:14:10.000Z'}
609,0xcf2903,0xa131df226bb299aa868880c6880991a55f3b2fd9e546e8aeb96ed574fc64a585:log:282,0xa131df226bb299aa868880c6880991a55f3b2fd9e546e8aeb96ed574fc64a585,0x5654d65578cda52791879751141f2f3d7dc27fe4,0x0d48bc77bd111a041fd75dd45243ff0f1739525e,97.16737916887587,,,,ATA,erc20,"{'value': '0x054477e08a0c899e03', 'address': '0xa2120b9e674d3fc3875f415a7df52e382f141225', 'decimal': '0x12'}",{'blockTimestamp': '2021-11-08T15:01:53.000Z'}
610,0xcf2455,0x42393a64b7d4e7d9a93be1eac69545ab6cbdc8d045fff54eec261ceb39ae6a37:log:43,0x42393a64b7d4e7d9a93be1eac69545ab6cbdc8d045fff54eec261ceb39ae6a37,0x21a31ee1afc51d94c2efccaa2092ad1028285549,0x78a1f89814a119fdd9c0cbae483436ec7e8e8985,5094.518,,,,ATA,erc20,"{'value': '0x01142ca3c916397f0000', 'address': '0xa2120b9e674d3fc3875f415a7df52e382f141225', 'decimal': '0x12'}",{'blockTimestamp': '2021-11-08T10:36:29.000Z'}
611,0xcf202a,0x4bbe87a479b72bbbf2980c81e8ee688b7c7d44742e5dd959a29f286a208afc39:log:140,0x4bbe87a479b72bbbf2980c81e8ee688b7c7d44742e5dd959a29f286a208afc39,0x28c6c06298d514db089934071355e5743bf21d60,0xa0a79a4725bcbed16cc00136984573fd2fe6aa26,119.3336,,,,ATA,erc20,"{'value': '0x0678161cf1888e0000', 'address': '0xa2120b9e674d3fc3875f415a7df52e382f141225', 'decimal': '0x12'}",{'blockTimestamp': '2021-11-08T06:21:15.000Z'}
612,0xcf1e57,0x830e5ec5bc03601a431df218aa7e0651e3ae85289dec08bfe1344f83f89446db:log:44,0x830e5ec5bc03601a431df218aa7e0651e3ae85289dec08bfe1344f83f89446db,0xdfd5293d8e347dfe59e90efd55b2956a1343963d,0xf44a518fa9c87d92b56b633da3abd37d017f8d85,359.0,,,,ATA,erc20,"{'value': '0x13762035efbd3c0000', 'address': '0xa2120b9e674d3fc3875f415a7df52e382f141225', 'decimal': '0x12'}",{'blockTimestamp': '2021-11-08T04:41:20.000Z'}
613,0xcf1a50,0x2125666b0bb3de2901913ae8c36947fb6c80c1a445fcd29e88314aa1e1e820d3:log:131,0x2125666b0bb3de2901913ae8c36947fb6c80c1a445fcd29e88314aa1e1e820d3,0x21a31ee1afc51d94c2efccaa2092ad1028285549,0x20e74b82e9c2b24063c516397cd1fc2eeeb17cc0,33107.46,,,,ATA,erc20,"{'value': '0x0702c24e0328be1a0000', 'address': '0xa2120b9e674d3fc3875f415a7df52e382f141225', 'decimal': '0x12'}",{'blockTimestamp': '2021-11-08T00:40:36.000Z'}
614,0xcf1566,0xd7205b42f19e5f5796cad386ced1740c10bdacbafc4a6f53876eb2c9581cbfe1:log:30,0xd7205b42f19e5f5796cad386ced1740c10bdacbafc4a6f53876eb2c9581cbfe1,0x28c6c06298d514db089934071355e5743bf21d60,0xf44a518fa9c87d92b56b633da3abd37d017f8d85,231.0,,,,ATA,erc20,"{'value': '0x0c85c4dc1c0b3c0000', 'address': '0xa2120b9e674d3fc3875f415a7df52e382f141225', 'decimal': '0x12'}",{'blockTimestamp': '2021-11-07T20:03:47.000Z'}
615,0xcf1101,0x7f842b7cf390233c34690d6f6fac5ae395168eb513966fb5cceed9aa476ecac0:log:59,0x7f842b7cf390233c34690d6f6fac5ae395168eb513966fb5cceed9aa476ecac0,0xdfd5293d8e347dfe59e90efd55b2956a1343963d,0x900b3526124df0386d46eacdc60c6bf50f0e8961,92.0,,,,ATA,erc20,"{'value': '0x04fcc1a89027f00000', 'address': '0xa2120b9e674d3fc3875f415a7df52e382f141225', 'decimal': '0x12'}",{'blockTimestamp': '2021-11-07T16:03:39.000Z'}
616,0xcf0b4b,0xb35535f19a15d1dc6285aca367c4b6346703092e2ba30696e7c923c4c55c6c4c:log:142,0xb35535f19a15d1dc6285aca367c4b6346703092e2ba30696e7c923c4c55c6c4c,0x44e0e817c8518a08c7a17a9705a931aedf108d46,0x9632503404eaad84a03e31291cffdad364d0558c,968.0,,,,ATA,erc20,"{'value': '0x3479b2d750f2200000', 'address': '0xa2120b9e674d3fc3875f415a7df52e382f141225', 'decimal': '0x12'}",{'blockTimestamp': '2021-11-07T10:28:18.000Z'}
617,0xcf0723,0xfd0c605f6fc18d81c8361f23a6ab0c453365771f9b18cf45a0e8009d5bd3b762:log:328,0xfd0c605f6fc18d81c8361f23a6ab0c453365771f9b18cf45a0e8009d5bd3b762,0xb2516f6ce83cdf44bc51e4f38be16ccaf8a4d058,0x95b564f3b3bae3f206aa418667ba000afafacc8a,4356.0089602200005,,,,ATA,erc20,"{'value': '0xec23c49e320bc59800', 'address': '0xa2120b9e674d3fc3875f415a7df52e382f141225', 'decimal': '0x12'}",{'blockTimestamp': '2021-11-07T06:19:34.000Z'}
618,0xcefe65,0xda59c96933093ec62f0afd9afdfbb0b7a889fa08250d65c6004d1ccf501761ba:log:169,0xda59c96933093ec62f0afd9afdfbb0b7a889fa08250d65c6004d1ccf501761ba,0x20e74b82e9c2b24063c516397cd1fc2eeeb17cc0,0x3c02290922a3618a4646e3bbca65853ea45fe7c6,31598.96,,,,ATA,erc20,"{'value': '0x06b0fba96d88e1580000', 'address': '0xa2120b9e674d3fc3875f415a7df52e382f141225', 'decimal': '0x12'}",{'blockTimestamp': '2021-11-06T22:05:47.000Z'}
619,0xcef9f9,0xe417e01593925afb283dc2a6a7288ab9c682a102e6ea8814f79b7f04ae871e7b:log:54,0xe417e01593925afb283dc2a6a7288ab9c682a102e6ea8814f79b7f04ae871e7b,0x21a31ee1afc51d94c2efccaa2092ad1028285549,0x20e74b82e9c2b24063c516397cd1fc2eeeb17cc0,31598.96,,,,ATA,erc20,"{'value': '0x06b0fba96d88e1580000', 'address': '0xa2120b9e674d3fc3875f415a7df52e382f141225', 'decimal': '0x12'}",{'blockTimestamp': '2021-11-06T17:50:41.000Z'}
620,0xcee20d,0xcfb7458aa924cde290abb94b3a85400c217ddc4672f7947f73ac27d47f89714f:log:80,0xcfb7458aa924cde290abb94b3a85400c217ddc4672f7947f73ac27d47f89714f,0x0421d0b4b0ad6b124869f7b4257c9a80edf030e4,0xc9b67c14c24be43ee6a55414526aa5c70e164163,6223.0,,,,ATA,erc20,"{'value': '0x01515979392207dc0000', 'address': '0xa2120b9e674d3fc3875f415a7df52e382f141225', 'decimal': '0x12'}",{'blockTimestamp': '2021-11-05T18:45:28.000Z'}
621,0xcedc2e,0xfb4c5b0eb5037cc259d42a87c846544d015338ceb546fa81341dfda079bebcef:log:21,0xfb4c5b0eb5037cc259d42a87c846544d015338ceb546fa81341dfda079bebcef,0x28c6c06298d514db089934071355e5743bf21d60,0x249adf85087c8dd61d52ae4c8bbf26679b16138d,5265.0,,,,ATA,erc20,"{'value': '0x011d6a8d84d59fa40000', 'address': '0xa2120b9e674d3fc3875f415a7df52e382f141225', 'decimal': '0x12'}",{'blockTimestamp': '2021-11-05T13:13:21.000Z'}
622,0xceda21,0x1d069d3e54ec9266926e2b3023d9471e59deac6ca6ca83aaf34d0c5fa82de96c:log:37,0x1d069d3e54ec9266926e2b3023d9471e59deac6ca6ca83aaf34d0c5fa82de96c,0x20e74b82e9c2b24063c516397cd1fc2eeeb17cc0,0x3c02290922a3618a4646e3bbca65853ea45fe7c6,37769.0,,,,ATA,erc20,"{'value': '0x07ff762aef4300840000', 'address': '0xa2120b9e674d3fc3875f415a7df52e382f141225', 'decimal': '0x12'}",{'blockTimestamp': '2021-11-05T11:13:58.000Z'}
623,0xcecf72,0x7ea41693a8903dfc28b51faf9484ae38b265689ed734b09dd85e4d27601ff39a:log:35,0x7ea41693a8903dfc28b51faf9484ae38b265689ed734b09dd85e4d27601ff39a,0xdfd5293d8e347dfe59e90efd55b2956a1343963d,0x20e74b82e9c2b24063c516397cd1fc2eeeb17cc0,37769.0,,,,ATA,erc20,"{'value': '0x07ff762aef4300840000', 'address': '0xa2120b9e674d3fc3875f415a7df52e382f141225', 'decimal': '0x12'}",{'blockTimestamp': '2021-11-05T00:58:01.000Z'}
624,0xcec8ce,0x2902b73691f09a6fea52bb1d218cd0ecc6c63f846e9319b519932616596d297b:log:130,0x2902b73691f09a6fea52bb1d218cd0ecc6c63f846e9319b519932616596d297b,0x136c9b24233cdf9952dae48ac64c771bcb3c9c7c,0x28c6c06298d514db089934071355e5743bf21d60,30566.0,,,,ATA,erc20,"{'value': '0x0678fc764e642dd80000', 'address': '0xa2120b9e674d3fc3875f415a7df52e382f141225', 'decimal': '0x12'}",{'blockTimestamp': '2021-11-04T18:29:58.000Z'}
625,0xcec7bb,0xfe2620928db2adff002ede450e34dbc3d9b05437abc7adc02ac0a3cc0f2df2d9:log:94,0xfe2620928db2adff002ede450e34dbc3d9b05437abc7adc02ac0a3cc0f2df2d9,0x21a31ee1afc51d94c2efccaa2092ad1028285549,0x41c1fac7a13b377ac4f2782b0519e2f5f3998c91,4436.691,,,,ATA,erc20,"{'value': '0xf08374cde7549b8000', 'address': '0xa2120b9e674d3fc3875f415a7df52e382f141225', 'decimal': '0x12'}",{'blockTimestamp': '2021-11-04T17:26:28.000Z'}
626,0xcec1d1,0x601745ea0ab07924ccb1b89fe53d224b54ba8498e041761acc2ee3184c813f4e:log:240,0x601745ea0ab07924ccb1b89fe53d224b54ba8498e041761acc2ee3184c813f4e,0xf3e36ad56aa85abdacc18c02d19509ae4f7d5899,0x136c9b24233cdf9952dae48ac64c771bcb3c9c7c,11939.999999999998,,,,ATA,erc20,"{'value': '0x028744c9532b34100000', 'address': '0xa2120b9e674d3fc3875f415a7df52e382f141225', 'decimal': '0x12'}",{'blockTimestamp': '2021-11-04T11:49:37.000Z'}
627,0xcec1b7,0x4bd532dbd8872904d053ceaf41b8c603eda77ff1d6668a18ffeb8ae37f9ba0bf:log:120,0x4bd532dbd8872904d053ceaf41b8c603eda77ff1d6668a18ffeb8ae37f9ba0bf,0x28c6c06298d514db089934071355e5743bf21d60,0xf3e36ad56aa85abdacc18c02d19509ae4f7d5899,29969.000000000004,,,,ATA,erc20,"{'value': '0x06589f6c3d6ed1a40000', 'address': '0xa2120b9e674d3fc3875f415a7df52e382f141225', 'decimal': '0x12'}",{'blockTimestamp': '2021-11-04T11:42:47.000Z'}
628,0xcebe7a,0xc2066ddb3a8d9f3ed8e3c285bade1497a0e8b30e54c16413e5dabd7efeb12116:log:131,0xc2066ddb3a8d9f3ed8e3c285bade1497a0e8b30e54c16413e5dabd7efeb12116,0x29984d1f9055cafb02dcdd53c54b727902e44975,0x28c6c06298d514db089934071355e5743bf21d60,41599.53,,,,ATA,erc20,"{'value': '0x08cf1d73433e75910000', 'address': '0xa2120b9e674d3fc3875f415a7df52e382f141225', 'decimal': '0x12'}",{'blockTimestamp': '2021-11-04T08:36:33.000Z'}
629,0xcebe7a,0x173dd621345cd1fe0e2f5681039cdf7b88e398ddddda742cc42bf6e013bea0dd:log:78,0x173dd621345cd1fe0e2f5681039cdf7b88e398ddddda742cc42bf6e013bea0dd,0x6767526a362ec6c6b1df185478e4f01506b73ff3,0x28c6c06298d514db089934071355e5743bf21d60,39666.0,,,,ATA,erc20,"{'value': '0x08664c54c88664880000', 'address': '0xa2120b9e674d3fc3875f415a7df52e382f141225', 'decimal': '0x12'}",{'blockTimestamp': '2021-11-04T08:36:33.000Z'}
630,0xcebac0,0x480558f079039f74317ad4388f27915497de3474bd9df05b9faaa4adc190ad7a:log:414,0x480558f079039f74317ad4388f27915497de3474bd9df05b9faaa4adc190ad7a,0x546a362e660aafef289a1d09e68587a92ba77b13,0xa3a7b6f88361f48403514059f1f16c8e78d60eec,10.0,,,,ATA,erc20,"{'value': '0x8ac7230489e80000', 'address': '0xa2120b9e674d3fc3875f415a7df52e382f141225', 'decimal': '0x12'}",{'blockTimestamp': '2021-11-04T04:57:07.000Z'}
631,0xcead03,0xebfaee332a280cd33218689f5ec71742dad54729cd034ce21f127717d68412d5:log:210,0xebfaee332a280cd33218689f5ec71742dad54729cd034ce21f127717d68412d5,0x5654d65578cda52791879751141f2f3d7dc27fe4,0xb97563afc7421e60624ec14ba9eb1f13be02f173,10.0,,,,ATA,erc20,"{'value': '0x8ac7230489e80000', 'address': '0xa2120b9e674d3fc3875f415a7df52e382f141225', 'decimal': '0x12'}",{'blockTimestamp': '2021-11-03T15:40:47.000Z'}
632,0xcea56a,0x2b106a8af7b447b1aa868252dda285115a47c719f920988e8e82b35a0d1c7d49:log:15,0x2b106a8af7b447b1aa868252dda285115a47c719f920988e8e82b35a0d1c7d49,0x95b564f3b3bae3f206aa418667ba000afafacc8a,0x29984d1f9055cafb02dcdd53c54b727902e44975,41599.53,,,,ATA,erc20,"{'value': '0x08cf1d73433e75910000', 'address': '0xa2120b9e674d3fc3875f415a7df52e382f141225', 'decimal': '0x12'}",{'blockTimestamp': '2021-11-03T08:17:08.000Z'}
633,0xce9d31,0x1b88d0a998184cdad8b9f66291565109223733ef0fc57b4541aeacf38e66c0d6:log:73,0x1b88d0a998184cdad8b9f66291565109223733ef0fc57b4541aeacf38e66c0d6,0x3c02290922a3618a4646e3bbca65853ea45fe7c6,0x6767526a362ec6c6b1df185478e4f01506b73ff3,39666.0,,,,ATA,erc20,"{'value': '0x08664c54c88664880000', 'address': '0xa2120b9e674d3fc3875f415a7df52e382f141225', 'decimal': '0x12'}",{'blockTimestamp': '2021-11-03T00:16:43.000Z'}
634,0xce9936,0xee0f925a1915c85ca5cb5497400e45c271267a34e9b40e6775f73cb1785a943e:log:43,0xee0f925a1915c85ca5cb5497400e45c271267a34e9b40e6775f73cb1785a943e,0xdfd5293d8e347dfe59e90efd55b2956a1343963d,0x94b688c6d32eb98dc859a4a1933cf498707f497f,11989.70165028,,,,ATA,erc20,"{'value': '0x0289f6890ec48e281000', 'address': '0xa2120b9e674d3fc3875f415a7df52e382f141225', 'decimal': '0x12'}",{'blockTimestamp': '2021-11-02T20:24:38.000Z'}
635,0xce9845,0xe1e0858183e6820f6c9cdb7cc9a91444be5be49f4eb3d1c01a585b8edf2f00be:log:51,0xe1e0858183e6820f6c9cdb7cc9a91444be5be49f4eb3d1c01a585b8edf2f00be,0x4ad374b4ab00b200278b11c62af9234430f87a1c,0x28c6c06298d514db089934071355e5743bf21d60,20451.448,,,,ATA,erc20,"{'value': '0x0454acdb0f95a50c0000', 'address': '0xa2120b9e674d3fc3875f415a7df52e382f141225', 'decimal': '0x12'}",{'blockTimestamp': '2021-11-02T19:32:16.000Z'}
636,0xce9804,0x23db7ad056eb23f4f584c6c711405b88443523e8351b5db4bb7183fcc0c67d1b:log:87,0x23db7ad056eb23f4f584c6c711405b88443523e8351b5db4bb7183fcc0c67d1b,0x21a31ee1afc51d94c2efccaa2092ad1028285549,0x1a111edd0667e29764454321815064ca6329e639,85.0,,,,ATA,erc20,"{'value': '0x049b9ca9a694340000', 'address': '0xa2120b9e674d3fc3875f415a7df52e382f141225', 'decimal': '0x12'}",{'blockTimestamp': '2021-11-02T19:16:34.000Z'}
637,0xce97fe,0x567a0909803f0bfa9a3ed2563dc3abf7611685520d44ef6a0c67f60227e083bf:log:141,0x567a0909803f0bfa9a3ed2563dc3abf7611685520d44ef6a0c67f60227e083bf,0x0d0707963952f2fba59dd06f2b425ace40b492fe,0x4ad374b4ab00b200278b11c62af9234430f87a1c,20451.448,,,,ATA,erc20,"{'value': '0x0454acdb0f95a50c0000', 'address': '0xa2120b9e674d3fc3875f415a7df52e382f141225', 'decimal': '0x12'}",{'blockTimestamp': '2021-11-02T19:15:07.000Z'}
638,0xce97de,0x1bef60252d970a468988efd40c960b2cef8cad21c2ea08b3e725aa3de0de819d:log:40,0x1bef60252d970a468988efd40c960b2cef8cad21c2ea08b3e725aa3de0de819d,0x28c6c06298d514db089934071355e5743bf21d60,0x565a58eb151473d09c579499ad9b41e4e3bd9c45,20501.448,,,,ATA,erc20,"{'value': '0x045762bebeac56940000', 'address': '0xa2120b9e674d3fc3875f415a7df52e382f141225', 'decimal': '0x12'}",{'blockTimestamp': '2021-11-02T19:07:26.000Z'}
639,0xce97ca,0xbfa5eae89dedfdea519e1e7dfd68bd3681e67ab77787c3eb3d57ff7cc6830160:log:48,0xbfa5eae89dedfdea519e1e7dfd68bd3681e67ab77787c3eb3d57ff7cc6830160,0xdfd5293d8e347dfe59e90efd55b2956a1343963d,0x3bddcec392e54b303a42194fd57846d8df99b93e,16710.243,,,,ATA,erc20,"{'value': '0x0389dd34e1d691c38000', 'address': '0xa2120b9e674d3fc3875f415a7df52e382f141225', 'decimal': '0x12'}",{'blockTimestamp': '2021-11-02T19:02:52.000Z'}
640,0xce97b5,0xdb7c69d7411de1e8fd11583ede6d2e5ef84310cb1370bc36d5f2cd3be0f1fe0b:log:2,0xdb7c69d7411de1e8fd11583ede6d2e5ef84310cb1370bc36d5f2cd3be0f1fe0b,0x21a31ee1afc51d94c2efccaa2092ad1028285549,0x3bddcec392e54b303a42194fd57846d8df99b93e,6181.782,,,,ATA,erc20,"{'value': '0x014f1d757883e7cf0000', 'address': '0xa2120b9e674d3fc3875f415a7df52e382f141225', 'decimal': '0x12'}",{'blockTimestamp': '2021-11-02T18:58:39.000Z'}
641,0xce979d,0xa3b14d8344360afec9a94d0dc2fe719b30439ea4595ea36b86b9b4edd2523a2b:log:141,0xa3b14d8344360afec9a94d0dc2fe719b30439ea4595ea36b86b9b4edd2523a2b,0x28c6c06298d514db089934071355e5743bf21d60,0x3bddcec392e54b303a42194fd57846d8df99b93e,2373.594,,,,ATA,erc20,"{'value': '0x80ac3bdf28f6890000', 'address': '0xa2120b9e674d3fc3875f415a7df52e382f141225', 'decimal': '0x12'}",{'blockTimestamp': '2021-11-02T18:53:25.000Z'}
642,0xce973b,0x4cba7fc456a2179f4b56ec0e44870835b749bbee0e1760b96bb613b79bb7ba5c:log:20,0x4cba7fc456a2179f4b56ec0e44870835b749bbee0e1760b96bb613b79bb7ba5c,0xdfd5293d8e347dfe59e90efd55b2956a1343963d,0x3bddcec392e54b303a42194fd57846d8df99b93e,8166.794999999999,,,,ATA,erc20,"{'value': '0x01bab90c4ef734478000', 'address': '0xa2120b9e674d3fc3875f415a7df52e382f141225', 'decimal': '0x12'}",{'blockTimestamp': '2021-11-02T18:32:18.000Z'}
643,0xce907d,0x7cf1253eb0410dffda728ca021215283556c5712d9a26debe342a9c7e4df716c:log:114,0x7cf1253eb0410dffda728ca021215283556c5712d9a26debe342a9c7e4df716c,0x20e74b82e9c2b24063c516397cd1fc2eeeb17cc0,0x3c02290922a3618a4646e3bbca65853ea45fe7c6,71837.2,,,,ATA,erc20,"{'value': '0x0f364d6b1633c3680000', 'address': '0xa2120b9e674d3fc3875f415a7df52e382f141225', 'decimal': '0x12'}",{'blockTimestamp': '2021-11-02T12:05:10.000Z'}
644,0xce8f73,0xca1fb54d680d13805a0b5feba588b6b4f92c574253792fa048b28bdbce5c6ee0:log:109,0xca1fb54d680d13805a0b5feba588b6b4f92c574253792fa048b28bdbce5c6ee0,0x6767526a362ec6c6b1df185478e4f01506b73ff3,0x28c6c06298d514db089934071355e5743bf21d60,39340.0,,,,ATA,erc20,"{'value': '0x0854a02c1fbf3b300000', 'address': '0xa2120b9e674d3fc3875f415a7df52e382f141225', 'decimal': '0x12'}",{'blockTimestamp': '2021-11-02T11:00:05.000Z'}
645,0xce8f6f,0x3f6260ee05630c17c1fd09a0fb3e7128239f092ba28d8ffeab09a10a7ec74b93:log:7,0x3f6260ee05630c17c1fd09a0fb3e7128239f092ba28d8ffeab09a10a7ec74b93,0x21a31ee1afc51d94c2efccaa2092ad1028285549,0xaae40cbd1ae3c605f29effc1c8074f8797143dfb,38.0,,,,ATA,erc20,"{'value': '0x020f5b1eaad8d80000', 'address': '0xa2120b9e674d3fc3875f415a7df52e382f141225', 'decimal': '0x12'}",{'blockTimestamp': '2021-11-02T10:59:32.000Z'}
646,0xce8e40,0xe85e319151da0e11d8a6c2e006a7d52ea8c2748f77a46456071773449706f78a:log:640,0xe85e319151da0e11d8a6c2e006a7d52ea8c2748f77a46456071773449706f78a,0x3c02290922a3618a4646e3bbca65853ea45fe7c6,0x6767526a362ec6c6b1df185478e4f01506b73ff3,39340.0,,,,ATA,erc20,"{'value': '0x0854a02c1fbf3b300000', 'address': '0xa2120b9e674d3fc3875f415a7df52e382f141225', 'decimal': '0x12'}",{'blockTimestamp': '2021-11-02T09:47:19.000Z'}
647,0xce8e36,0x018b56f54e3eae2b01494f7f43d778b1e6531f669d1b457224a82ee4e15bdf66:log:82,0x018b56f54e3eae2b01494f7f43d778b1e6531f669d1b457224a82ee4e15bdf66,0x91dca37856240e5e1906222ec79278b16420dc92,0x3c02290922a3618a4646e3bbca65853ea45fe7c6,73591.0,,,,ATA,erc20,"{'value': '0x0f956048562beb7c0000', 'address': '0xa2120b9e674d3fc3875f415a7df52e382f141225', 'decimal': '0x12'}",{'blockTimestamp': '2021-11-02T09:44:47.000Z'}
648,0xce8c8f,0x1663ed069911da65af4040071c1dee2e2dcc1029888cb6733a18fcfe016d6601:log:20,0x1663ed069911da65af4040071c1dee2e2dcc1029888cb6733a18fcfe016d6601,0x28c6c06298d514db089934071355e5743bf21d60,0x2e86ef4a8371d4d37b0371645bcfaca5e760a7cf,100.0,,,,ATA,erc20,"{'value': '0x056bc75e2d63100000', 'address': '0xa2120b9e674d3fc3875f415a7df52e382f141225', 'decimal': '0x12'}",{'blockTimestamp': '2021-11-02T08:03:55.000Z'}
649,0xce8858,0xbe6ffbf3739d9748b752f506eafb7645c8eba6d91b4a2b2ba01dab20f312bbcb:log:86,0xbe6ffbf3739d9748b752f506eafb7645c8eba6d91b4a2b2ba01dab20f312bbcb,0xdfd5293d8e347dfe59e90efd55b2956a1343963d,0xa489e69a835f818fa6c05d66c5c1a76eb394db32,1500.0,,,,ATA,erc20,"{'value': '0x5150ae84a8cdf00000', 'address': '0xa2120b9e674d3fc3875f415a7df52e382f141225', 'decimal': '0x12'}",{'blockTimestamp': '2021-11-02T03:50:26.000Z'}
650,0xce8846,0x84245d111fcf0fd704b480d7705fe19f90afb48b35fba418c2683768223945db:log:58,0x84245d111fcf0fd704b480d7705fe19f90afb48b35fba418c2683768223945db,0x21a31ee1afc51d94c2efccaa2092ad1028285549,0x9b30a672472df0fc28e47af4fa851c080a925755,1181.8200000000002,,,,ATA,erc20,"{'value': '0x40110c147304260000', 'address': '0xa2120b9e674d3fc3875f415a7df52e382f141225', 'decimal': '0x12'}",{'blockTimestamp': '2021-11-02T03:47:04.000Z'}
651,0xce8557,0xfdce4a805b639c2f4b279cd4dcab03f7906448f6761c5a4aaa3683fba6187059:log:78,0xfdce4a805b639c2f4b279cd4dcab03f7906448f6761c5a4aaa3683fba6187059,0x0d0707963952f2fba59dd06f2b425ace40b492fe,0x72761c4b437255e80685be359d161a47212652ab,1838.16,,,,ATA,erc20,"{'value': '0x63a5982d02cc080000', 'address': '0xa2120b9e674d3fc3875f415a7df52e382f141225', 'decimal': '0x12'}",{'blockTimestamp': '2021-11-02T00:57:39.000Z'}
652,0xce8348,0x6baf09b9607b01cdc56845f183208f5f13203f8233536a09f913af7663a1268d:log:158,0x6baf09b9607b01cdc56845f183208f5f13203f8233536a09f913af7663a1268d,0x29984d1f9055cafb02dcdd53c54b727902e44975,0x28c6c06298d514db089934071355e5743bf21d60,144561.21,,,,ATA,erc20,"{'value': '0x1e9cadcc30e236f90000', 'address': '0xa2120b9e674d3fc3875f415a7df52e382f141225', 'decimal': '0x12'}",{'blockTimestamp': '2021-11-01T22:59:49.000Z'}
653,0xce8295,0x51260c30abf014b8960d10bd3cdb8c8690aad339eab62dbad3d68d18bd49e899:log:78,0x51260c30abf014b8960d10bd3cdb8c8690aad339eab62dbad3d68d18bd49e899,0x0d0707963952f2fba59dd06f2b425ace40b492fe,0xe062273ee3b319f473954c78a6ec53795f31b615,428.234,,,,ATA,erc20,"{'value': '0x1736f0ca1e78a10000', 'address': '0xa2120b9e674d3fc3875f415a7df52e382f141225', 'decimal': '0x12'}",{'blockTimestamp': '2021-11-01T22:23:13.000Z'}
654,0xce8104,0xfa746454ff2b160f3732711537656cc1e9420c276a2f4846bb96863abe411f5e:log:49,0xfa746454ff2b160f3732711537656cc1e9420c276a2f4846bb96863abe411f5e,0x6767526a362ec6c6b1df185478e4f01506b73ff3,0x28c6c06298d514db089934071355e5743bf21d60,79605.0,,,,ATA,erc20,"{'value': '0x10db654c66a24ab40000', 'address': '0xa2120b9e674d3fc3875f415a7df52e382f141225', 'decimal': '0x12'}",{'blockTimestamp': '2021-11-01T20:59:56.000Z'}
655,0xce7918,0x84594031beac1a7dc3b3d414f0d7013d4b302b0fae509cc15d363019df5da395:log:314,0x84594031beac1a7dc3b3d414f0d7013d4b302b0fae509cc15d363019df5da395,0x95b564f3b3bae3f206aa418667ba000afafacc8a,0x29984d1f9055cafb02dcdd53c54b727902e44975,66143.08,,,,ATA,erc20,"{'value': '0x0e019fa112f164240000', 'address': '0xa2120b9e674d3fc3875f415a7df52e382f141225', 'decimal': '0x12'}",{'blockTimestamp': '2021-11-01T13:19:07.000Z'}
656,0xce769e,0x1f7e6389e728fbb00cb3a435a49c5b5f1d0a2f37b3d3cd3976e3aeb128334328:log:101,0x1f7e6389e728fbb00cb3a435a49c5b5f1d0a2f37b3d3cd3976e3aeb128334328,0x27a2424ff5af628e8d0dd4b30d96a241f5a2d95a,0x28c6c06298d514db089934071355e5743bf21d60,2000.958,,,,ATA,erc20,"{'value': '0x6c78dedb785c130000', 'address': '0xa2120b9e674d3fc3875f415a7df52e382f141225', 'decimal': '0x12'}",{'blockTimestamp': '2021-11-01T11:02:09.000Z'}
657,0xce7665,0x629b3220004d84f9b758948511561373b25d5d088e0f0a837e570acbae0c4cda:log:70,0x629b3220004d84f9b758948511561373b25d5d088e0f0a837e570acbae0c4cda,0x7d84ea92e65eefe617212de47aa8fdbfeb7aa70d,0x27a2424ff5af628e8d0dd4b30d96a241f5a2d95a,2000.958,,,,ATA,erc20,"{'value': '0x6c78dedb785c130000', 'address': '0xa2120b9e674d3fc3875f415a7df52e382f141225', 'decimal': '0x12'}",{'blockTimestamp': '2021-11-01T10:47:49.000Z'}
658,0xce7493,0x2c14f38f35b2ff85b36702e332f66e17cfcad38ce82730106183ac4f3cfe1851:log:222,0x2c14f38f35b2ff85b36702e332f66e17cfcad38ce82730106183ac4f3cfe1851,0x95b564f3b3bae3f206aa418667ba000afafacc8a,0x29984d1f9055cafb02dcdd53c54b727902e44975,70389.62,,,,ATA,erc20,"{'value': '0x0ee7d435d1cf4b720000', 'address': '0xa2120b9e674d3fc3875f415a7df52e382f141225', 'decimal': '0x12'}",{'blockTimestamp': '2021-11-01T08:54:16.000Z'}
659,0xce7404,0x1806edef726bc287a5fe078d4aa86dbe15132d80e4e9124883af9538f8c3d884:log:251,0x1806edef726bc287a5fe078d4aa86dbe15132d80e4e9124883af9538f8c3d884,0x3c02290922a3618a4646e3bbca65853ea45fe7c6,0x6767526a362ec6c6b1df185478e4f01506b73ff3,40586.0,,,,ATA,erc20,"{'value': '0x08982be55e27f3e80000', 'address': '0xa2120b9e674d3fc3875f415a7df52e382f141225', 'decimal': '0x12'}",{'blockTimestamp': '2021-11-01T08:22:13.000Z'}
660,0xce7291,0x021324ba3753704e2b9e68603d4a6a7005e147810e06b877f8cc4951ebb2dab8:log:10,0x021324ba3753704e2b9e68603d4a6a7005e147810e06b877f8cc4951ebb2dab8,0x28c6c06298d514db089934071355e5743bf21d60,0x95b564f3b3bae3f206aa418667ba000afafacc8a,80904.29,,,,ATA,erc20,"{'value': '0x1121d491c1b353fd0000', 'address': '0xa2120b9e674d3fc3875f415a7df52e382f141225', 'decimal': '0x12'}",{'blockTimestamp': '2021-11-01T06:55:34.000Z'}
661,0xce70fc,0x1cfcd60a092832982d29f34a094d5d7f65a0bea0f7cadac4a1acc60be25c1931:log:224,0x1cfcd60a092832982d29f34a094d5d7f65a0bea0f7cadac4a1acc60be25c1931,0x95b564f3b3bae3f206aa418667ba000afafacc8a,0xedc6bacdc1e29d7c5fa6f6eca6fdd447b9c487c9,263032.17,,,,ATA,erc20,"{'value': '0x37b300a452d60eb10000', 'address': '0xa2120b9e674d3fc3875f415a7df52e382f141225', 'decimal': '0x12'}",{'blockTimestamp': '2021-11-01T05:21:59.000Z'}
662,0xce6c30,0x350fcf3d928ff63c9ecbc265d8cda847770730344cb770b4d0ca030d55d504bb:log:59,0x350fcf3d928ff63c9ecbc265d8cda847770730344cb770b4d0ca030d55d504bb,0x3c02290922a3618a4646e3bbca65853ea45fe7c6,0x6767526a362ec6c6b1df185478e4f01506b73ff3,39019.0,,,,ATA,erc20,"{'value': '0x08433967087a56cc0000', 'address': '0xa2120b9e674d3fc3875f415a7df52e382f141225', 'decimal': '0x12'}",{'blockTimestamp': '2021-11-01T00:57:04.000Z'}
663,0xce6c1c,0x05ec7d57ec3340712b7c643d607d69c8276d6e36c51e92094644387d1ed4e58a:log:411,0x05ec7d57ec3340712b7c643d607d69c8276d6e36c51e92094644387d1ed4e58a,0x91dca37856240e5e1906222ec79278b16420dc92,0x3c02290922a3618a4646e3bbca65853ea45fe7c6,76283.99999999999,,,,ATA,erc20,"{'value': '0x10275d2a460bca700000', 'address': '0xa2120b9e674d3fc3875f415a7df52e382f141225', 'decimal': '0x12'}",{'blockTimestamp': '2021-11-01T00:53:12.000Z'}
664,0xce6b07,0xabe45b4d6ee85b07ba1f5d0943414e834542a7c7871ce12bb23493e1d8127461:log:77,0xabe45b4d6ee85b07ba1f5d0943414e834542a7c7871ce12bb23493e1d8127461,0xdfd5293d8e347dfe59e90efd55b2956a1343963d,0x95b564f3b3bae3f206aa418667ba000afafacc8a,89562.37,,,,ATA,erc20,"{'value': '0x12f72f91013a060d0000', 'address': '0xa2120b9e674d3fc3875f415a7df52e382f141225', 'decimal': '0x12'}",{'blockTimestamp': '2021-10-31T23:46:52.000Z'}
665,0xce626c,0x9839f7fa85bde73b430cc4bafaa2722ce3e400948f6f96f39c295c7bbf6b3b54:log:32,0x9839f7fa85bde73b430cc4bafaa2722ce3e400948f6f96f39c295c7bbf6b3b54,0x21a31ee1afc51d94c2efccaa2092ad1028285549,0x31e2daf81dc64b98a6e938e20a199c278ea5ea19,103.862,,,,ATA,erc20,"{'value': '0x05a15ff2b72d9f0000', 'address': '0xa2120b9e674d3fc3875f415a7df52e382f141225', 'decimal': '0x12'}",{'blockTimestamp': '2021-10-31T15:34:35.000Z'}
666,0xce5bd8,0x29526bab87448664954062e88898118613c94a206e5c4688531d4b494a9f4767:log:48,0x29526bab87448664954062e88898118613c94a206e5c4688531d4b494a9f4767,0x28c6c06298d514db089934071355e5743bf21d60,0x4285ca1254c0f438d231121a5c70ac71d30ca8a0,216.729,,,,ATA,erc20,"{'value': '0x0bbfb8153875a28000', 'address': '0xa2120b9e674d3fc3875f415a7df52e382f141225', 'decimal': '0x12'}",{'blockTimestamp': '2021-10-31T09:10:29.000Z'}
667,0xce5ad8,0x815815570970ff96c347aea93ccbfae649f5ef3ba38f7f14d4cc0ee182d063e7:log:149,0x815815570970ff96c347aea93ccbfae649f5ef3ba38f7f14d4cc0ee182d063e7,0xe3d47d70d6cc9e66a539d27f474807ff7ed47a56,0xcdef4f34e5ceb46c7c55134cda34273349be65b7,3000.0,,,,ATA,erc20,"{'value': '0xa2a15d09519be00000', 'address': '0xa2120b9e674d3fc3875f415a7df52e382f141225', 'decimal': '0x12'}",{'blockTimestamp': '2021-10-31T08:14:44.000Z'}
668,0xce5ac2,0x95407622182932ec26f035130d46b8c6060492deb251479533c3f32ca5597edf:log:17,0x95407622182932ec26f035130d46b8c6060492deb251479533c3f32ca5597edf,0xdfd5293d8e347dfe59e90efd55b2956a1343963d,0xe3d47d70d6cc9e66a539d27f474807ff7ed47a56,3000.0,,,,ATA,erc20,"{'value': '0xa2a15d09519be00000', 'address': '0xa2120b9e674d3fc3875f415a7df52e382f141225', 'decimal': '0x12'}",{'blockTimestamp': '2021-10-31T08:07:19.000Z'}
669,0xce570a,0x71f7a2cd8ec2c6fe91ad5ea0e8bb7ef39a405c8e84d422cc2558f29b91670226:log:18,0x71f7a2cd8ec2c6fe91ad5ea0e8bb7ef39a405c8e84d422cc2558f29b91670226,0x21a31ee1afc51d94c2efccaa2092ad1028285549,0xd7bdf583932ebe7b649fff21c25c84e56c3d613e,199.302,,,,ATA,erc20,"{'value': '0x0acddef10d80e70000', 'address': '0xa2120b9e674d3fc3875f415a7df52e382f141225', 'decimal': '0x12'}",{'blockTimestamp': '2021-10-31T04:27:29.000Z'}
670,0xce53fd,0x9a6c13dfc382e2fa2a94669f56badd81cf7e980084704fa519e8fc99d43f8dc4:log:49,0x9a6c13dfc382e2fa2a94669f56badd81cf7e980084704fa519e8fc99d43f8dc4,0x28c6c06298d514db089934071355e5743bf21d60,0x84eb0cab0e774e4c373cf45bb1b2c4f96f069d49,203.0,,,,ATA,erc20,"{'value': '0x0b0130e075bc4c0000', 'address': '0xa2120b9e674d3fc3875f415a7df52e382f141225', 'decimal': '0x12'}",{'blockTimestamp': '2021-10-31T01:28:17.000Z'}
671,0xce523d,0x5e5541a84573e0a8328b0ecdd1c08dbcfcf7aaaa387c9b334199b98a6c8dc981:log:48,0x5e5541a84573e0a8328b0ecdd1c08dbcfcf7aaaa387c9b334199b98a6c8dc981,0xdfd5293d8e347dfe59e90efd55b2956a1343963d,0x95b564f3b3bae3f206aa418667ba000afafacc8a,72468.62,,,,ATA,erc20,"{'value': '0x0f5888218ecbb08e0000', 'address': '0xa2120b9e674d3fc3875f415a7df52e382f141225', 'decimal': '0x12'}",{'blockTimestamp': '2021-10-30T23:44:18.000Z'}
672,0xce4bcc,0x8ffb595438210cb1f18aac6a2cf119c3a35bbcadc2d03abde8f398d0ad2644f6:log:38,0x8ffb595438210cb1f18aac6a2cf119c3a35bbcadc2d03abde8f398d0ad2644f6,0x046c80595f493d0d9c73585e8e7a67ee462ec58d,0x91ea44fad157dda6c7b096cb434d7360ffafe839,950.0,,,,ATA,erc20,"{'value': '0x337fe5feaf2d180000', 'address': '0xa2120b9e674d3fc3875f415a7df52e382f141225', 'decimal': '0x12'}",{'blockTimestamp': '2021-10-30T17:33:39.000Z'}
673,0xce4b18,0x8ec77e623758ecbf8239598823c4aef5156180ef82adc7ed14a316929e778f09:log:48,0x8ec77e623758ecbf8239598823c4aef5156180ef82adc7ed14a316929e778f09,0x21a31ee1afc51d94c2efccaa2092ad1028285549,0xa9322d3e7809eba66f9c628f29d21edd098d8ef5,41.0,,,,ATA,erc20,"{'value': '0x0238fd42c5cf040000', 'address': '0xa2120b9e674d3fc3875f415a7df52e382f141225', 'decimal': '0x12'}",{'blockTimestamp': '2021-10-30T16:54:29.000Z'}
674,0xce4741,0x5e685663fa3440eab861fe7cfe505be33a2e4e6b537bdfc11812cb330af55b0a:log:133,0x5e685663fa3440eab861fe7cfe505be33a2e4e6b537bdfc11812cb330af55b0a,0x28c6c06298d514db089934071355e5743bf21d60,0xfe569929911ea98f5479b7c9953cccb8c1e023df,1057.39,,,,ATA,erc20,"{'value': '0x39523beab52a4b0000', 'address': '0xa2120b9e674d3fc3875f415a7df52e382f141225', 'decimal': '0x12'}",{'blockTimestamp': '2021-10-30T13:17:23.000Z'}
675,0xce43da,0x2875ef48639266df6998c2d00614f6b4cfe90cc92a790bea708c614f49eb6724:log:5,0x2875ef48639266df6998c2d00614f6b4cfe90cc92a790bea708c614f49eb6724,0xdfd5293d8e347dfe59e90efd55b2956a1343963d,0xb2516f6ce83cdf44bc51e4f38be16ccaf8a4d058,4356.0089602200005,,,,ATA,erc20,"{'value': '0xec23c49e320bc59800', 'address': '0xa2120b9e674d3fc3875f415a7df52e382f141225', 'decimal': '0x12'}",{'blockTimestamp': '2021-10-30T09:53:26.000Z'}
676,0xce3f42,0xf8c0d422089a336adb7970cb7dd48567b31e439e3d28cfe7550c60d612956cae:log:323,0xf8c0d422089a336adb7970cb7dd48567b31e439e3d28cfe7550c60d612956cae,0xc6349f23120aa66ad2b6be83220650431931ebf4,0xc1de98a5454b825310d85fa58d6e3f1d866356d2,197.0,,,,ATA,erc20,"{'value': '0x0aadec983fcff40000', 'address': '0xa2120b9e674d3fc3875f415a7df52e382f141225', 'decimal': '0x12'}",{'blockTimestamp': '2021-10-30T05:22:10.000Z'}
677,0xce36ab,0x71d87ce050c015f0f91882da02c85f98cc48ed155456028cee6e60f7ce78beff:log:157,0x71d87ce050c015f0f91882da02c85f98cc48ed155456028cee6e60f7ce78beff,0x7f1f62b68c47e3d5817fb92c8822f333c512febd,0xe19321aed1270a74e5652756fd442c15b9338658,453.52700000000004,,,,ATA,erc20,"{'value': '0x1895f3939c68958000', 'address': '0xa2120b9e674d3fc3875f415a7df52e382f141225', 'decimal': '0x12'}",{'blockTimestamp': '2021-10-29T21:11:30.000Z'}
678,0xce34dc,0xe6ad9f353037018be24ea5c364176af57b3b796705b25ba6a032ff09fee77bd1:log:62,0xe6ad9f353037018be24ea5c364176af57b3b796705b25ba6a032ff09fee77bd1,0x2b3ad3c49cbc288999d6025216e347293d5f5a59,0x28c6c06298d514db089934071355e5743bf21d60,2557.5903606,,,,ATA,erc20,"{'value': '0x8aa5b242456e36f000', 'address': '0xa2120b9e674d3fc3875f415a7df52e382f141225', 'decimal': '0x12'}",{'blockTimestamp': '2021-10-29T19:30:47.000Z'}
679,0xce3477,0xfc845545fefe28e4352ea695e16e0c39eb7b7168381fdfe33e03a705c159470e:log:88,0xfc845545fefe28e4352ea695e16e0c39eb7b7168381fdfe33e03a705c159470e,0x95b564f3b3bae3f206aa418667ba000afafacc8a,0x2b3ad3c49cbc288999d6025216e347293d5f5a59,52.78324776,,,,ATA,erc20,"{'value': '0x02dc83c42e1a3ba000', 'address': '0xa2120b9e674d3fc3875f415a7df52e382f141225', 'decimal': '0x12'}",{'blockTimestamp': '2021-10-29T19:09:48.000Z'}
680,0xce2f43,0xb4610341c7066d87bd0e2ec9f18230bc5ab75453e40f4a94fd67a517ea68db79:log:38,0xb4610341c7066d87bd0e2ec9f18230bc5ab75453e40f4a94fd67a517ea68db79,0x21a31ee1afc51d94c2efccaa2092ad1028285549,0x95b564f3b3bae3f206aa418667ba000afafacc8a,76729.63,,,,ATA,erc20,"{'value': '0x103f858611ff43c30000', 'address': '0xa2120b9e674d3fc3875f415a7df52e382f141225', 'decimal': '0x12'}",{'blockTimestamp': '2021-10-29T14:09:15.000Z'}
681,0xce2111,0x47751d1d08b5f31b5a44c41c043d7393924fdb47a759e442eca4e063d9c987af:log:11,0x47751d1d08b5f31b5a44c41c043d7393924fdb47a759e442eca4e063d9c987af,0x28c6c06298d514db089934071355e5743bf21d60,0x20e74b82e9c2b24063c516397cd1fc2eeeb17cc0,20157.86,,,,ATA,erc20,"{'value': '0x0444c280f51497aa0000', 'address': '0xa2120b9e674d3fc3875f415a7df52e382f141225', 'decimal': '0x12'}",{'blockTimestamp': '2021-10-29T00:12:02.000Z'}
682,0xce1a63,0x5922698263ef025688d1d74530bba29d44f16f0188f60d5e0c0a29d00cf80d2d:log:280,0x5922698263ef025688d1d74530bba29d44f16f0188f60d5e0c0a29d00cf80d2d,0xf1127d90f1022881c147a78289b8ba32b15d05c4,0x34e6212fee947978d427d8f8979f9cb49c392767,3000.0,,,,ATA,erc20,"{'value': '0xa2a15d09519be00000', 'address': '0xa2120b9e674d3fc3875f415a7df52e382f141225', 'decimal': '0x12'}",{'blockTimestamp': '2021-10-28T17:47:36.000Z'}
683,0xce179f,0xce3f3cfd06d75e8966b028702e28e8da93de13f1a0a32dbebc32dc8895397e81:log:162,0xce3f3cfd06d75e8966b028702e28e8da93de13f1a0a32dbebc32dc8895397e81,0xe765567e4cba6388462540c6457ffbd9a5fdafd9,0xfcd7d449c0aee7673235c98a5b62033eb8a6c95c,523.59973136,,,,ATA,erc20,"{'value': '0x1c6267ed858ac24000', 'address': '0xa2120b9e674d3fc3875f415a7df52e382f141225', 'decimal': '0x12'}",{'blockTimestamp': '2021-10-28T15:10:01.000Z'}
684,0xce16cc,0x23e8d1298ef74afc9ea7c56ba0429f5cd1dbd4e9d24c8641635d278338c8648d:log:39,0x23e8d1298ef74afc9ea7c56ba0429f5cd1dbd4e9d24c8641635d278338c8648d,0xdfd5293d8e347dfe59e90efd55b2956a1343963d,0x154ba9c5e6c3084350997443e41fa2933336a789,500.0,,,,ATA,erc20,"{'value': '0x1b1ae4d6e2ef500000', 'address': '0xa2120b9e674d3fc3875f415a7df52e382f141225', 'decimal': '0x12'}",{'blockTimestamp': '2021-10-28T14:26:04.000Z'}
685,0xce16ba,0xbcc29dce0d7ab76afbd8289737248c7dc27dbfcc9a8eb06de509efc6cc62929a:log:2,0xbcc29dce0d7ab76afbd8289737248c7dc27dbfcc9a8eb06de509efc6cc62929a,0x21a31ee1afc51d94c2efccaa2092ad1028285549,0xeed31a78b20a48461315ba1fcccfd5bd347a24a5,769.25580252,,,,ATA,erc20,"{'value': '0x29b3919cb334a3f000', 'address': '0xa2120b9e674d3fc3875f415a7df52e382f141225', 'decimal': '0x12'}",{'blockTimestamp': '2021-10-28T14:21:36.000Z'}
686,0xce133e,0x454723e06a08dc933c9111a786a2a36e2d6d60e5448b6da654282b56cc4de194:log:152,0x454723e06a08dc933c9111a786a2a36e2d6d60e5448b6da654282b56cc4de194,0x29984d1f9055cafb02dcdd53c54b727902e44975,0x28c6c06298d514db089934071355e5743bf21d60,68656.37,,,,ATA,erc20,"{'value': '0x0e89de88d5f639a50000', 'address': '0xa2120b9e674d3fc3875f415a7df52e382f141225', 'decimal': '0x12'}",{'blockTimestamp': '2021-10-28T11:02:35.000Z'}
687,0xce1109,0x26c86d697d4b86ca44ff7b05feaab9f74f6f6f1543fd4753989fb755ea76e8a0:log:187,0x26c86d697d4b86ca44ff7b05feaab9f74f6f6f1543fd4753989fb755ea76e8a0,0x29984d1f9055cafb02dcdd53c54b727902e44975,0x28c6c06298d514db089934071355e5743bf21d60,68656.37,,,,ATA,erc20,"{'value': '0x0e89de88d5f639a50000', 'address': '0xa2120b9e674d3fc3875f415a7df52e382f141225', 'decimal': '0x12'}",{'blockTimestamp': '2021-10-28T08:58:56.000Z'}
688,0xce0bb5,0xd6849780230c4485ac9120a2379904667710d09d7763781ac5e78c526c4a4026:log:74,0xd6849780230c4485ac9120a2379904667710d09d7763781ac5e78c526c4a4026,0x28c6c06298d514db089934071355e5743bf21d60,0x44e0e817c8518a08c7a17a9705a931aedf108d46,968.0,,,,ATA,erc20,"{'value': '0x3479b2d750f2200000', 'address': '0xa2120b9e674d3fc3875f415a7df52e382f141225', 'decimal': '0x12'}",{'blockTimestamp': '2021-10-28T03:52:24.000Z'}
689,0xce0951,0x347bf8be82e601b2ef11042ca07db717103a67b32bbc5d880b325f7ee5228dc2:log:32,0x347bf8be82e601b2ef11042ca07db717103a67b32bbc5d880b325f7ee5228dc2,0xdfd5293d8e347dfe59e90efd55b2956a1343963d,0xa2d4cff48ee83191ca3609333a66f7c6cf8ea663,89.931,,,,ATA,erc20,"{'value': '0x04e00b18066fa78000', 'address': '0xa2120b9e674d3fc3875f415a7df52e382f141225', 'decimal': '0x12'}",{'blockTimestamp': '2021-10-28T01:29:32.000Z'}
690,0xcdfe79,0x9eb3937b5ef9128fcfda8e16abfeac9c3ce1d73c9eaea7998c9d25a9e49225f8:log:504,0x9eb3937b5ef9128fcfda8e16abfeac9c3ce1d73c9eaea7998c9d25a9e49225f8,0xf3e36ad56aa85abdacc18c02d19509ae4f7d5899,0x136c9b24233cdf9952dae48ac64c771bcb3c9c7c,18626.0,,,,ATA,erc20,"{'value': '0x03f1b7acfb38f9c80000', 'address': '0xa2120b9e674d3fc3875f415a7df52e382f141225', 'decimal': '0x12'}",{'blockTimestamp': '2021-10-27T14:50:06.000Z'}
691,0xcdfe72,0xefa184f659cf3b32a42e4d67f0853e1ed93669d6ec6faaa01fd10a69a670cc13:log:65,0xefa184f659cf3b32a42e4d67f0853e1ed93669d6ec6faaa01fd10a69a670cc13,0x0d0707963952f2fba59dd06f2b425ace40b492fe,0xf3e36ad56aa85abdacc18c02d19509ae4f7d5899,17932.2288,,,,ATA,erc20,"{'value': '0x03cc1baa8c94754c0000', 'address': '0xa2120b9e674d3fc3875f415a7df52e382f141225', 'decimal': '0x12'}",{'blockTimestamp': '2021-10-27T14:48:26.000Z'}
692,0xcdfdcf,0x9188927e490795829303af6b56a929270f3dae9c98fe80188c60ee47f54316d6:log:133,0x9188927e490795829303af6b56a929270f3dae9c98fe80188c60ee47f54316d6,0x0d0707963952f2fba59dd06f2b425ace40b492fe,0xf3e36ad56aa85abdacc18c02d19509ae4f7d5899,1315.5288,,,,ATA,erc20,"{'value': '0x4750a129a133e60000', 'address': '0xa2120b9e674d3fc3875f415a7df52e382f141225', 'decimal': '0x12'}",{'blockTimestamp': '2021-10-27T14:08:22.000Z'}
693,0xcdfdc8,0x6d2306fea6fc6fea524ecc2dfd3d37952d0fe326775737e4e9d7e88409945e67:log:508,0x6d2306fea6fc6fea524ecc2dfd3d37952d0fe326775737e4e9d7e88409945e67,0x7c8c378f44be581e9fdccc3b836389be98b1ff2c,0xbbea6760b94ca4c6792f36ef4fd6eefccff2133d,1216.0,,,,ATA,erc20,"{'value': '0x41eb63d55b1b000000', 'address': '0xa2120b9e674d3fc3875f415a7df52e382f141225', 'decimal': '0x12'}",{'blockTimestamp': '2021-10-27T14:07:09.000Z'}
694,0xcdfd8a,0x60d675d21403df6a8adf10ebad19c8302e31658598913315b1f2cf2ec1601176:log:40,0x60d675d21403df6a8adf10ebad19c8302e31658598913315b1f2cf2ec1601176,0x21a31ee1afc51d94c2efccaa2092ad1028285549,0x800dd5ef47afded46b701d923e602fdf512bd4f8,62.981,,,,ATA,erc20,"{'value': '0x036a0975cff6e08000', 'address': '0xa2120b9e674d3fc3875f415a7df52e382f141225', 'decimal': '0x12'}",{'blockTimestamp': '2021-10-27T13:51:36.000Z'}
695,0xcdfd7a,0x81432fe62bef05a9e8489f91af4ccba322c6489e387c7dc469bcad32abeec63c:log:24,0x81432fe62bef05a9e8489f91af4ccba322c6489e387c7dc469bcad32abeec63c,0x28c6c06298d514db089934071355e5743bf21d60,0x20e74b82e9c2b24063c516397cd1fc2eeeb17cc0,21880.72,,,,ATA,erc20,"{'value': '0x04a227fd3efa19280000', 'address': '0xa2120b9e674d3fc3875f415a7df52e382f141225', 'decimal': '0x12'}",{'blockTimestamp': '2021-10-27T13:49:55.000Z'}
696,0xcdfb74,0x6fda2a5c168299bfdfe5ce3ea6018690fa09a2198f98355ab251d4d61c2d79ac:log:251,0x6fda2a5c168299bfdfe5ce3ea6018690fa09a2198f98355ab251d4d61c2d79ac,0x95b564f3b3bae3f206aa418667ba000afafacc8a,0x29984d1f9055cafb02dcdd53c54b727902e44975,76684.88,,,,ATA,erc20,"{'value': '0x103d187e2217c1080000', 'address': '0xa2120b9e674d3fc3875f415a7df52e382f141225', 'decimal': '0x12'}",{'blockTimestamp': '2021-10-27T11:59:36.000Z'}
697,0xcdf5e7,0x28be8e42f93fe5d25a6bd5ce545f3bbb8fe2e700f61e4acf48d11fcd66cb7140:log:106,0x28be8e42f93fe5d25a6bd5ce545f3bbb8fe2e700f61e4acf48d11fcd66cb7140,0x6767526a362ec6c6b1df185478e4f01506b73ff3,0x28c6c06298d514db089934071355e5743bf21d60,38659.0,,,,ATA,erc20,"{'value': '0x082fb5661bd6f22c0000', 'address': '0xa2120b9e674d3fc3875f415a7df52e382f141225', 'decimal': '0x12'}",{'blockTimestamp': '2021-10-27T06:30:03.000Z'}
698,0xcdf5dd,0xd7c6fe768460bb388d98c37f2e619dccacf0305098c4962798eacee777f59127:log:303,0xd7c6fe768460bb388d98c37f2e619dccacf0305098c4962798eacee777f59127,0x3c02290922a3618a4646e3bbca65853ea45fe7c6,0x6767526a362ec6c6b1df185478e4f01506b73ff3,38659.0,,,,ATA,erc20,"{'value': '0x082fb5661bd6f22c0000', 'address': '0xa2120b9e674d3fc3875f415a7df52e382f141225', 'decimal': '0x12'}",{'blockTimestamp': '2021-10-27T06:26:57.000Z'}
699,0xcdf32f,0x3ef1a1eca5d00186dbf081c32b5b0f8eff39bcec71d2249d44a1ac7cfc21b104:log:106,0x3ef1a1eca5d00186dbf081c32b5b0f8eff39bcec71d2249d44a1ac7cfc21b104,0x28c6c06298d514db089934071355e5743bf21d60,0x881623673bb385fd8d8ef00a57c3a557ecbd6df1,71.0,,,,ATA,erc20,"{'value': '0x03d952abd36cbc0000', 'address': '0xa2120b9e674d3fc3875f415a7df52e382f141225', 'decimal': '0x12'}",{'blockTimestamp': '2021-10-27T03:53:30.000Z'}
700,0xcde00f,0x1aea9b9ebd519d780a7949745e6cc1754032e06974ad6f17b17aa5015420b015:log:25,0x1aea9b9ebd519d780a7949745e6cc1754032e06974ad6f17b17aa5015420b015,0xdfd5293d8e347dfe59e90efd55b2956a1343963d,0x8a98b1bc64e172eb592d556aa3213149cfbbc267,614.0,,,,ATA,erc20,"{'value': '0x2148f632e379d80000', 'address': '0xa2120b9e674d3fc3875f415a7df52e382f141225', 'decimal': '0x12'}",{'blockTimestamp': '2021-10-26T09:42:52.000Z'}
701,0xcddf61,0x28441ba9ecc4e1cfd44ff25a6a1dafb0ec8df5149897c7fd1eaf9d2d8b9d0c04:log:350,0x28441ba9ecc4e1cfd44ff25a6a1dafb0ec8df5149897c7fd1eaf9d2d8b9d0c04,0x95b564f3b3bae3f206aa418667ba000afafacc8a,0x29984d1f9055cafb02dcdd53c54b727902e44975,68656.37,,,,ATA,erc20,"{'value': '0x0e89de88d5f639a50000', 'address': '0xa2120b9e674d3fc3875f415a7df52e382f141225', 'decimal': '0x12'}",{'blockTimestamp': '2021-10-26T09:01:26.000Z'}
702,0xcddf60,0x6ade4c88d624c2a744913811e0680524b764231650c44f45def51d2d632bac6a:log:53,0x6ade4c88d624c2a744913811e0680524b764231650c44f45def51d2d632bac6a,0x21a31ee1afc51d94c2efccaa2092ad1028285549,0x7b7051431d9ee6bfc286dc0d3bff1069519949e0,84.884,,,,ATA,erc20,"{'value': '0x049a008c43ea420000', 'address': '0xa2120b9e674d3fc3875f415a7df52e382f141225', 'decimal': '0x12'}",{'blockTimestamp': '2021-10-26T09:01:15.000Z'}
703,0xcdcbb8,0x6e670148ff9f8f14f6799859cd4abc21325f2ff503ea9e9e7dfbd0d713ce718f:log:27,0x6e670148ff9f8f14f6799859cd4abc21325f2ff503ea9e9e7dfbd0d713ce718f,0x28c6c06298d514db089934071355e5743bf21d60,0x20e74b82e9c2b24063c516397cd1fc2eeeb17cc0,29798.62,,,,ATA,erc20,"{'value': '0x064f62ece22512960000', 'address': '0xa2120b9e674d3fc3875f415a7df52e382f141225', 'decimal': '0x12'}",{'blockTimestamp': '2021-10-25T14:04:34.000Z'}
704,0xcdc9e0,0x60cae7c8de4e19dc1c7b7268da756829b83a1662f6816d7959648c78c660e40e:log:185,0x60cae7c8de4e19dc1c7b7268da756829b83a1662f6816d7959648c78c660e40e,0xf6b85b36958748fb9ad9e4f50bae644de345db70,0x95b564f3b3bae3f206aa418667ba000afafacc8a,4744.088000000001,,,,ATA,erc20,"{'value': '0x01012d7254be995c0000', 'address': '0xa2120b9e674d3fc3875f415a7df52e382f141225', 'decimal': '0x12'}",{'blockTimestamp': '2021-10-25T12:21:16.000Z'}
705,0xcdc985,0xb3ef975a1b4cf4e71004acc5a4bcc7b09c4d0db1b0887a5baff4cdaf8109b51f:log:33,0xb3ef975a1b4cf4e71004acc5a4bcc7b09c4d0db1b0887a5baff4cdaf8109b51f,0xdfd5293d8e347dfe59e90efd55b2956a1343963d,0xf6b85b36958748fb9ad9e4f50bae644de345db70,4744.088000000001,,,,ATA,erc20,"{'value': '0x01012d7254be995c0000', 'address': '0xa2120b9e674d3fc3875f415a7df52e382f141225', 'decimal': '0x12'}",{'blockTimestamp': '2021-10-25T12:02:42.000Z'}
706,0xcdc7f7,0xaa09b7f4c34420d337d6bd7d9551914bce6564af5214eb751ddce00cf56cbdfe:log:70,0xaa09b7f4c34420d337d6bd7d9551914bce6564af5214eb751ddce00cf56cbdfe,0x136c9b24233cdf9952dae48ac64c771bcb3c9c7c,0x28c6c06298d514db089934071355e5743bf21d60,24819.0,,,,ATA,erc20,"{'value': '0x054170d0cb4d63ec0000', 'address': '0xa2120b9e674d3fc3875f415a7df52e382f141225', 'decimal': '0x12'}",{'blockTimestamp': '2021-10-25T10:30:44.000Z'}
707,0xcdc7bb,0x7482575e603c5a89d2b031ea8a93d61546bdd4eb18479338a75022facb61d96e:log:87,0x7482575e603c5a89d2b031ea8a93d61546bdd4eb18479338a75022facb61d96e,0xf3e36ad56aa85abdacc18c02d19509ae4f7d5899,0x136c9b24233cdf9952dae48ac64c771bcb3c9c7c,24819.0,,,,ATA,erc20,"{'value': '0x054170d0cb4d63ec0000', 'address': '0xa2120b9e674d3fc3875f415a7df52e382f141225', 'decimal': '0x12'}",{'blockTimestamp': '2021-10-25T10:15:51.000Z'}
708,0xcdc79b,0x9b4fca84f1c38c1c98ae78cb70f3d35c5186c91d2b756dcf1c684c1ec6c46aa9:log:23,0x9b4fca84f1c38c1c98ae78cb70f3d35c5186c91d2b756dcf1c684c1ec6c46aa9,0x21a31ee1afc51d94c2efccaa2092ad1028285549,0xf3e36ad56aa85abdacc18c02d19509ae4f7d5899,22417.5593,,,,ATA,erc20,"{'value': '0x04bf42219207ca844000', 'address': '0xa2120b9e674d3fc3875f415a7df52e382f141225', 'decimal': '0x12'}",{'blockTimestamp': '2021-10-25T10:09:57.000Z'}
709,0xcdc2ec,0xcc966ca7764f5ba56f00641739b40e60f0b5e9e998494d65790a2810665d9cc5:log:38,0xcc966ca7764f5ba56f00641739b40e60f0b5e9e998494d65790a2810665d9cc5,0x28c6c06298d514db089934071355e5743bf21d60,0x95b564f3b3bae3f206aa418667ba000afafacc8a,77286.62000000001,,,,ATA,erc20,"{'value': '0x105db7500ff008960000', 'address': '0xa2120b9e674d3fc3875f415a7df52e382f141225', 'decimal': '0x12'}",{'blockTimestamp': '2021-10-25T05:45:58.000Z'}
710,0xcdba2f,0xef44439168d2bb9715b4901b41e872faed92cc605c16f27279ccfc0cc91600f8:log:43,0xef44439168d2bb9715b4901b41e872faed92cc605c16f27279ccfc0cc91600f8,0x6767526a362ec6c6b1df185478e4f01506b73ff3,0x28c6c06298d514db089934071355e5743bf21d60,47950.0,,,,ATA,erc20,"{'value': '0x0a275fece6030c780000', 'address': '0xa2120b9e674d3fc3875f415a7df52e382f141225', 'decimal': '0x12'}",{'blockTimestamp': '2021-10-24T21:29:59.000Z'}
711,0xcdb98e,0x411801bea17fa448a79ae251f1f73c08686fd5b4bf338837d7371c2ec9d2755d:log:360,0x411801bea17fa448a79ae251f1f73c08686fd5b4bf338837d7371c2ec9d2755d,0x3c02290922a3618a4646e3bbca65853ea45fe7c6,0x6767526a362ec6c6b1df185478e4f01506b73ff3,47950.0,,,,ATA,erc20,"{'value': '0x0a275fece6030c780000', 'address': '0xa2120b9e674d3fc3875f415a7df52e382f141225', 'decimal': '0x12'}",{'blockTimestamp': '2021-10-24T20:51:06.000Z'}
712,0xcdb97f,0xc6893efa6fe88e296162940caf22c174cd37fdde6ef8f1ffad3c5ee76431abf2:log:267,0xc6893efa6fe88e296162940caf22c174cd37fdde6ef8f1ffad3c5ee76431abf2,0x91dca37856240e5e1906222ec79278b16420dc92,0x3c02290922a3618a4646e3bbca65853ea45fe7c6,74905.0,,,,ATA,erc20,"{'value': '0x0fdc9bb21c4d1ac40000', 'address': '0xa2120b9e674d3fc3875f415a7df52e382f141225', 'decimal': '0x12'}",{'blockTimestamp': '2021-10-24T20:47:30.000Z'}
713,0xcdaf93,0x439b9a82b92706088e505d5363d2be0ea2ca53220ab7ed778adc0a461d2b2b2e:log:220,0x439b9a82b92706088e505d5363d2be0ea2ca53220ab7ed778adc0a461d2b2b2e,0x1e6d69264f8e23f1027b36364e1526d4ddeba0aa,0xe9e8cb73c7c70038f00abf4673827a23fd54f257,151.0,,,,ATA,erc20,"{'value': '0x082f8bc3f7bbfc0000', 'address': '0xa2120b9e674d3fc3875f415a7df52e382f141225', 'decimal': '0x12'}",{'blockTimestamp': '2021-10-24T11:09:36.000Z'}
714,0xcdaf73,0xfda4fd5b103f45bac885f1518ca7b8d12e654993fd27b781542b8f224ed75d4d:log:418,0xfda4fd5b103f45bac885f1518ca7b8d12e654993fd27b781542b8f224ed75d4d,0xa41bbb1a193bd86b2b52985e67221e0d95a96fc1,0xe765567e4cba6388462540c6457ffbd9a5fdafd9,523.59973136,,,,ATA,erc20,"{'value': '0x1c6267ed858ac24000', 'address': '0xa2120b9e674d3fc3875f415a7df52e382f141225', 'decimal': '0x12'}",{'blockTimestamp': '2021-10-24T11:01:59.000Z'}
715,0xcdaf19,0x94d79d76a7038ec507ffe34d747e151e5859cd6ae01dad7c82941972b0f0e234:log:28,0x94d79d76a7038ec507ffe34d747e151e5859cd6ae01dad7c82941972b0f0e234,0xdfd5293d8e347dfe59e90efd55b2956a1343963d,0x1e6d69264f8e23f1027b36364e1526d4ddeba0aa,151.0,,,,ATA,erc20,"{'value': '0x082f8bc3f7bbfc0000', 'address': '0xa2120b9e674d3fc3875f415a7df52e382f141225', 'decimal': '0x12'}",{'blockTimestamp': '2021-10-24T10:43:25.000Z'}
716,0xcdaf13,0xae7661d125a4cbf14db109e7e57890c91c81bc44c7ad4f8b027ecd9b43fa417f:log:133,0xae7661d125a4cbf14db109e7e57890c91c81bc44c7ad4f8b027ecd9b43fa417f,0x3e2455b4eb387e7967caca6b3d8aff01dbfabe74,0x95ac82852939f61b3093c1244838a0a9183ae778,73.212,,,,ATA,erc20,"{'value': '0x03f805461b2fe60000', 'address': '0xa2120b9e674d3fc3875f415a7df52e382f141225', 'decimal': '0x12'}",{'blockTimestamp': '2021-10-24T10:42:12.000Z'}
717,0xcda94b,0xd8a05d7934e16c347dce199dcc1b396ac0fb4946021bdc4a08aeea488599723a:log:45,0xd8a05d7934e16c347dce199dcc1b396ac0fb4946021bdc4a08aeea488599723a,0x21a31ee1afc51d94c2efccaa2092ad1028285549,0xe39100c0a3935dbcbd4a036b5645c296550640af,572.6151395200001,,,,ATA,erc20,"{'value': '0x1f0aa1a38c64578000', 'address': '0xa2120b9e674d3fc3875f415a7df52e382f141225', 'decimal': '0x12'}",{'blockTimestamp': '2021-10-24T05:04:27.000Z'}
718,0xcd9f4a,0x7759991c215ae71d859a2858319631cf07c321bf3a4bbaeaffa352518bfc3389:log:579,0x7759991c215ae71d859a2858319631cf07c321bf3a4bbaeaffa352518bfc3389,0x2f57ba385dc01b7075c38f425418ffd09cc819fe,0xa7866edc27534c31f04b865930a041a6e9537f75,195.628,,,,ATA,erc20,"{'value': '0x0a9ae24584b81e0000', 'address': '0xa2120b9e674d3fc3875f415a7df52e382f141225', 'decimal': '0x12'}",{'blockTimestamp': '2021-10-23T19:16:51.000Z'}
719,0xcd8410,0x05a9806c2347500ad607fb22a2f5bb3728dabc9647d8358a05082859ef83140b:log:44,0x05a9806c2347500ad607fb22a2f5bb3728dabc9647d8358a05082859ef83140b,0x28c6c06298d514db089934071355e5743bf21d60,0x27f904be4e0c76fecbcec4f2ebe8c8ddb7f06b02,21733.5,,,,ATA,erc20,"{'value': '0x049a2ce6bcfb60260000', 'address': '0xa2120b9e674d3fc3875f415a7df52e382f141225', 'decimal': '0x12'}",{'blockTimestamp': '2021-10-22T17:16:50.000Z'}
720,0xcd8115,0xd292ef6d9a99ce2d997d546bc9d8e42aaae1cc42d967937cd9e33e86a44e645f:log:58,0xd292ef6d9a99ce2d997d546bc9d8e42aaae1cc42d967937cd9e33e86a44e645f,0x95b564f3b3bae3f206aa418667ba000afafacc8a,0x868690e3779c9ed33bf47f900826671c501615f4,456.40296022,,,,ATA,erc20,"{'value': '0x18bddd0a318dd69800', 'address': '0xa2120b9e674d3fc3875f415a7df52e382f141225', 'decimal': '0x12'}",{'blockTimestamp': '2021-10-22T14:24:58.000Z'}
721,0xcd7cc6,0x6b4ababf5664b48f82d35ff5c5bc11f6fe814b37cef4612ac622d15307517e2b:log:22,0x6b4ababf5664b48f82d35ff5c5bc11f6fe814b37cef4612ac622d15307517e2b,0xdfd5293d8e347dfe59e90efd55b2956a1343963d,0x29543e71a9930f72a910e69ecc8491289ab5903d,518.438,,,,ATA,erc20,"{'value': '0x1c1ac5c6329ff70000', 'address': '0xa2120b9e674d3fc3875f415a7df52e382f141225', 'decimal': '0x12'}",{'blockTimestamp': '2021-10-22T10:10:33.000Z'}
722,0xcd7c88,0xafd5eb3521c02f565d2c7ca23e2d76813da2b99f60b709ad8b44bc8ac9371c88:log:74,0xafd5eb3521c02f565d2c7ca23e2d76813da2b99f60b709ad8b44bc8ac9371c88,0x95b564f3b3bae3f206aa418667ba000afafacc8a,0x868690e3779c9ed33bf47f900826671c501615f4,53.2965429,,,,ATA,erc20,"{'value': '0x02e3a35b63eede0800', 'address': '0xa2120b9e674d3fc3875f415a7df52e382f141225', 'decimal': '0x12'}",{'blockTimestamp': '2021-10-22T09:54:51.000Z'}
723,0xcd7339,0x70a5dcd9ddb5794b1b627d55aa83af5ff70f1737cf242eb63d540c5aec8ba209:log:145,0x70a5dcd9ddb5794b1b627d55aa83af5ff70f1737cf242eb63d540c5aec8ba209,0x260d97cb9e570a1e698d84d5c5af0ebe615e094d,0x988bed2f807c736a8fef645a491a048376a110fd,138.0,,,,ATA,erc20,"{'value': '0x077b227cd83be80000', 'address': '0xa2120b9e674d3fc3875f415a7df52e382f141225', 'decimal': '0x12'}",{'blockTimestamp': '2021-10-22T00:52:54.000Z'}
724,0xcd67be,0x15733efc0c12789d393330c415b7b3f709b1ec9a330c265fde020dbc6103013f:log:182,0x15733efc0c12789d393330c415b7b3f709b1ec9a330c265fde020dbc6103013f,0x977ab23ac96696585cf6a6bd0babe9687e9540a0,0x28c6c06298d514db089934071355e5743bf21d60,7208.619,,,,ATA,erc20,"{'value': '0x0186c7af539983978000', 'address': '0xa2120b9e674d3fc3875f415a7df52e382f141225', 'decimal': '0x12'}",{'blockTimestamp': '2021-10-21T14:04:03.000Z'}
725,0xcd6757,0x2b002e5020d9a1d7c134dce1e9f14a1fb19e70bf840357f9dd76296cb327dc02:log:71,0x2b002e5020d9a1d7c134dce1e9f14a1fb19e70bf840357f9dd76296cb327dc02,0x3c02290922a3618a4646e3bbca65853ea45fe7c6,0x977ab23ac96696585cf6a6bd0babe9687e9540a0,7208.619,,,,ATA,erc20,"{'value': '0x0186c7af539983978000', 'address': '0xa2120b9e674d3fc3875f415a7df52e382f141225', 'decimal': '0x12'}",{'blockTimestamp': '2021-10-21T13:37:57.000Z'}
726,0xcd6627,0xdb9f9146760972f9d90313c986f97f4b8ca776816ce09be0c86597148ff4a085:log:125,0xdb9f9146760972f9d90313c986f97f4b8ca776816ce09be0c86597148ff4a085,0x29984d1f9055cafb02dcdd53c54b727902e44975,0x28c6c06298d514db089934071355e5743bf21d60,62907.28,,,,ATA,erc20,"{'value': '0x0d5235e226f233280000', 'address': '0xa2120b9e674d3fc3875f415a7df52e382f141225', 'decimal': '0x12'}",{'blockTimestamp': '2021-10-21T12:32:00.000Z'}
727,0xcd64b4,0x8445690b92c1cb8fe8b4a372ba4066484b55072ef2df446977453718ad19d7f0:log:70,0x8445690b92c1cb8fe8b4a372ba4066484b55072ef2df446977453718ad19d7f0,0x95b564f3b3bae3f206aa418667ba000afafacc8a,0x29984d1f9055cafb02dcdd53c54b727902e44975,62907.28,,,,ATA,erc20,"{'value': '0x0d5235e226f233280000', 'address': '0xa2120b9e674d3fc3875f415a7df52e382f141225', 'decimal': '0x12'}",{'blockTimestamp': '2021-10-21T11:14:33.000Z'}
728,0xcd62d4,0xf5f0e7c6010eb398348da2bb8113eebb1af0f417e27962d101417ef84fa3ecd6:log:67,0xf5f0e7c6010eb398348da2bb8113eebb1af0f417e27962d101417ef84fa3ecd6,0x21a31ee1afc51d94c2efccaa2092ad1028285549,0x8804d9d41ad8565f9705e254d2260c40b4ce1653,164.781,,,,ATA,erc20,"{'value': '0x08eecbb673eda48000', 'address': '0xa2120b9e674d3fc3875f415a7df52e382f141225', 'decimal': '0x12'}",{'blockTimestamp': '2021-10-21T09:25:36.000Z'}
729,0xcd615a,0x80628a328512ad2b8a2ab0ce0d3273e5231c72aa8cd1563ef67b978d2c954547:log:309,0x80628a328512ad2b8a2ab0ce0d3273e5231c72aa8cd1563ef67b978d2c954547,0x546a362e660aafef289a1d09e68587a92ba77b13,0xa4b1838cb086dddafa655f247716b502e87a0672,10.0,,,,ATA,erc20,"{'value': '0x8ac7230489e80000', 'address': '0xa2120b9e674d3fc3875f415a7df52e382f141225', 'decimal': '0x12'}",{'blockTimestamp': '2021-10-21T07:59:26.000Z'}
730,0xcd5ba9,0xef69f39741cce2c6432da1645178df4c3c3860d0acb0b83c8dfeb99f391097f0:log:128,0xef69f39741cce2c6432da1645178df4c3c3860d0acb0b83c8dfeb99f391097f0,0x6767526a362ec6c6b1df185478e4f01506b73ff3,0x28c6c06298d514db089934071355e5743bf21d60,37719.0,,,,ATA,erc20,"{'value': '0x07fcc047402c4efc0000', 'address': '0xa2120b9e674d3fc3875f415a7df52e382f141225', 'decimal': '0x12'}",{'blockTimestamp': '2021-10-21T02:29:58.000Z'}
731,0xcd59ac,0xf49bffdb736a31f5da41f649f0676a9eaa6035c8ca056ee245f07566e1ccfe8d:log:49,0xf49bffdb736a31f5da41f649f0676a9eaa6035c8ca056ee245f07566e1ccfe8d,0x3c02290922a3618a4646e3bbca65853ea45fe7c6,0x6767526a362ec6c6b1df185478e4f01506b73ff3,37719.0,,,,ATA,erc20,"{'value': '0x07fcc047402c4efc0000', 'address': '0xa2120b9e674d3fc3875f415a7df52e382f141225', 'decimal': '0x12'}",{'blockTimestamp': '2021-10-21T00:42:39.000Z'}
732,0xcd58a5,0x5a207d40bf7b2dba2404d8d14d3f855e29bb49db94982cd9668f7f757f4cc40d:log:10,0x5a207d40bf7b2dba2404d8d14d3f855e29bb49db94982cd9668f7f757f4cc40d,0x28c6c06298d514db089934071355e5743bf21d60,0x97697c8785abed13834bc2c7e77da42cf966262c,720.2499999999999,,,,ATA,erc20,"{'value': '0x270b7a06f3b3190000', 'address': '0xa2120b9e674d3fc3875f415a7df52e382f141225', 'decimal': '0x12'}",{'blockTimestamp': '2021-10-20T23:42:26.000Z'}
733,0xcd53ff,0xe64ea59ecba9103e88a343540ddc3a021b9562598c0e9eaa00aedb911c61845d:log:22,0xe64ea59ecba9103e88a343540ddc3a021b9562598c0e9eaa00aedb911c61845d,0xdfd5293d8e347dfe59e90efd55b2956a1343963d,0x95b564f3b3bae3f206aa418667ba000afafacc8a,81533.21999999999,,,,ATA,erc20,"{'value': '0x1143ecb9f87c8e6a0000', 'address': '0xa2120b9e674d3fc3875f415a7df52e382f141225', 'decimal': '0x12'}",{'blockTimestamp': '2021-10-20T19:05:38.000Z'}
734,0xcd51bf,0x212fa9543e57f8a27e681343234925cd09ccac52ef4c06c90a6ba676c46f4966:log:3,0x212fa9543e57f8a27e681343234925cd09ccac52ef4c06c90a6ba676c46f4966,0x6767526a362ec6c6b1df185478e4f01506b73ff3,0x28c6c06298d514db089934071355e5743bf21d60,37954.00000000001,,,,ATA,erc20,"{'value': '0x08097d8ef716f7c80000', 'address': '0xa2120b9e674d3fc3875f415a7df52e382f141225', 'decimal': '0x12'}",{'blockTimestamp': '2021-10-20T17:00:01.000Z'}
735,0xcd51b0,0xdd38bef0e5cb14ba68e814d8125a50ec1d7576fff54af969d2ab149888259e75:log:307,0xdd38bef0e5cb14ba68e814d8125a50ec1d7576fff54af969d2ab149888259e75,0x3c02290922a3618a4646e3bbca65853ea45fe7c6,0x6767526a362ec6c6b1df185478e4f01506b73ff3,37954.00000000001,,,,ATA,erc20,"{'value': '0x08097d8ef716f7c80000', 'address': '0xa2120b9e674d3fc3875f415a7df52e382f141225', 'decimal': '0x12'}",{'blockTimestamp': '2021-10-20T16:56:41.000Z'}
736,0xcd413c,0x6b6fa8cc05c186e12e18c0937205285804ed197f1933a4baa85e64d4e08222c0:log:167,0x6b6fa8cc05c186e12e18c0937205285804ed197f1933a4baa85e64d4e08222c0,0xcde1facd316957cbae40fc60a997de1e3b285fb4,0x2ecb7372d26df1345927fafbf1edb8d4fd044848,128.843,,,,ATA,erc20,"{'value': '0x06fc0e49dc4ba78000', 'address': '0xa2120b9e674d3fc3875f415a7df52e382f141225', 'decimal': '0x12'}",{'blockTimestamp': '2021-10-20T01:08:56.000Z'}
737,0xcd3635,0xf44e701d8063928f7832475adfdfdf15f7d74b8e423ca4d5a5c6e43fd8119762:log:60,0xf44e701d8063928f7832475adfdfdf15f7d74b8e423ca4d5a5c6e43fd8119762,0x21a31ee1afc51d94c2efccaa2092ad1028285549,0xd189ff916b2e0f8b6f4297256e74c1e5b3278a8f,28.0,,,,ATA,erc20,"{'value': '0x018493fba64ef00000', 'address': '0xa2120b9e674d3fc3875f415a7df52e382f141225', 'decimal': '0x12'}",{'blockTimestamp': '2021-10-19T14:28:47.000Z'}
738,0xcd2ee7,0x537e3cd59fedf66476fd419f89d347e240fc1c8063b22e83ed60a7677379f495:log:66,0x537e3cd59fedf66476fd419f89d347e240fc1c8063b22e83ed60a7677379f495,0x28c6c06298d514db089934071355e5743bf21d60,0x05cb19e6283a7994060f7d118ebbfe87ce85bbc7,205.00060573000002,,,,ATA,erc20,"{'value': '0x0b1cf474c58c8ed400', 'address': '0xa2120b9e674d3fc3875f415a7df52e382f141225', 'decimal': '0x12'}",{'blockTimestamp': '2021-10-19T07:32:56.000Z'}
739,0xcd236c,0x053ba1e6bd85116f54b26f4e9e74d28256f6f9b3b6a70d9fb254dc134a511f19:log:29,0x053ba1e6bd85116f54b26f4e9e74d28256f6f9b3b6a70d9fb254dc134a511f19,0x29984d1f9055cafb02dcdd53c54b727902e44975,0x28c6c06298d514db089934071355e5743bf21d60,70948.82,,,,ATA,erc20,"{'value': '0x0f0624ab4f0a89e20000', 'address': '0xa2120b9e674d3fc3875f415a7df52e382f141225', 'decimal': '0x12'}",{'blockTimestamp': '2021-10-18T20:30:12.000Z'}
740,0xcd21ef,0x45e7fb3c295fb24f95b11cd0f9bcb8b3b57c9b30e5ec035930cac23255f9eb02:log:34,0x45e7fb3c295fb24f95b11cd0f9bcb8b3b57c9b30e5ec035930cac23255f9eb02,0x95b564f3b3bae3f206aa418667ba000afafacc8a,0x29984d1f9055cafb02dcdd53c54b727902e44975,70948.82,,,,ATA,erc20,"{'value': '0x0f0624ab4f0a89e20000', 'address': '0xa2120b9e674d3fc3875f415a7df52e382f141225', 'decimal': '0x12'}",{'blockTimestamp': '2021-10-18T19:03:46.000Z'}
741,0xcd219a,0xcd3ba76e7b3f6ef5b958318e701aee427e85ce767f1d89e5c63056ab0792ff08:log:99,0xcd3ba76e7b3f6ef5b958318e701aee427e85ce767f1d89e5c63056ab0792ff08,0xdfd5293d8e347dfe59e90efd55b2956a1343963d,0x7596524690fba5a6ac03592fb976d339f5e5df0a,544.0,,,,ATA,erc20,"{'value': '0x1d7d843dc3b4800000', 'address': '0xa2120b9e674d3fc3875f415a7df52e382f141225', 'decimal': '0x12'}",{'blockTimestamp': '2021-10-18T18:46:15.000Z'}
742,0xcd2181,0xcec9dea049a76f3e99cd3650950cabd870703b08e371f9876df9686db3102ce2:log:43,0xcec9dea049a76f3e99cd3650950cabd870703b08e371f9876df9686db3102ce2,0x21a31ee1afc51d94c2efccaa2092ad1028285549,0x047096961edd5cdb887e63637027c817ae4c5eb5,3526.0,,,,ATA,erc20,"{'value': '0xbf25146e738b580000', 'address': '0xa2120b9e674d3fc3875f415a7df52e382f141225', 'decimal': '0x12'}",{'blockTimestamp': '2021-10-18T18:39:55.000Z'}
743,0xcd1fef,0x5bb6c8183c73485a4f794aee699af18213e033edaba55c20876a069a71a8ed9b:log:62,0x5bb6c8183c73485a4f794aee699af18213e033edaba55c20876a069a71a8ed9b,0x28c6c06298d514db089934071355e5743bf21d60,0x0255635f25c00de2f196671c0577b12a54e2ca37,9963.0,,,,ATA,erc20,"{'value': '0x021c186661c380cc0000', 'address': '0xa2120b9e674d3fc3875f415a7df52e382f141225', 'decimal': '0x12'}",{'blockTimestamp': '2021-10-18T17:09:08.000Z'}
744,0xcd1f5e,0x02aef14133bf24ef146856a4cdac846c1967ce9ba6d332afc5cd0293e51a0653:log:27,0x02aef14133bf24ef146856a4cdac846c1967ce9ba6d332afc5cd0293e51a0653,0xdfd5293d8e347dfe59e90efd55b2956a1343963d,0xc13e0c5eab871890d8ec284b9e9ac5ab8e4198a7,3382.486,,,,ATA,erc20,"{'value': '0xb75d6c47d233ef0000', 'address': '0xa2120b9e674d3fc3875f415a7df52e382f141225', 'decimal': '0x12'}",{'blockTimestamp': '2021-10-18T16:32:52.000Z'}
745,0xcd1f41,0x8c334db923b8158f03adeab5b85151b0333622c9031c41f9ecbcc969fcc7c56c:log:39,0x8c334db923b8158f03adeab5b85151b0333622c9031c41f9ecbcc969fcc7c56c,0x21a31ee1afc51d94c2efccaa2092ad1028285549,0xc13e0c5eab871890d8ec284b9e9ac5ab8e4198a7,72.0,,,,ATA,erc20,"{'value': '0x03e733628714200000', 'address': '0xa2120b9e674d3fc3875f415a7df52e382f141225', 'decimal': '0x12'}",{'blockTimestamp': '2021-10-18T16:27:29.000Z'}
746,0xcd1c35,0x9acb6ab42da4616f720a11d457a306c048162513ca3e2dbbf4b62293efc7837e:log:47,0x9acb6ab42da4616f720a11d457a306c048162513ca3e2dbbf4b62293efc7837e,0x28c6c06298d514db089934071355e5743bf21d60,0x62a886c001caedebd644acf52091c6c5d353efbb,72.831,,,,ATA,erc20,"{'value': '0x03f2bbb09ff4798000', 'address': '0xa2120b9e674d3fc3875f415a7df52e382f141225', 'decimal': '0x12'}",{'blockTimestamp': '2021-10-18T13:32:51.000Z'}
747,0xcd1aea,0xb6a09a5c63e253dec8dd7bab0fe4f61b34539f800434276651d9314e9b040c92:log:207,0xb6a09a5c63e253dec8dd7bab0fe4f61b34539f800434276651d9314e9b040c92,0x4dfbf190296ab6a11d26b51fc12d451d051faad9,0x3c02290922a3618a4646e3bbca65853ea45fe7c6,7225.999999999999,,,,ATA,erc20,"{'value': '0x0187b8e50b02dca80000', 'address': '0xa2120b9e674d3fc3875f415a7df52e382f141225', 'decimal': '0x12'}",{'blockTimestamp': '2021-10-18T12:17:10.000Z'}
748,0xcd1a71,0xa864ee354c32713e65e1101c1d4852ecef9fdef52cea9327a25b3e537344fc3b:log:115,0xa864ee354c32713e65e1101c1d4852ecef9fdef52cea9327a25b3e537344fc3b,0x20e74b82e9c2b24063c516397cd1fc2eeeb17cc0,0x3c02290922a3618a4646e3bbca65853ea45fe7c6,53637.2,,,,ATA,erc20,"{'value': '0x0b5badae21ef56080000', 'address': '0xa2120b9e674d3fc3875f415a7df52e382f141225', 'decimal': '0x12'}",{'blockTimestamp': '2021-10-18T11:50:12.000Z'}
749,0xcd1994,0xd08f239c35fd376b5bf0e5a9323ade97a209efca33f983b12344a90edcc6a2d5:log:46,0xd08f239c35fd376b5bf0e5a9323ade97a209efca33f983b12344a90edcc6a2d5,0x29984d1f9055cafb02dcdd53c54b727902e44975,0x28c6c06298d514db089934071355e5743bf21d60,67766.78,,,,ATA,erc20,"{'value': '0x0e59a4fe46362de60000', 'address': '0xa2120b9e674d3fc3875f415a7df52e382f141225', 'decimal': '0x12'}",{'blockTimestamp': '2021-10-18T11:00:22.000Z'}
750,0xcd18a0,0x6c44c67fa2d9e79f9abc462b016ba96bb0b17f90679bb16e0b153562b7c5c8e0:log:43,0x6c44c67fa2d9e79f9abc462b016ba96bb0b17f90679bb16e0b153562b7c5c8e0,0xdfd5293d8e347dfe59e90efd55b2956a1343963d,0xcde1facd316957cbae40fc60a997de1e3b285fb4,128.843,,,,ATA,erc20,"{'value': '0x06fc0e49dc4ba78000', 'address': '0xa2120b9e674d3fc3875f415a7df52e382f141225', 'decimal': '0x12'}",{'blockTimestamp': '2021-10-18T10:07:51.000Z'}
751,0xcd176c,0x73a7623d398f256d74d5eb68c56bd368e4247e7dd45d7f5be286956283a34df7:log:134,0x73a7623d398f256d74d5eb68c56bd368e4247e7dd45d7f5be286956283a34df7,0x95b564f3b3bae3f206aa418667ba000afafacc8a,0x2b3ad3c49cbc288999d6025216e347293d5f5a59,2504.8071128399997,,,,ATA,erc20,"{'value': '0x87c92e7e1753fb5000', 'address': '0xa2120b9e674d3fc3875f415a7df52e382f141225', 'decimal': '0x12'}",{'blockTimestamp': '2021-10-18T08:56:07.000Z'}
752,0xcd0a81,0x87242a6355da89c13fc573699edc4fc4d1cbd68e64129319d51af715d7901074:log:88,0x87242a6355da89c13fc573699edc4fc4d1cbd68e64129319d51af715d7901074,0x21a31ee1afc51d94c2efccaa2092ad1028285549,0x4dfbf190296ab6a11d26b51fc12d451d051faad9,7225.999999999999,,,,ATA,erc20,"{'value': '0x0187b8e50b02dca80000', 'address': '0xa2120b9e674d3fc3875f415a7df52e382f141225', 'decimal': '0x12'}",{'blockTimestamp': '2021-10-17T20:23:43.000Z'}
753,0xcd06ae,0x448fb6d20c09db48acd4458b3e5048d6037d6f9243d39b19e36790069a9ecfef:log:50,0x448fb6d20c09db48acd4458b3e5048d6037d6f9243d39b19e36790069a9ecfef,0x28c6c06298d514db089934071355e5743bf21d60,0xfbf93b26ebd87b1dda3954a7918a8d5a69d15440,59.47173666,,,,ATA,erc20,"{'value': '0x0339560d65c2e04800', 'address': '0xa2120b9e674d3fc3875f415a7df52e382f141225', 'decimal': '0x12'}",{'blockTimestamp': '2021-10-17T16:49:36.000Z'}
754,0xcd05aa,0x4e5af48675598b924660c7ddf011c69f9834966da2c5da38a3340e352793256a:log:93,0x4e5af48675598b924660c7ddf011c69f9834966da2c5da38a3340e352793256a,0x95b564f3b3bae3f206aa418667ba000afafacc8a,0x29984d1f9055cafb02dcdd53c54b727902e44975,67766.78,,,,ATA,erc20,"{'value': '0x0e59a4fe46362de60000', 'address': '0xa2120b9e674d3fc3875f415a7df52e382f141225', 'decimal': '0x12'}",{'blockTimestamp': '2021-10-17T15:52:30.000Z'}
755,0xcd0491,0xb635b80302632e6f95b403269c186fae5df7d1e0bc2bf1d2d781b4cda4ff64fa:log:26,0xb635b80302632e6f95b403269c186fae5df7d1e0bc2bf1d2d781b4cda4ff64fa,0xdfd5293d8e347dfe59e90efd55b2956a1343963d,0x20e74b82e9c2b24063c516397cd1fc2eeeb17cc0,27213.6,,,,ATA,erc20,"{'value': '0x05c34090f82af2500000', 'address': '0xa2120b9e674d3fc3875f415a7df52e382f141225', 'decimal': '0x12'}",{'blockTimestamp': '2021-10-17T14:48:23.000Z'}
756,0xcd02be,0xcae027a52fde47f506ff6d8cc70eb41ee575bf2ac251127fa14d44371bde3532:log:19,0xcae027a52fde47f506ff6d8cc70eb41ee575bf2ac251127fa14d44371bde3532,0x21a31ee1afc51d94c2efccaa2092ad1028285549,0x95b564f3b3bae3f206aa418667ba000afafacc8a,68402.45,,,,ATA,erc20,"{'value': '0x0e7c1aafc749a2750000', 'address': '0xa2120b9e674d3fc3875f415a7df52e382f141225', 'decimal': '0x12'}",{'blockTimestamp': '2021-10-17T13:02:24.000Z'}
757,0xcd024c,0x9586936557ea81996eab5216b5332f17fc4b3457a52a60219fea1a81b30bf444:log:12,0x9586936557ea81996eab5216b5332f17fc4b3457a52a60219fea1a81b30bf444,0x28c6c06298d514db089934071355e5743bf21d60,0xbfbb6f16eb8480504503adbc7f09a52fa2783d71,36.937,,,,ATA,erc20,"{'value': '0x02009a95cca49a8000', 'address': '0xa2120b9e674d3fc3875f415a7df52e382f141225', 'decimal': '0x12'}",{'blockTimestamp': '2021-10-17T12:34:32.000Z'}
758,0xccfc2c,0xdf2b16bbc6e1323a519479b239171addb5055baa05c5b31712f0e879a804bed7:log:20,0xdf2b16bbc6e1323a519479b239171addb5055baa05c5b31712f0e879a804bed7,0xdfd5293d8e347dfe59e90efd55b2956a1343963d,0x20e74b82e9c2b24063c516397cd1fc2eeeb17cc0,26423.600000000002,,,,ATA,erc20,"{'value': '0x05986d1d29c463b80000', 'address': '0xa2120b9e674d3fc3875f415a7df52e382f141225', 'decimal': '0x12'}",{'blockTimestamp': '2021-10-17T06:43:30.000Z'}
759,0xccf5d8,0xc8f28a00771ed5aefe64896fbc0cd2f48194a08602faa7c64e18c96e64311da6:log:77,0xc8f28a00771ed5aefe64896fbc0cd2f48194a08602faa7c64e18c96e64311da6,0x6767526a362ec6c6b1df185478e4f01506b73ff3,0x28c6c06298d514db089934071355e5743bf21d60,64863.0,,,,ATA,erc20,"{'value': '0x0dbc3af35918f21c0000', 'address': '0xa2120b9e674d3fc3875f415a7df52e382f141225', 'decimal': '0x12'}",{'blockTimestamp': '2021-10-17T00:30:04.000Z'}
760,0xccf429,0x59a01b6244aff2d12d4b48ad6754172a94d4ea400519e41c4ef96f00b0ff09e9:log:40,0x59a01b6244aff2d12d4b48ad6754172a94d4ea400519e41c4ef96f00b0ff09e9,0x3c02290922a3618a4646e3bbca65853ea45fe7c6,0x6767526a362ec6c6b1df185478e4f01506b73ff3,64863.0,,,,ATA,erc20,"{'value': '0x0dbc3af35918f21c0000', 'address': '0xa2120b9e674d3fc3875f415a7df52e382f141225', 'decimal': '0x12'}",{'blockTimestamp': '2021-10-16T22:51:52.000Z'}
761,0xccf416,0x8efc4b7793ff2ff066fe78099e06027886121d273989e4b389796826b0e87f7d:log:46,0x8efc4b7793ff2ff066fe78099e06027886121d273989e4b389796826b0e87f7d,0x91dca37856240e5e1906222ec79278b16420dc92,0x3c02290922a3618a4646e3bbca65853ea45fe7c6,64787.0,,,,ATA,erc20,"{'value': '0x0db81c3d1bc3406c0000', 'address': '0xa2120b9e674d3fc3875f415a7df52e382f141225', 'decimal': '0x12'}",{'blockTimestamp': '2021-10-16T22:47:26.000Z'}
762,0xccf2ac,0x54965a601ff910904d08335fe552de20d4b7f070a4221ce35380f8d5904cf41e:log:53,0x54965a601ff910904d08335fe552de20d4b7f070a4221ce35380f8d5904cf41e,0x977ab23ac96696585cf6a6bd0babe9687e9540a0,0x28c6c06298d514db089934071355e5743bf21d60,7238.000000000001,,,,ATA,erc20,"{'value': '0x01885f6d9b6eb5580000', 'address': '0xa2120b9e674d3fc3875f415a7df52e382f141225', 'decimal': '0x12'}",{'blockTimestamp': '2021-10-16T21:30:22.000Z'}
763,0xccf296,0x9261fcf4bceec21b6c2fb52fb2eb5ed4abcb4ead44f9909c44bd0b4872ebdc72:log:25,0x9261fcf4bceec21b6c2fb52fb2eb5ed4abcb4ead44f9909c44bd0b4872ebdc72,0x3c02290922a3618a4646e3bbca65853ea45fe7c6,0x977ab23ac96696585cf6a6bd0babe9687e9540a0,7238.000000000001,,,,ATA,erc20,"{'value': '0x01885f6d9b6eb5580000', 'address': '0xa2120b9e674d3fc3875f415a7df52e382f141225', 'decimal': '0x12'}",{'blockTimestamp': '2021-10-16T21:25:46.000Z'}
764,0xccef91,0xb214f4a2180d337509080834836c7ed79b20b9ae271268f76892ec40d0949fe4:log:261,0xb214f4a2180d337509080834836c7ed79b20b9ae271268f76892ec40d0949fe4,0x9d68c9dfbeca4a0d2a35365f01b90e8626af4417,0x00b9e69051e0b5787b8d2a9a0308e415294e6b8a,107999.28779999999,,,,ATA,erc20,"{'value': '0x16dea733115982778000', 'address': '0xa2120b9e674d3fc3875f415a7df52e382f141225', 'decimal': '0x12'}",{'blockTimestamp': '2021-10-16T18:36:33.000Z'}
765,0xcceb3e,0x100642dd4b162bb7946af18cd48bce2690fbb5996dfc1dac037b0dd83ec6598e:log:38,0x100642dd4b162bb7946af18cd48bce2690fbb5996dfc1dac037b0dd83ec6598e,0x0d0707963952f2fba59dd06f2b425ace40b492fe,0xc82ba9ec8ff9e93bf27d4d385e96d295adf93146,484.851138,,,,ATA,erc20,"{'value': '0x1a48a94528d9e62000', 'address': '0xa2120b9e674d3fc3875f415a7df52e382f141225', 'decimal': '0x12'}",{'blockTimestamp': '2021-10-16T14:27:38.000Z'}
766,0xcce763,0xc68e31605d21e4635b1a3c447edef9ace4729743333e47cb14bf367e09687e5c:log:90,0xc68e31605d21e4635b1a3c447edef9ace4729743333e47cb14bf367e09687e5c,0xb709e5ad2905ec2e44418267ec76c5e1b7015df1,0xd9cdca037d0d73c980a90685c14bcf303c9d9591,57.927,,,,ATA,erc20,"{'value': '0x0323e60b96f00d8000', 'address': '0xa2120b9e674d3fc3875f415a7df52e382f141225', 'decimal': '0x12'}",{'blockTimestamp': '2021-10-16T10:50:29.000Z'}
767,0xcce5fc,0xde1984ff175881c1b4aad63ecaf21268e584756780a72fc24ddc3a93a4b0d78f:log:5,0xde1984ff175881c1b4aad63ecaf21268e584756780a72fc24ddc3a93a4b0d78f,0x29984d1f9055cafb02dcdd53c54b727902e44975,0x28c6c06298d514db089934071355e5743bf21d60,148877.93,,,,ATA,erc20,"{'value': '0x1f86b05261ebbf310000', 'address': '0xa2120b9e674d3fc3875f415a7df52e382f141225', 'decimal': '0x12'}",{'blockTimestamp': '2021-10-16T09:30:13.000Z'}
768,0xcce16e,0x4824bb45bc4eac1fb3d97c3de88d3aa6e0f122ca0fae6746e14601a76f95eb89:log:55,0x4824bb45bc4eac1fb3d97c3de88d3aa6e0f122ca0fae6746e14601a76f95eb89,0x21a31ee1afc51d94c2efccaa2092ad1028285549,0x047096961edd5cdb887e63637027c817ae4c5eb5,2779.269,,,,ATA,erc20,"{'value': '0x96aa1afe4d3f208000', 'address': '0xa2120b9e674d3fc3875f415a7df52e382f141225', 'decimal': '0x12'}",{'blockTimestamp': '2021-10-16T05:07:44.000Z'}
769,0xccdfe8,0x78158d3ff1868aceaac7e50a74f01a748fc4df763dcdc946276894ef6a295006:log:269,0x78158d3ff1868aceaac7e50a74f01a748fc4df763dcdc946276894ef6a295006,0x20e74b82e9c2b24063c516397cd1fc2eeeb17cc0,0x3c02290922a3618a4646e3bbca65853ea45fe7c6,27269.0,,,,ATA,erc20,"{'value': '0x05c641654ea55ef40000', 'address': '0xa2120b9e674d3fc3875f415a7df52e382f141225', 'decimal': '0x12'}",{'blockTimestamp': '2021-10-16T03:36:25.000Z'}
770,0xccdde2,0xec851cfde15e157fc2fc5a1e7fc9f37f0d68f3c7ffe42a43d692be264945ff1c:log:9,0xec851cfde15e157fc2fc5a1e7fc9f37f0d68f3c7ffe42a43d692be264945ff1c,0x95b564f3b3bae3f206aa418667ba000afafacc8a,0x29984d1f9055cafb02dcdd53c54b727902e44975,71674.14,,,,ATA,erc20,"{'value': '0x0f2d7681982190360000', 'address': '0xa2120b9e674d3fc3875f415a7df52e382f141225', 'decimal': '0x12'}",{'blockTimestamp': '2021-10-16T01:41:53.000Z'}
771,0xccd8b2,0x715ab6f5fd9854ecde2cbf295975bb3e82f9efc43de68828419527155e5bdd21:log:31,0x715ab6f5fd9854ecde2cbf295975bb3e82f9efc43de68828419527155e5bdd21,0x28c6c06298d514db089934071355e5743bf21d60,0xd0271a9f8470b3b25488312e170162eedde39897,1167.718,,,,ATA,erc20,"{'value': '0x3f4d57b62a35970000', 'address': '0xa2120b9e674d3fc3875f415a7df52e382f141225', 'decimal': '0x12'}",{'blockTimestamp': '2021-10-15T20:40:31.000Z'}
772,0xccd6fb,0xe5b7145caa2484f5f31ef454d8ce4c6c6a679f0df4b7ce3cb81e8e0af98e2fb2:log:10,0xe5b7145caa2484f5f31ef454d8ce4c6c6a679f0df4b7ce3cb81e8e0af98e2fb2,0xdfd5293d8e347dfe59e90efd55b2956a1343963d,0xa57aa0ca3f72708a18ea15cec6fde40538edc03f,1467.5000000000002,,,,ATA,erc20,"{'value': '0x4f8da752da0dbe0000', 'address': '0xa2120b9e674d3fc3875f415a7df52e382f141225', 'decimal': '0x12'}",{'blockTimestamp': '2021-10-15T18:59:48.000Z'}
773,0xccd4a5,0x35cc684bb8d005ea2a2b045286b3ad8b6754601b85553dc2079ac0e989cb7f93:log:173,0x35cc684bb8d005ea2a2b045286b3ad8b6754601b85553dc2079ac0e989cb7f93,0x21a31ee1afc51d94c2efccaa2092ad1028285549,0x95b564f3b3bae3f206aa418667ba000afafacc8a,89255.63,,,,ATA,erc20,"{'value': '0x12e68eb19c67a2bb0000', 'address': '0xa2120b9e674d3fc3875f415a7df52e382f141225', 'decimal': '0x12'}",{'blockTimestamp': '2021-10-15T16:41:20.000Z'}
774,0xccd260,0x81edb0052417e41080f5a092064e7972edbec7699f1b369d6ffcd7eee0d8aa75:log:132,0x81edb0052417e41080f5a092064e7972edbec7699f1b369d6ffcd7eee0d8aa75,0x6767526a362ec6c6b1df185478e4f01506b73ff3,0x28c6c06298d514db089934071355e5743bf21d60,35499.0,,,,ATA,erc20,"{'value': '0x07846796e23cb7cc0000', 'address': '0xa2120b9e674d3fc3875f415a7df52e382f141225', 'decimal': '0x12'}",{'blockTimestamp': '2021-10-15T14:30:03.000Z'}
775,0xccd1c4,0xffd01da2cf1bd81318d38f48a279a657b6ba7c2497cff6f987d21a0f80bcabd9:log:102,0xffd01da2cf1bd81318d38f48a279a657b6ba7c2497cff6f987d21a0f80bcabd9,0x95b564f3b3bae3f206aa418667ba000afafacc8a,0x29984d1f9055cafb02dcdd53c54b727902e44975,77203.79,,,,ATA,erc20,"{'value': '0x105939d0c9ca2efb0000', 'address': '0xa2120b9e674d3fc3875f415a7df52e382f141225', 'decimal': '0x12'}",{'blockTimestamp': '2021-10-15T13:57:05.000Z'}
776,0xcccff9,0xb8db4e6c2ee21d058004d2e353b15d8e10290463e5aa5fe71b2dc066e91e796e:log:533,0xb8db4e6c2ee21d058004d2e353b15d8e10290463e5aa5fe71b2dc066e91e796e,0x04a72e250a95367987189be4138c06d8cd26c210,0x72550a5e445977fb9ce3378fc75ffea0c66c4d36,2547.0000000000005,,,,ATA,erc20,"{'value': '0x8a12b9bd6a67ec0000', 'address': '0xa2120b9e674d3fc3875f415a7df52e382f141225', 'decimal': '0x12'}",{'blockTimestamp': '2021-10-15T12:15:46.000Z'}
777,0xcccfe7,0x5cb51ebceef3b3bbaac4a747ad7dc91551151d7c12ec8f63ea5726e4fbf1789f:log:42,0x5cb51ebceef3b3bbaac4a747ad7dc91551151d7c12ec8f63ea5726e4fbf1789f,0x28c6c06298d514db089934071355e5743bf21d60,0x95b564f3b3bae3f206aa418667ba000afafacc8a,78539.19,,,,ATA,erc20,"{'value': '0x10a19e36a2898f9f0000', 'address': '0xa2120b9e674d3fc3875f415a7df52e382f141225', 'decimal': '0x12'}",{'blockTimestamp': '2021-10-15T12:11:52.000Z'}
778,0xcccf07,0x9892dc6a5c558c4d2c5fc78be27340acd76ce4a2b2044fcb6a5d07526271a7c0:log:8,0x9892dc6a5c558c4d2c5fc78be27340acd76ce4a2b2044fcb6a5d07526271a7c0,0x3c02290922a3618a4646e3bbca65853ea45fe7c6,0x6767526a362ec6c6b1df185478e4f01506b73ff3,35499.0,,,,ATA,erc20,"{'value': '0x07846796e23cb7cc0000', 'address': '0xa2120b9e674d3fc3875f415a7df52e382f141225', 'decimal': '0x12'}",{'blockTimestamp': '2021-10-15T11:22:28.000Z'}
779,0xcccb03,0x372665c96ae05ddc923385e79f74bab1972e0dffc95004dbe4bc11d48f589d8c:log:101,0x372665c96ae05ddc923385e79f74bab1972e0dffc95004dbe4bc11d48f589d8c,0x05cd20a9ccde7ad80a52887dc372bb9ade029c5c,0x28c6c06298d514db089934071355e5743bf21d60,1057.3596,,,,ATA,erc20,"{'value': '0x3951cfea11991f0000', 'address': '0xa2120b9e674d3fc3875f415a7df52e382f141225', 'decimal': '0x12'}",{'blockTimestamp': '2021-10-15T07:30:57.000Z'}
780,0xccca68,0x6803706f64b9fc6ff9e46bf000506dc4b82ddfdbfa726e4737daa0f3dfe0e3ce:log:285,0x6803706f64b9fc6ff9e46bf000506dc4b82ddfdbfa726e4737daa0f3dfe0e3ce,0x45fbd3c64ee41853a50d4aaea662e33a27d2dc04,0x05cd20a9ccde7ad80a52887dc372bb9ade029c5c,1057.3596,,,,ATA,erc20,"{'value': '0x3951cfea11991f0000', 'address': '0xa2120b9e674d3fc3875f415a7df52e382f141225', 'decimal': '0x12'}",{'blockTimestamp': '2021-10-15T07:00:26.000Z'}
781,0xccc74e,0xdc4a8722d4bb660a7a160c5d543125ca23e9ae41cc80cdaa5e707d369a413003:log:55,0xdc4a8722d4bb660a7a160c5d543125ca23e9ae41cc80cdaa5e707d369a413003,0xdfd5293d8e347dfe59e90efd55b2956a1343963d,0x20e74b82e9c2b24063c516397cd1fc2eeeb17cc0,27269.0,,,,ATA,erc20,"{'value': '0x05c641654ea55ef40000', 'address': '0xa2120b9e674d3fc3875f415a7df52e382f141225', 'decimal': '0x12'}",{'blockTimestamp': '2021-10-15T03:49:53.000Z'}
782,0xccc4e6,0x819c9adfde162735870f78614af96e86c9bf98d8d7bd007fe6dd5cbed8ee05a9:log:35,0x819c9adfde162735870f78614af96e86c9bf98d8d7bd007fe6dd5cbed8ee05a9,0x21a31ee1afc51d94c2efccaa2092ad1028285549,0xa9ee31da25c0fa348e6ec9d45b933051c2212c22,195.133,,,,ATA,erc20,"{'value': '0x0a9403ada41c4c8000', 'address': '0xa2120b9e674d3fc3875f415a7df52e382f141225', 'decimal': '0x12'}",{'blockTimestamp': '2021-10-15T01:32:01.000Z'}
783,0xccbd86,0x2f9c9ef0e988467b112c3600b17c75495312e524d577554228e6868149dd56d1:log:95,0x2f9c9ef0e988467b112c3600b17c75495312e524d577554228e6868149dd56d1,0x28c6c06298d514db089934071355e5743bf21d60,0xeebaa23cf7ca95d1fcb0d531fd70c285900d270e,733.536,,,,ATA,erc20,"{'value': '0x27c3db618f48f00000', 'address': '0xa2120b9e674d3fc3875f415a7df52e382f141225', 'decimal': '0x12'}",{'blockTimestamp': '2021-10-14T18:17:30.000Z'}
784,0xccbd6a,0xae1114aaffa893abc8b0137ac283845a5a1c2d94b0364569eda3f2503a51f3dc:log:11,0xae1114aaffa893abc8b0137ac283845a5a1c2d94b0364569eda3f2503a51f3dc,0xdfd5293d8e347dfe59e90efd55b2956a1343963d,0x7c8c378f44be581e9fdccc3b836389be98b1ff2c,1216.0,,,,ATA,erc20,"{'value': '0x41eb63d55b1b000000', 'address': '0xa2120b9e674d3fc3875f415a7df52e382f141225', 'decimal': '0x12'}",{'blockTimestamp': '2021-10-14T18:08:57.000Z'}
785,0xccbc25,0xc0922169952471554b690b1b0318bc75f8b67ab049aa5a678db6c076cca228f3:log:43,0xc0922169952471554b690b1b0318bc75f8b67ab049aa5a678db6c076cca228f3,0x21a31ee1afc51d94c2efccaa2092ad1028285549,0xfd87c17b3fa2ca7d6b53773e398dcd452f35676b,71.0,,,,ATA,erc20,"{'value': '0x03d952abd36cbc0000', 'address': '0xa2120b9e674d3fc3875f415a7df52e382f141225', 'decimal': '0x12'}",{'blockTimestamp': '2021-10-14T16:51:31.000Z'}
786,0xccbb79,0x308d54b25102c9049f5d21984a060d2922603c5c881ded80596fc70f014b8e53:log:61,0x308d54b25102c9049f5d21984a060d2922603c5c881ded80596fc70f014b8e53,0x28c6c06298d514db089934071355e5743bf21d60,0x639c82ab289130ac70f6f86d13f66d5dfd296be0,101.17492693999999,,,,ATA,erc20,"{'value': '0x057c158c0112cc9800', 'address': '0xa2120b9e674d3fc3875f415a7df52e382f141225', 'decimal': '0x12'}",{'blockTimestamp': '2021-10-14T16:12:50.000Z'}
787,0xccbb46,0x9d46df7b9032917c9e9e37ff45c5a060aa80902cce055df3fb625f907b247488:log:224,0x9d46df7b9032917c9e9e37ff45c5a060aa80902cce055df3fb625f907b247488,0x29984d1f9055cafb02dcdd53c54b727902e44975,0x28c6c06298d514db089934071355e5743bf21d60,73390.58,,,,ATA,erc20,"{'value': '0x0f8a82e5760acfb20000', 'address': '0xa2120b9e674d3fc3875f415a7df52e382f141225', 'decimal': '0x12'}",{'blockTimestamp': '2021-10-14T16:00:21.000Z'}
788,0xccba4a,0x86aea87e9a674187107babf6efaa385deac88021385a2d5f323e1ece4f15f27b:log:85,0x86aea87e9a674187107babf6efaa385deac88021385a2d5f323e1ece4f15f27b,0x95b564f3b3bae3f206aa418667ba000afafacc8a,0x29984d1f9055cafb02dcdd53c54b727902e44975,73390.58,,,,ATA,erc20,"{'value': '0x0f8a82e5760acfb20000', 'address': '0xa2120b9e674d3fc3875f415a7df52e382f141225', 'decimal': '0x12'}",{'blockTimestamp': '2021-10-14T15:09:46.000Z'}
789,0xccba22,0xf00e45890e1194120067380a82354a3ad3d53ecc1058ce05686d756ff9e5ee93:log:356,0xf00e45890e1194120067380a82354a3ad3d53ecc1058ce05686d756ff9e5ee93,0x6767526a362ec6c6b1df185478e4f01506b73ff3,0x28c6c06298d514db089934071355e5743bf21d60,35905.0,,,,ATA,erc20,"{'value': '0x079a69f8a32830640000', 'address': '0xa2120b9e674d3fc3875f415a7df52e382f141225', 'decimal': '0x12'}",{'blockTimestamp': '2021-10-14T14:59:34.000Z'}
790,0xccb976,0x47a7b430923689b13b102f8dad7a2a4064fffd0ad62d71095771d92daf3cc93e:log:141,0x47a7b430923689b13b102f8dad7a2a4064fffd0ad62d71095771d92daf3cc93e,0x3c02290922a3618a4646e3bbca65853ea45fe7c6,0x6767526a362ec6c6b1df185478e4f01506b73ff3,35905.0,,,,ATA,erc20,"{'value': '0x079a69f8a32830640000', 'address': '0xa2120b9e674d3fc3875f415a7df52e382f141225', 'decimal': '0x12'}",{'blockTimestamp': '2021-10-14T14:22:04.000Z'}
791,0xccb4c7,0xaa8e0d281269bf573ebcdb7b8da2867bf6d4deecf80fcb86aa4fdc4a7d8c94b0:log:39,0xaa8e0d281269bf573ebcdb7b8da2867bf6d4deecf80fcb86aa4fdc4a7d8c94b0,0xdfd5293d8e347dfe59e90efd55b2956a1343963d,0xca8aea1f13c55b921d30daa5d905b9432397729c,81.695,,,,ATA,erc20,"{'value': '0x046dbef1a94d898000', 'address': '0xa2120b9e674d3fc3875f415a7df52e382f141225', 'decimal': '0x12'}",{'blockTimestamp': '2021-10-14T09:46:59.000Z'}
792,0xccb1d4,0x524ffaebce015910a8e95b5bb0eb7db2ea5307803456e71cef58193e1062e71a:log:36,0x524ffaebce015910a8e95b5bb0eb7db2ea5307803456e71cef58193e1062e71a,0x21a31ee1afc51d94c2efccaa2092ad1028285549,0x95b564f3b3bae3f206aa418667ba000afafacc8a,72865.43000000001,,,,ATA,erc20,"{'value': '0x0f6e0af9df67fb4f0000', 'address': '0xa2120b9e674d3fc3875f415a7df52e382f141225', 'decimal': '0x12'}",{'blockTimestamp': '2021-10-14T06:56:36.000Z'}
793,0xccb13c,0x27692e02598acce729abcb979d1dc1664c75c71371fe07148de317f3ba3a94fc:log:218,0x27692e02598acce729abcb979d1dc1664c75c71371fe07148de317f3ba3a94fc,0x8804d9d41ad8565f9705e254d2260c40b4ce1653,0xc25c8db09686c66cb16e55e5f36687ac68d8e50c,192.781,,,,ATA,erc20,"{'value': '0x0a735fb21a3c948000', 'address': '0xa2120b9e674d3fc3875f415a7df52e382f141225', 'decimal': '0x12'}",{'blockTimestamp': '2021-10-14T06:22:07.000Z'}
794,0xccb0db,0x3592721e01609a394fdc10e2f05136944d8b2ef1a3392562885602e376cb2e3d:log:114,0x3592721e01609a394fdc10e2f05136944d8b2ef1a3392562885602e376cb2e3d,0x6767526a362ec6c6b1df185478e4f01506b73ff3,0x28c6c06298d514db089934071355e5743bf21d60,35647.0,,,,ATA,erc20,"{'value': '0x078c6d8082197d9c0000', 'address': '0xa2120b9e674d3fc3875f415a7df52e382f141225', 'decimal': '0x12'}",{'blockTimestamp': '2021-10-14T05:59:43.000Z'}
795,0xccb0a1,0xdf00b5445bbb70d44bf099376f4ddd5709509cb52fd5bddefa9a2fe74b59b065:log:344,0xdf00b5445bbb70d44bf099376f4ddd5709509cb52fd5bddefa9a2fe74b59b065,0x3c02290922a3618a4646e3bbca65853ea45fe7c6,0x6767526a362ec6c6b1df185478e4f01506b73ff3,35647.0,,,,ATA,erc20,"{'value': '0x078c6d8082197d9c0000', 'address': '0xa2120b9e674d3fc3875f415a7df52e382f141225', 'decimal': '0x12'}",{'blockTimestamp': '2021-10-14T05:47:18.000Z'}
796,0xcca1dd,0x5fcf984c22fec939b56fb889614708928e68fb62f7ae134acd3d0a8618335b0a:log:211,0x5fcf984c22fec939b56fb889614708928e68fb62f7ae134acd3d0a8618335b0a,0xaff075b35d8fd27626a94762aef4bd868e6303a8,0x28c6c06298d514db089934071355e5743bf21d60,2141.992781,,,,ATA,erc20,"{'value': '0x741e1f0d8e2c15d000', 'address': '0xa2120b9e674d3fc3875f415a7df52e382f141225', 'decimal': '0x12'}",{'blockTimestamp': '2021-10-13T15:29:55.000Z'}
797,0xcca11f,0x6abe42d922d3182136606da2d23190a04d285c1a3f5f961bf34fb565650fd8e9:log:83,0x6abe42d922d3182136606da2d23190a04d285c1a3f5f961bf34fb565650fd8e9,0x3c02290922a3618a4646e3bbca65853ea45fe7c6,0xaff075b35d8fd27626a94762aef4bd868e6303a8,2141.99278132,,,,ATA,erc20,"{'value': '0x741e1f0dd8ad925000', 'address': '0xa2120b9e674d3fc3875f415a7df52e382f141225', 'decimal': '0x12'}",{'blockTimestamp': '2021-10-13T14:47:12.000Z'}
798,0xcc9830,0x621c55400b53cf8cb447a429d955a65eb668e0876eea59af16e1c7319842ebfa:log:112,0x621c55400b53cf8cb447a429d955a65eb668e0876eea59af16e1c7319842ebfa,0x20e74b82e9c2b24063c516397cd1fc2eeeb17cc0,0x3c02290922a3618a4646e3bbca65853ea45fe7c6,52071.6,,,,ATA,erc20,"{'value': '0x0b06ce9d98d6d6780000', 'address': '0xa2120b9e674d3fc3875f415a7df52e382f141225', 'decimal': '0x12'}",{'blockTimestamp': '2021-10-13T05:53:20.000Z'}
799,0xcc896a,0x3ebe40292cbd8abf940b8ea12f16d6a62691292cc929398e9dc0a3dbe4adeb3f:log:356,0x3ebe40292cbd8abf940b8ea12f16d6a62691292cc929398e9dc0a3dbe4adeb3f,0xdcf028478d57e09302a5a89ca4f5f47230948b1e,0x6d7142ca7c87563147b9bac9659673cb777583df,5101.0,,,,ATA,erc20,"{'value': '0x0114869879be63940000', 'address': '0xa2120b9e674d3fc3875f415a7df52e382f141225', 'decimal': '0x12'}",{'blockTimestamp': '2021-10-12T15:47:02.000Z'}
800,0xcc8955,0xf23a8c3dd473c9019bef65fe6ae39d27ae0c00d15393103cf6f90c0c5f0a3a88:log:305,0xf23a8c3dd473c9019bef65fe6ae39d27ae0c00d15393103cf6f90c0c5f0a3a88,0xdcf028478d57e09302a5a89ca4f5f47230948b1e,0x6d7142ca7c87563147b9bac9659673cb777583df,50.0,,,,ATA,erc20,"{'value': '0x02b5e3af16b1880000', 'address': '0xa2120b9e674d3fc3875f415a7df52e382f141225', 'decimal': '0x12'}",{'blockTimestamp': '2021-10-12T15:41:55.000Z'}
801,0xcc883e,0x1771c45bda7b5bf9a911fa5eab27cc7ebfb760e9d54588d0aac5e68fb2786fba:log:34,0x1771c45bda7b5bf9a911fa5eab27cc7ebfb760e9d54588d0aac5e68fb2786fba,0x28c6c06298d514db089934071355e5743bf21d60,0x9d68c9dfbeca4a0d2a35365f01b90e8626af4417,107999.28779999999,,,,ATA,erc20,"{'value': '0x16dea733115982778000', 'address': '0xa2120b9e674d3fc3875f415a7df52e382f141225', 'decimal': '0x12'}",{'blockTimestamp': '2021-10-12T14:40:46.000Z'}
802,0xcc8247,0x1f8bfb7ae708161cb43c87ec511338231a34de38e660e1ad2946c232f5905881:log:12,0x1f8bfb7ae708161cb43c87ec511338231a34de38e660e1ad2946c232f5905881,0xdfd5293d8e347dfe59e90efd55b2956a1343963d,0x849e37c8711b198bd648b0ae2b31d42aa579107d,3162.314,,,,ATA,erc20,"{'value': '0xab6dec3457a4a10000', 'address': '0xa2120b9e674d3fc3875f415a7df52e382f141225', 'decimal': '0x12'}",{'blockTimestamp': '2021-10-12T08:57:39.000Z'}
803,0xcc8237,0x4642c1593fa1b0e665198b3dbde2558103faeeacefc6b163eb418248d390e7b7:log:101,0x4642c1593fa1b0e665198b3dbde2558103faeeacefc6b163eb418248d390e7b7,0x546a362e660aafef289a1d09e68587a92ba77b13,0x40ec5b33f54e0e8a33a975908c5ba1c14e5bbbdf,60000.0,,,,ATA,erc20,"{'value': '0x0cb49b44ba602d800000', 'address': '0xa2120b9e674d3fc3875f415a7df52e382f141225', 'decimal': '0x12'}",{'blockTimestamp': '2021-10-12T08:54:34.000Z'}
804,0xcc8218,0x76ea43c49417c98be13ea1800e70df89113adcaeed99d5738f2c0a4e25a07930:log:8,0x76ea43c49417c98be13ea1800e70df89113adcaeed99d5738f2c0a4e25a07930,0x21a31ee1afc51d94c2efccaa2092ad1028285549,0x546a362e660aafef289a1d09e68587a92ba77b13,55000.0,,,,ATA,erc20,"{'value': '0x0ba58e545582d4600000', 'address': '0xa2120b9e674d3fc3875f415a7df52e382f141225', 'decimal': '0x12'}",{'blockTimestamp': '2021-10-12T08:47:28.000Z'}
805,0xcc7e31,0x12a266be49e256e0c1a025a3f6109bfb9d80f896159ac958fc83ab34b047f40f:log:331,0x12a266be49e256e0c1a025a3f6109bfb9d80f896159ac958fc83ab34b047f40f,0x594d29fce68bdd38f54fde370508801094fe7afd,0x5654d65578cda52791879751141f2f3d7dc27fe4,417.552,,,,ATA,erc20,"{'value': '0x16a2b2b3b6f5e80000', 'address': '0xa2120b9e674d3fc3875f415a7df52e382f141225', 'decimal': '0x12'}",{'blockTimestamp': '2021-10-12T04:50:43.000Z'}
806,0xcc7e25,0x83180db4648839a224568aa11b52bb1df5821ba1b3917fb1c0204071e5f6dc40:log:7,0x83180db4648839a224568aa11b52bb1df5821ba1b3917fb1c0204071e5f6dc40,0x28c6c06298d514db089934071355e5743bf21d60,0x594d29fce68bdd38f54fde370508801094fe7afd,417.552,,,,ATA,erc20,"{'value': '0x16a2b2b3b6f5e80000', 'address': '0xa2120b9e674d3fc3875f415a7df52e382f141225', 'decimal': '0x12'}",{'blockTimestamp': '2021-10-12T04:48:32.000Z'}
807,0xcc7c90,0x270a9f8d800621bdd8241e32f33c9047c604eaf55baf62ff20eaefced0bbadfd:log:79,0x270a9f8d800621bdd8241e32f33c9047c604eaf55baf62ff20eaefced0bbadfd,0xdfd5293d8e347dfe59e90efd55b2956a1343963d,0x20e74b82e9c2b24063c516397cd1fc2eeeb17cc0,25999.96,,,,ATA,erc20,"{'value': '0x058175ed8a4edd3c0000', 'address': '0xa2120b9e674d3fc3875f415a7df52e382f141225', 'decimal': '0x12'}",{'blockTimestamp': '2021-10-12T03:10:22.000Z'}
808,0xcc7bdc,0xffe2a87e0f80117faf480216c39eb83af799d3f8926e5bc6b97d1dd081799642:log:317,0xffe2a87e0f80117faf480216c39eb83af799d3f8926e5bc6b97d1dd081799642,0x91fa0d861e9f2f73d38cdb433053e9343559e950,0x546a362e660aafef289a1d09e68587a92ba77b13,6672.951049335334,,,,ATA,erc20,"{'value': '0x0169bdcc788f82aa9990', 'address': '0xa2120b9e674d3fc3875f415a7df52e382f141225', 'decimal': '0x12'}",{'blockTimestamp': '2021-10-12T02:31:55.000Z'}
809,0xcc7baa,0x7d58811ffbf25b0934b9ba50b17a003880dc07be8a7e03871bc8960cecbed342:log:628,0x7d58811ffbf25b0934b9ba50b17a003880dc07be8a7e03871bc8960cecbed342,0x91fa0d861e9f2f73d38cdb433053e9343559e950,0x546a362e660aafef289a1d09e68587a92ba77b13,6631.999282698741,,,,ATA,erc20,"{'value': '0x0167857a91c6bfdee442', 'address': '0xa2120b9e674d3fc3875f415a7df52e382f141225', 'decimal': '0x12'}",{'blockTimestamp': '2021-10-12T02:18:56.000Z'}
810,0xcc7613,0xfcfe35e538115bf312f0294d3aa5a056145b8720a07cfb06f8f61f9113965729:log:164,0xfcfe35e538115bf312f0294d3aa5a056145b8720a07cfb06f8f61f9113965729,0x21a31ee1afc51d94c2efccaa2092ad1028285549,0x6c418bd1bc697693c2cb2cb0b46eb7a1449e83d8,80.891,,,,ATA,erc20,"{'value': '0x0462968febce1f8000', 'address': '0xa2120b9e674d3fc3875f415a7df52e382f141225', 'decimal': '0x12'}",{'blockTimestamp': '2021-10-11T21:03:52.000Z'}
811,0xcc6b51,0x0b8831b67cf11cb66fc34b7c049fc4cb71d43c5e0e005446d439f2eca3cb09c2:log:27,0x0b8831b67cf11cb66fc34b7c049fc4cb71d43c5e0e005446d439f2eca3cb09c2,0x28c6c06298d514db089934071355e5743bf21d60,0x20e74b82e9c2b24063c516397cd1fc2eeeb17cc0,26071.64,,,,ATA,erc20,"{'value': '0x058558b00e87f93c0000', 'address': '0xa2120b9e674d3fc3875f415a7df52e382f141225', 'decimal': '0x12'}",{'blockTimestamp': '2021-10-11T10:41:28.000Z'}
812,0xcc6a5a,0xef9dd4027ec1122fe5d545a421558ebcb5bce03db69c682aca1f641d78eee79f:log:126,0xef9dd4027ec1122fe5d545a421558ebcb5bce03db69c682aca1f641d78eee79f,0x3c02290922a3618a4646e3bbca65853ea45fe7c6,0xb7d6ffdfb3b3c52c505b59fe498a4f8dbf6c64f1,679.02085031,,,,ATA,erc20,"{'value': '0x24cf4ea9c0133dbc00', 'address': '0xa2120b9e674d3fc3875f415a7df52e382f141225', 'decimal': '0x12'}",{'blockTimestamp': '2021-10-11T09:42:19.000Z'}
813,0xcc67bc,0x0c25811d0e7f38938a592e9d1c945a67e7df753b08dcb5fe8c15e399c7727687:log:61,0x0c25811d0e7f38938a592e9d1c945a67e7df753b08dcb5fe8c15e399c7727687,0xdfd5293d8e347dfe59e90efd55b2956a1343963d,0x849e37c8711b198bd648b0ae2b31d42aa579107d,3122.0,,,,ATA,erc20,"{'value': '0xa93e741aef61880000', 'address': '0xa2120b9e674d3fc3875f415a7df52e382f141225', 'decimal': '0x12'}",{'blockTimestamp': '2021-10-11T07:09:33.000Z'}
814,0xcc6488,0x2efb2213b33f62feb12585b5a307bd72951d02a7c18aeb11e31afd3f8c99a6ea:log:6,0x2efb2213b33f62feb12585b5a307bd72951d02a7c18aeb11e31afd3f8c99a6ea,0x21a31ee1afc51d94c2efccaa2092ad1028285549,0x047096961edd5cdb887e63637027c817ae4c5eb5,3042.0,,,,ATA,erc20,"{'value': '0xa4e83b02cb12480000', 'address': '0xa2120b9e674d3fc3875f415a7df52e382f141225', 'decimal': '0x12'}",{'blockTimestamp': '2021-10-11T04:03:51.000Z'}
815,0xcc63a4,0xbad3c4efba936a20f66e7b87a3955293f6096eda6593e4be3dfa9ae7f67e04b4:log:16,0xbad3c4efba936a20f66e7b87a3955293f6096eda6593e4be3dfa9ae7f67e04b4,0x28c6c06298d514db089934071355e5743bf21d60,0x75120f534188f641ea262ae0a5b9b36efe91f2e9,249.987,,,,ATA,erc20,"{'value': '0x0d8d443c0319938000', 'address': '0xa2120b9e674d3fc3875f415a7df52e382f141225', 'decimal': '0x12'}",{'blockTimestamp': '2021-10-11T03:09:43.000Z'}
816,0xcc617d,0x1b200cfab5772e78ea0998e99694856308cd843fade12765303c6985bffb3b25:log:54,0x1b200cfab5772e78ea0998e99694856308cd843fade12765303c6985bffb3b25,0xdfd5293d8e347dfe59e90efd55b2956a1343963d,0xf1127d90f1022881c147a78289b8ba32b15d05c4,2500.0,,,,ATA,erc20,"{'value': '0x878678326eac900000', 'address': '0xa2120b9e674d3fc3875f415a7df52e382f141225', 'decimal': '0x12'}",{'blockTimestamp': '2021-10-11T01:11:32.000Z'}
817,0xcc57de,0x37e8d2e82f4037a177972903ac4031d00961d9f6861ca7acabe8263e11914ed5:log:79,0x37e8d2e82f4037a177972903ac4031d00961d9f6861ca7acabe8263e11914ed5,0x45e77e8545365c989e20cfb94272ff09bfdfe909,0x28c6c06298d514db089934071355e5743bf21d60,1559.413,,,,ATA,erc20,"{'value': '0x548933e56036388000', 'address': '0xa2120b9e674d3fc3875f415a7df52e382f141225', 'decimal': '0x12'}",{'blockTimestamp': '2021-10-10T15:59:50.000Z'}
818,0xcc5762,0xfc5edf2b87121cf13b1618ed3df9b65b70de708c342f99f08b2dbf375a93ebba:log:509,0xfc5edf2b87121cf13b1618ed3df9b65b70de708c342f99f08b2dbf375a93ebba,0xae639739d1981097de50cb4f23a6bd4d31e30228,0x45e77e8545365c989e20cfb94272ff09bfdfe909,1559.413,,,,ATA,erc20,"{'value': '0x548933e56036388000', 'address': '0xa2120b9e674d3fc3875f415a7df52e382f141225', 'decimal': '0x12'}",{'blockTimestamp': '2021-10-10T15:30:37.000Z'}
819,0xcc55aa,0x736f5a1ecf51c6e55d5f15702e4751cb2307fa0784ea4d2a35be56cc342d2c89:log:15,0x736f5a1ecf51c6e55d5f15702e4751cb2307fa0784ea4d2a35be56cc342d2c89,0x6767526a362ec6c6b1df185478e4f01506b73ff3,0x28c6c06298d514db089934071355e5743bf21d60,38638.0,,,,ATA,erc20,"{'value': '0x082e91f71f1a36f80000', 'address': '0xa2120b9e674d3fc3875f415a7df52e382f141225', 'decimal': '0x12'}",{'blockTimestamp': '2021-10-10T13:59:59.000Z'}
820,0xcc53ea,0xd17bf7176be28998fe0866170b8159266dcd3041439b67aa2bcdc28231d638a2:log:1,0xd17bf7176be28998fe0866170b8159266dcd3041439b67aa2bcdc28231d638a2,0x3c02290922a3618a4646e3bbca65853ea45fe7c6,0x6767526a362ec6c6b1df185478e4f01506b73ff3,38638.0,,,,ATA,erc20,"{'value': '0x082e91f71f1a36f80000', 'address': '0xa2120b9e674d3fc3875f415a7df52e382f141225', 'decimal': '0x12'}",{'blockTimestamp': '2021-10-10T12:12:57.000Z'}
821,0xcc4f88,0x82a84210ea7e7a7a6f124e49b8711a0182800c2870e64d3e989945070e655df7:log:189,0x82a84210ea7e7a7a6f124e49b8711a0182800c2870e64d3e989945070e655df7,0x8f40982df850951bc7a79308ffec05201d080e04,0x36f17795b6fb7a37b3367aaf8f5093fe1367bf28,1023.933,,,,ATA,erc20,"{'value': '0x3781ecc678700c8000', 'address': '0xa2120b9e674d3fc3875f415a7df52e382f141225', 'decimal': '0x12'}",{'blockTimestamp': '2021-10-10T07:55:11.000Z'}
822,0xcc3f62,0x13c1ff602f7093c913e6f4bbc93b0b081a3c895805845d8773bab15ba51056a9:log:242,0x13c1ff602f7093c913e6f4bbc93b0b081a3c895805845d8773bab15ba51056a9,0xd0e2eb2f77cefcd00ee3ca1312b215a70a0edde2,0xadf460c87da41952e471af53c2b557e7f04b1f14,336.289,,,,ATA,erc20,"{'value': '0x123af287c3b7568000', 'address': '0xa2120b9e674d3fc3875f415a7df52e382f141225', 'decimal': '0x12'}",{'blockTimestamp': '2021-10-09T16:19:59.000Z'}
823,0xcc3a88,0x1c3bd1c5d50cdd61d3e1a15f1e8e1ef75e0706eee6531e6f4e0d0487d27f1cb9:log:242,0x1c3bd1c5d50cdd61d3e1a15f1e8e1ef75e0706eee6531e6f4e0d0487d27f1cb9,0x91dca37856240e5e1906222ec79278b16420dc92,0x3c02290922a3618a4646e3bbca65853ea45fe7c6,99999.99999999999,,,,ATA,erc20,"{'value': '0x152d02c7e14af6800000', 'address': '0xa2120b9e674d3fc3875f415a7df52e382f141225', 'decimal': '0x12'}",{'blockTimestamp': '2021-10-09T11:39:50.000Z'}
824,0xcc36e8,0x85ee8dfdfa3fd889613a329fc3f59213281824a0f86f94ba259e75178ef7fef4:log:8,0x85ee8dfdfa3fd889613a329fc3f59213281824a0f86f94ba259e75178ef7fef4,0x21a31ee1afc51d94c2efccaa2092ad1028285549,0x849e37c8711b198bd648b0ae2b31d42aa579107d,3142.0,,,,ATA,erc20,"{'value': '0xaa540260f875580000', 'address': '0xa2120b9e674d3fc3875f415a7df52e382f141225', 'decimal': '0x12'}",{'blockTimestamp': '2021-10-09T08:13:29.000Z'}
825,0xcc2e96,0x682e082f7c78d3bc27860741e781b081b58040ce2bcf0f654cb5c9ef1a64df05:log:121,0x682e082f7c78d3bc27860741e781b081b58040ce2bcf0f654cb5c9ef1a64df05,0x6767526a362ec6c6b1df185478e4f01506b73ff3,0x28c6c06298d514db089934071355e5743bf21d60,35255.0,,,,ATA,erc20,"{'value': '0x07772d68bf012c7c0000', 'address': '0xa2120b9e674d3fc3875f415a7df52e382f141225', 'decimal': '0x12'}",{'blockTimestamp': '2021-10-08T23:59:53.000Z'}
826,0xcc2d3c,0xf21d43055399b2f64db7e7cf2933bf39a6729bdfdf92c6ef0d2d610feb95b478:log:81,0xf21d43055399b2f64db7e7cf2933bf39a6729bdfdf92c6ef0d2d610feb95b478,0x3c02290922a3618a4646e3bbca65853ea45fe7c6,0x6767526a362ec6c6b1df185478e4f01506b73ff3,35255.0,,,,ATA,erc20,"{'value': '0x07772d68bf012c7c0000', 'address': '0xa2120b9e674d3fc3875f415a7df52e382f141225', 'decimal': '0x12'}",{'blockTimestamp': '2021-10-08T22:41:34.000Z'}
827,0xcc2689,0x6886f7984fefc766e5d89990dcc1d84b6c2769d0edf426f38c25a87d25deca9d:log:16,0x6886f7984fefc766e5d89990dcc1d84b6c2769d0edf426f38c25a87d25deca9d,0x28c6c06298d514db089934071355e5743bf21d60,0xbb5b5562601c9a36e245d0e43929045177946515,756.215,,,,ATA,erc20,"{'value': '0x28fe975fe6b6058000', 'address': '0xa2120b9e674d3fc3875f415a7df52e382f141225', 'decimal': '0x12'}",{'blockTimestamp': '2021-10-08T16:19:18.000Z'}
828,0xcc25d1,0x39379ef227a30f143f426d067325dc44f033a4454c39a7e98cd342fd5f542f8f:log:13,0x39379ef227a30f143f426d067325dc44f033a4454c39a7e98cd342fd5f542f8f,0x79dd8b50dde84ac43fd05a7aa72637bf9a47f19b,0x28c6c06298d514db089934071355e5743bf21d60,2593.744,,,,ATA,erc20,"{'value': '0x8c9b6dc9c15cc80000', 'address': '0xa2120b9e674d3fc3875f415a7df52e382f141225', 'decimal': '0x12'}",{'blockTimestamp': '2021-10-08T15:31:53.000Z'}
829,0xcc250a,0x9a7144f98b97b241f8fd250b8109a9df4e8923ec75a30126d1d11a9d8d3970ac:log:89,0x9a7144f98b97b241f8fd250b8109a9df4e8923ec75a30126d1d11a9d8d3970ac,0x86735bfe9d4479baa94be24856d9b9b0a8c0e7cf,0x79dd8b50dde84ac43fd05a7aa72637bf9a47f19b,2593.744,,,,ATA,erc20,"{'value': '0x8c9b6dc9c15cc80000', 'address': '0xa2120b9e674d3fc3875f415a7df52e382f141225', 'decimal': '0x12'}",{'blockTimestamp': '2021-10-08T14:50:46.000Z'}
830,0xcc1ef5,0x16e8b29ca5174ec33d9d4710e1b5f316e045d06583ee99dae69e0096c8cc11b1:log:3,0x16e8b29ca5174ec33d9d4710e1b5f316e045d06583ee99dae69e0096c8cc11b1,0xdfd5293d8e347dfe59e90efd55b2956a1343963d,0x8f40982df850951bc7a79308ffec05201d080e04,759.212,,,,ATA,erc20,"{'value': '0x29282edb85bdde0000', 'address': '0xa2120b9e674d3fc3875f415a7df52e382f141225', 'decimal': '0x12'}",{'blockTimestamp': '2021-10-08T09:00:42.000Z'}
831,0xcc1e34,0xbeb8a5e57f4f968207c36afb347d022c9550a42779c8bc8d055be163bf9de6a0:log:34,0xbeb8a5e57f4f968207c36afb347d022c9550a42779c8bc8d055be163bf9de6a0,0x21a31ee1afc51d94c2efccaa2092ad1028285549,0x8ee7ade8a0e4db6e9f6e97c50cecf6416b82421a,106.31954051000001,,,,ATA,erc20,"{'value': '0x05c37ae2c9ed4dac00', 'address': '0xa2120b9e674d3fc3875f415a7df52e382f141225', 'decimal': '0x12'}",{'blockTimestamp': '2021-10-08T08:17:25.000Z'}
832,0xcc1a99,0xf52f33fcc7decc11570268e76d4b7d1c46bb57bb47db9eb8f50d0581d986c5c9:log:20,0xf52f33fcc7decc11570268e76d4b7d1c46bb57bb47db9eb8f50d0581d986c5c9,0x28c6c06298d514db089934071355e5743bf21d60,0x047096961edd5cdb887e63637027c817ae4c5eb5,3072.0,,,,ATA,erc20,"{'value': '0xa688906bd8b0000000', 'address': '0xa2120b9e674d3fc3875f415a7df52e382f141225', 'decimal': '0x12'}",{'blockTimestamp': '2021-10-08T04:48:22.000Z'}
833,0xcc0f00,0x7c2707f44fcb4dbafd47f1192d35262506b4f21b88f10d06308b5d91cf4f06e0:log:42,0x7c2707f44fcb4dbafd47f1192d35262506b4f21b88f10d06308b5d91cf4f06e0,0xdfd5293d8e347dfe59e90efd55b2956a1343963d,0x4f692246cf1ba90744a15a09e32aa145d61515b1,31.0,,,,ATA,erc20,"{'value': '0x01ae361fc1451c0000', 'address': '0xa2120b9e674d3fc3875f415a7df52e382f141225', 'decimal': '0x12'}",{'blockTimestamp': '2021-10-07T17:39:19.000Z'}
834,0xcc0356,0x8d76803e5964e57ecc0c73222be437e4b34fed3fb8353c9dc6f2d274abf0b0bc:log:108,0x8d76803e5964e57ecc0c73222be437e4b34fed3fb8353c9dc6f2d274abf0b0bc,0x21a31ee1afc51d94c2efccaa2092ad1028285549,0x322bae5a697f3a8e11f0428f1b2c44eb5451a42e,1104.242,,,,ATA,erc20,"{'value': '0x3bdc6fa879a2e50000', 'address': '0xa2120b9e674d3fc3875f415a7df52e382f141225', 'decimal': '0x12'}",{'blockTimestamp': '2021-10-07T06:22:22.000Z'}
835,0xcc0253,0x1d647119033225330f93d197ee66a0474889b13d2d4f5bf63773d940c7cdb60f:log:15,0x1d647119033225330f93d197ee66a0474889b13d2d4f5bf63773d940c7cdb60f,0x28c6c06298d514db089934071355e5743bf21d60,0x849e37c8711b198bd648b0ae2b31d42aa579107d,3132.0,,,,ATA,erc20,"{'value': '0xa9c93b3df3eb700000', 'address': '0xa2120b9e674d3fc3875f415a7df52e382f141225', 'decimal': '0x12'}",{'blockTimestamp': '2021-10-07T05:26:43.000Z'}
836,0xcbf4b3,0xb72b8f9763e15c3ab7d9e4b896a8c22d02b6a637d0cfc4c5057fffc44a77c272:log:0,0xb72b8f9763e15c3ab7d9e4b896a8c22d02b6a637d0cfc4c5057fffc44a77c272,0x2b3ad3c49cbc288999d6025216e347293d5f5a59,0x28c6c06298d514db089934071355e5743bf21d60,2797.3190919699996,,,,ATA,erc20,"{'value': '0x97a499cd50a21b9400', 'address': '0xa2120b9e674d3fc3875f415a7df52e382f141225', 'decimal': '0x12'}",{'blockTimestamp': '2021-10-06T16:20:15.000Z'}
837,0xcbf2fa,0x7f0756364e6c62aae641426fff68b343255af4cb0d968039218d3cfa95591e35:log:179,0x7f0756364e6c62aae641426fff68b343255af4cb0d968039218d3cfa95591e35,0x91dca37856240e5e1906222ec79278b16420dc92,0x3c02290922a3618a4646e3bbca65853ea45fe7c6,70000.0,,,,ATA,erc20,"{'value': '0x0ed2b525841adfc00000', 'address': '0xa2120b9e674d3fc3875f415a7df52e382f141225', 'decimal': '0x12'}",{'blockTimestamp': '2021-10-06T14:41:04.000Z'}
838,0xcbf288,0x9bcd4451ec2a310e6db17d3b810c19d50f6bb18b327a8f34f91fba335fcf7045:log:41,0x9bcd4451ec2a310e6db17d3b810c19d50f6bb18b327a8f34f91fba335fcf7045,0x95b564f3b3bae3f206aa418667ba000afafacc8a,0x2b3ad3c49cbc288999d6025216e347293d5f5a59,2797.3190919699996,,,,ATA,erc20,"{'value': '0x97a499cd50a21b9400', 'address': '0xa2120b9e674d3fc3875f415a7df52e382f141225', 'decimal': '0x12'}",{'blockTimestamp': '2021-10-06T14:17:20.000Z'}
839,0xcbf1c9,0x974c2ca8564e2c6fd1cc8c0efc9061d0ccd547a8457ad9dcd19305bf145d8c16:log:72,0x974c2ca8564e2c6fd1cc8c0efc9061d0ccd547a8457ad9dcd19305bf145d8c16,0xdfd5293d8e347dfe59e90efd55b2956a1343963d,0x2c41a5ca635449be8d2cd997bc1a4a83ad9dfbe0,126510.088,,,,ATA,erc20,"{'value': '0x1aca202824d3b0340000', 'address': '0xa2120b9e674d3fc3875f415a7df52e382f141225', 'decimal': '0x12'}",{'blockTimestamp': '2021-10-06T13:36:42.000Z'}
840,0xcbf1bb,0x05a843cf08dc5422f16032396518df4fd5c5559a3503f35027f4b04fd1a89a8f:log:145,0x05a843cf08dc5422f16032396518df4fd5c5559a3503f35027f4b04fd1a89a8f,0x21a31ee1afc51d94c2efccaa2092ad1028285549,0x0421d0b4b0ad6b124869f7b4257c9a80edf030e4,6223.0,,,,ATA,erc20,"{'value': '0x01515979392207dc0000', 'address': '0xa2120b9e674d3fc3875f415a7df52e382f141225', 'decimal': '0x12'}",{'blockTimestamp': '2021-10-06T13:33:09.000Z'}
841,0xcbedc2,0xb3d66f70910bd2f1f37fd2d86ef7101327e9d9d0aff7de805f2cb27e4f8b9c99:log:207,0xb3d66f70910bd2f1f37fd2d86ef7101327e9d9d0aff7de805f2cb27e4f8b9c99,0x95b564f3b3bae3f206aa418667ba000afafacc8a,0xedc6bacdc1e29d7c5fa6f6eca6fdd447b9c487c9,1.0,,,,ATA,erc20,"{'value': '0x0de0b6b3a7640000', 'address': '0xa2120b9e674d3fc3875f415a7df52e382f141225', 'decimal': '0x12'}",{'blockTimestamp': '2021-10-06T09:46:07.000Z'}
842,0xcbece6,0x817c02feba8be9055c26d50b3a99c69ef14ef22951174989eed32a773d983ac0:log:109,0x817c02feba8be9055c26d50b3a99c69ef14ef22951174989eed32a773d983ac0,0x29984d1f9055cafb02dcdd53c54b727902e44975,0x28c6c06298d514db089934071355e5743bf21d60,70666.97,,,,ATA,erc20,"{'value': '0x0ef6dd36f558b2090000', 'address': '0xa2120b9e674d3fc3875f415a7df52e382f141225', 'decimal': '0x12'}",{'blockTimestamp': '2021-10-06T08:56:53.000Z'}
843,0xcbe9aa,0x9c25fa9f3b27aef0f63610c95548b6868e45a5675a0edf58fbd649b17c9391e6:log:10,0x9c25fa9f3b27aef0f63610c95548b6868e45a5675a0edf58fbd649b17c9391e6,0x28c6c06298d514db089934071355e5743bf21d60,0x047096961edd5cdb887e63637027c817ae4c5eb5,3010.0,,,,ATA,erc20,"{'value': '0xa32c242c5625c80000', 'address': '0xa2120b9e674d3fc3875f415a7df52e382f141225', 'decimal': '0x12'}",{'blockTimestamp': '2021-10-06T05:39:53.000Z'}
844,0xcbdd04,0xe68f76eaeda157f2ef8f47cceaf95cc892b077b09387558928e1a930297bf827:log:34,0xe68f76eaeda157f2ef8f47cceaf95cc892b077b09387558928e1a930297bf827,0x6767526a362ec6c6b1df185478e4f01506b73ff3,0x28c6c06298d514db089934071355e5743bf21d60,45787.0,,,,ATA,erc20,"{'value': '0x09b21e453613ba8c0000', 'address': '0xa2120b9e674d3fc3875f415a7df52e382f141225', 'decimal': '0x12'}",{'blockTimestamp': '2021-10-05T17:30:06.000Z'}
845,0xcbdc92,0x59a656f41dad810a4095101f798b2086467e66e49c7836593d68a8483a577af7:log:133,0x59a656f41dad810a4095101f798b2086467e66e49c7836593d68a8483a577af7,0x3c02290922a3618a4646e3bbca65853ea45fe7c6,0x6767526a362ec6c6b1df185478e4f01506b73ff3,45787.0,,,,ATA,erc20,"{'value': '0x09b21e453613ba8c0000', 'address': '0xa2120b9e674d3fc3875f415a7df52e382f141225', 'decimal': '0x12'}",{'blockTimestamp': '2021-10-05T17:02:26.000Z'}
846,0xcbd856,0x11a4a86a592529c6421523bd4fbf90a184405f71be7f79650edf8617045b03a6:log:27,0x11a4a86a592529c6421523bd4fbf90a184405f71be7f79650edf8617045b03a6,0x95b564f3b3bae3f206aa418667ba000afafacc8a,0x29984d1f9055cafb02dcdd53c54b727902e44975,70666.97,,,,ATA,erc20,"{'value': '0x0ef6dd36f558b2090000', 'address': '0xa2120b9e674d3fc3875f415a7df52e382f141225', 'decimal': '0x12'}",{'blockTimestamp': '2021-10-05T12:52:05.000Z'}
847,0xcbd59f,0xa5e09d8285e5544d7cf4b68a595e05af0f5a3433393e6dadd1873df730ab74bf:log:501,0xa5e09d8285e5544d7cf4b68a595e05af0f5a3433393e6dadd1873df730ab74bf,0x3c02290922a3618a4646e3bbca65853ea45fe7c6,0xc59cf04703c4f78f0aa3ac98c4478f5812ba9b51,6379.372715760001,,,,ATA,erc20,"{'value': '0x0159d394b59e55c96000', 'address': '0xa2120b9e674d3fc3875f415a7df52e382f141225', 'decimal': '0x12'}",{'blockTimestamp': '2021-10-05T10:16:53.000Z'}
848,0xcbcdcb,0x169ff3d554bb167da70c93fda32c06b088f09116604d57dde72e87251254a3eb:log:6,0x169ff3d554bb167da70c93fda32c06b088f09116604d57dde72e87251254a3eb,0xdfd5293d8e347dfe59e90efd55b2956a1343963d,0x047096961edd5cdb887e63637027c817ae4c5eb5,2724.0,,,,ATA,erc20,"{'value': '0x93ab180fa124100000', 'address': '0xa2120b9e674d3fc3875f415a7df52e382f141225', 'decimal': '0x12'}",{'blockTimestamp': '2021-10-05T02:57:29.000Z'}
849,0xcbc88d,0xf2a5c87dfbc32a2c5a6df133126b217a3112968578a631b58278da7290fb25fb:log:34,0xf2a5c87dfbc32a2c5a6df133126b217a3112968578a631b58278da7290fb25fb,0xf584f8728b874a6a5c7a8d4d387c9aae9172d621,0xcc261ab4be137eacf57c19ed97c186b4d88004ca,999992.0,,,,ATA,erc20,"{'value': '0xd3c1acc9175065e00000', 'address': '0xa2120b9e674d3fc3875f415a7df52e382f141225', 'decimal': '0x12'}",{'blockTimestamp': '2021-10-04T21:54:44.000Z'}
850,0xcbc867,0xa4cd14d7a72ad12d3a8bdd993084a6911df9c9d13a4e51e7bc1f15fe1fb2629f:log:82,0xa4cd14d7a72ad12d3a8bdd993084a6911df9c9d13a4e51e7bc1f15fe1fb2629f,0xf584f8728b874a6a5c7a8d4d387c9aae9172d621,0xcc261ab4be137eacf57c19ed97c186b4d88004ca,8.0,,,,ATA,erc20,"{'value': '0x6f05b59d3b200000', 'address': '0xa2120b9e674d3fc3875f415a7df52e382f141225', 'decimal': '0x12'}",{'blockTimestamp': '2021-10-04T21:46:32.000Z'}
851,0xcbbd8f,0x4b1af6516f5eced662a9705f79f95950e9bd3d525592ada9610fc7489b51242c:log:25,0x4b1af6516f5eced662a9705f79f95950e9bd3d525592ada9610fc7489b51242c,0x29984d1f9055cafb02dcdd53c54b727902e44975,0x28c6c06298d514db089934071355e5743bf21d60,73310.42,,,,ATA,erc20,"{'value': '0x0f862a73eebf84620000', 'address': '0xa2120b9e674d3fc3875f415a7df52e382f141225', 'decimal': '0x12'}",{'blockTimestamp': '2021-10-04T11:30:03.000Z'}
852,0xcbbd49,0xfaeb8d85e9c9fa664a0e65fd21d09598ac7bf1d6d7ff0fce194a2641eba417df:log:23,0xfaeb8d85e9c9fa664a0e65fd21d09598ac7bf1d6d7ff0fce194a2641eba417df,0x95b564f3b3bae3f206aa418667ba000afafacc8a,0x29984d1f9055cafb02dcdd53c54b727902e44975,73310.42,,,,ATA,erc20,"{'value': '0x0f862a73eebf84620000', 'address': '0xa2120b9e674d3fc3875f415a7df52e382f141225', 'decimal': '0x12'}",{'blockTimestamp': '2021-10-04T11:12:16.000Z'}
853,0xcbbc83,0x6e749bc9837ebe968ac1c040ee9b45c6cf05c18ff76beac65dde01f665f569fe:log:36,0x6e749bc9837ebe968ac1c040ee9b45c6cf05c18ff76beac65dde01f665f569fe,0xc59cf04703c4f78f0aa3ac98c4478f5812ba9b51,0x28c6c06298d514db089934071355e5743bf21d60,6984.0,,,,ATA,erc20,"{'value': '0x017a9a78552ea0200000', 'address': '0xa2120b9e674d3fc3875f415a7df52e382f141225', 'decimal': '0x12'}",{'blockTimestamp': '2021-10-04T10:31:22.000Z'}
854,0xcbbc17,0x9178041a18a38541ad0d6a5d8cc4c057293409620749d0fb959b7ea0dcc727bb:log:41,0x9178041a18a38541ad0d6a5d8cc4c057293409620749d0fb959b7ea0dcc727bb,0x3c02290922a3618a4646e3bbca65853ea45fe7c6,0xc59cf04703c4f78f0aa3ac98c4478f5812ba9b51,6984.0,,,,ATA,erc20,"{'value': '0x017a9a78552ea0200000', 'address': '0xa2120b9e674d3fc3875f415a7df52e382f141225', 'decimal': '0x12'}",{'blockTimestamp': '2021-10-04T10:06:11.000Z'}
855,0xcbbbff,0xaaa616054c7dc10f1b2964575d9bfde26fab19360c0b23075ea6b426edf636f0:log:104,0xaaa616054c7dc10f1b2964575d9bfde26fab19360c0b23075ea6b426edf636f0,0x0d28f03d122b1db98183b424683458cf6cc8d504,0x28c6c06298d514db089934071355e5743bf21d60,2299.035519,,,,ATA,erc20,"{'value': '0x7ca186efb7e0d2f000', 'address': '0xa2120b9e674d3fc3875f415a7df52e382f141225', 'decimal': '0x12'}",{'blockTimestamp': '2021-10-04T09:59:48.000Z'}
856,0xcbbbbd,0x6625f3f36fda23c7ff331aba4a3b266ea5897be37c0d1c14a1599fc2cc4acc6f:log:192,0x6625f3f36fda23c7ff331aba4a3b266ea5897be37c0d1c14a1599fc2cc4acc6f,0xe877dd7ae6fc2a4504c357f947da1d47f3e25fd2,0x376c3baf58f2bfee238a3053e15b9de2be7f460b,539.442,,,,ATA,erc20,"{'value': '0x1d3e42f8e9ee450000', 'address': '0xa2120b9e674d3fc3875f415a7df52e382f141225', 'decimal': '0x12'}",{'blockTimestamp': '2021-10-04T09:47:36.000Z'}
857,0xcbbb9b,0xb8df9bba523ea6799473df1e8ea93d269f2ff5600eaba3f8d7035729a3af9248:log:103,0xb8df9bba523ea6799473df1e8ea93d269f2ff5600eaba3f8d7035729a3af9248,0x3c02290922a3618a4646e3bbca65853ea45fe7c6,0x0d28f03d122b1db98183b424683458cf6cc8d504,2299.03551893,,,,ATA,erc20,"{'value': '0x7ca186efa7947fb400', 'address': '0xa2120b9e674d3fc3875f415a7df52e382f141225', 'decimal': '0x12'}",{'blockTimestamp': '2021-10-04T09:37:50.000Z'}
858,0xcbbb7c,0xfac0f1367cc09b8eb1776ba74aaee3bede99f3a6ddc4da92f99e00a21c6e0ed8:log:50,0xfac0f1367cc09b8eb1776ba74aaee3bede99f3a6ddc4da92f99e00a21c6e0ed8,0x26b80e3b268ef7e718445570eab269273e405251,0x28c6c06298d514db089934071355e5743bf21d60,13603.240541430001,,,,ATA,erc20,"{'value': '0x02e16ee2bf5f8f961c00', 'address': '0xa2120b9e674d3fc3875f415a7df52e382f141225', 'decimal': '0x12'}",{'blockTimestamp': '2021-10-04T09:31:24.000Z'}
859,0xcbbb4d,0x5d47269a3956832a40fe6b77b0403353c122df37d355a2ebf512de1c6e7dea67:log:42,0x5d47269a3956832a40fe6b77b0403353c122df37d355a2ebf512de1c6e7dea67,0x3c02290922a3618a4646e3bbca65853ea45fe7c6,0x26b80e3b268ef7e718445570eab269273e405251,5867.24874656,,,,ATA,erc20,"{'value': '0x013e106ee0faecb28000', 'address': '0xa2120b9e674d3fc3875f415a7df52e382f141225', 'decimal': '0x12'}",{'blockTimestamp': '2021-10-04T09:21:29.000Z'}
860,0xcbbb39,0x19d7a6942deeb20729dbdc665e1e8c634ac7713bf63eb3d6bb611b4d97f8de64:log:124,0x19d7a6942deeb20729dbdc665e1e8c634ac7713bf63eb3d6bb611b4d97f8de64,0x91dca37856240e5e1906222ec79278b16420dc92,0x3c02290922a3618a4646e3bbca65853ea45fe7c6,71542.0,,,,ATA,erc20,"{'value': '0x0f264cb2023d24180000', 'address': '0xa2120b9e674d3fc3875f415a7df52e382f141225', 'decimal': '0x12'}",{'blockTimestamp': '2021-10-04T09:17:45.000Z'}
861,0xcbbaec,0xeeed049d785f7f3fbfa581170aa049ecc3014e0e1be7710f150f906e024fb577:log:21,0xeeed049d785f7f3fbfa581170aa049ecc3014e0e1be7710f150f906e024fb577,0x0d28f03d122b1db98183b424683458cf6cc8d504,0x28c6c06298d514db089934071355e5743bf21d60,1628.3613990000001,,,,ATA,erc20,"{'value': '0x58460dd0f6491e7000', 'address': '0xa2120b9e674d3fc3875f415a7df52e382f141225', 'decimal': '0x12'}",{'blockTimestamp': '2021-10-04T09:00:01.000Z'}
862,0xcbba6b,0xb5ff0c02ef983b775b01a4d21389ee49be3a43d1f7db76717f1fe3faf087a54e:log:116,0xb5ff0c02ef983b775b01a4d21389ee49be3a43d1f7db76717f1fe3faf087a54e,0xa7436b8076e7d1de83d4a0a348f19ecda9b32694,0x28c6c06298d514db089934071355e5743bf21d60,12252.90702447,,,,ATA,erc20,"{'value': '0x02983b3e64125edfdc00', 'address': '0xa2120b9e674d3fc3875f415a7df52e382f141225', 'decimal': '0x12'}",{'blockTimestamp': '2021-10-04T08:31:15.000Z'}
863,0xcbba6b,0x714e5128eba3f42adaba687a0f35bdfbc75bcde62e0c87f08de72b92a8dca2bf:log:115,0x714e5128eba3f42adaba687a0f35bdfbc75bcde62e0c87f08de72b92a8dca2bf,0x977ab23ac96696585cf6a6bd0babe9687e9540a0,0x28c6c06298d514db089934071355e5743bf21d60,7249.999999999999,,,,ATA,erc20,"{'value': '0x018905f62bda8e080000', 'address': '0xa2120b9e674d3fc3875f415a7df52e382f141225', 'decimal': '0x12'}",{'blockTimestamp': '2021-10-04T08:31:15.000Z'}
864,0xcbba04,0xde6022a9a97083da5fe1b91b4073b98d3a739dfb97fa8afa8f366c134b34ca70:log:45,0xde6022a9a97083da5fe1b91b4073b98d3a739dfb97fa8afa8f366c134b34ca70,0x3c02290922a3618a4646e3bbca65853ea45fe7c6,0xa7436b8076e7d1de83d4a0a348f19ecda9b32694,4678.9919413,,,,ATA,erc20,"{'value': '0xfda60eac4025e20800', 'address': '0xa2120b9e674d3fc3875f415a7df52e382f141225', 'decimal': '0x12'}",{'blockTimestamp': '2021-10-04T08:08:34.000Z'}
865,0xcbba04,0x6262d93475113c14b9b0ced41ed6e043f37e0d2c58a7efde952878677a7905aa:log:44,0x6262d93475113c14b9b0ced41ed6e043f37e0d2c58a7efde952878677a7905aa,0x3c02290922a3618a4646e3bbca65853ea45fe7c6,0x977ab23ac96696585cf6a6bd0babe9687e9540a0,7249.999999999999,,,,ATA,erc20,"{'value': '0x018905f62bda8e080000', 'address': '0xa2120b9e674d3fc3875f415a7df52e382f141225', 'decimal': '0x12'}",{'blockTimestamp': '2021-10-04T08:08:34.000Z'}
866,0xcbba04,0xd44523983632ff472341e48d37aa413fe2541272e4c3d2c410f23b5fbe0f6d06:log:43,0xd44523983632ff472341e48d37aa413fe2541272e4c3d2c410f23b5fbe0f6d06,0x3c02290922a3618a4646e3bbca65853ea45fe7c6,0x0d28f03d122b1db98183b424683458cf6cc8d504,1628.36139896,,,,ATA,erc20,"{'value': '0x58460dd0ecf8eee000', 'address': '0xa2120b9e674d3fc3875f415a7df52e382f141225', 'decimal': '0x12'}",{'blockTimestamp': '2021-10-04T08:08:34.000Z'}
867,0xcbb921,0xbe2c3e95a5ed06a4fe9b3e72c7289f128459445f9f4086268c00aae13f283d42:log:126,0xbe2c3e95a5ed06a4fe9b3e72c7289f128459445f9f4086268c00aae13f283d42,0x21a31ee1afc51d94c2efccaa2092ad1028285549,0x95b564f3b3bae3f206aa418667ba000afafacc8a,78045.55,,,,ATA,erc20,"{'value': '0x1086db950df443cb0000', 'address': '0xa2120b9e674d3fc3875f415a7df52e382f141225', 'decimal': '0x12'}",{'blockTimestamp': '2021-10-04T07:13:28.000Z'}
868,0xcbb8ea,0xe2e095c32bf14f9a86bcf2c4d938b3711cfa1b2fc52bf185f85b0da9452a164c:log:10,0xe2e095c32bf14f9a86bcf2c4d938b3711cfa1b2fc52bf185f85b0da9452a164c,0x0cb77f542704028b610bf6ffdb3aeeca5d250ad6,0x28c6c06298d514db089934071355e5743bf21d60,6669.44478273,,,,ATA,erc20,"{'value': '0x01698d23b5a8f7f4e400', 'address': '0xa2120b9e674d3fc3875f415a7df52e382f141225', 'decimal': '0x12'}",{'blockTimestamp': '2021-10-04T07:01:38.000Z'}
869,0xcbb8bf,0x8159b3ce0cb74c7df9daf6b401261c7e911992975a98acf94385c5eb905a9b9c:log:118,0x8159b3ce0cb74c7df9daf6b401261c7e911992975a98acf94385c5eb905a9b9c,0x3c02290922a3618a4646e3bbca65853ea45fe7c6,0x0cb77f542704028b610bf6ffdb3aeeca5d250ad6,6669.44478273,,,,ATA,erc20,"{'value': '0x01698d23b5a8f7f4e400', 'address': '0xa2120b9e674d3fc3875f415a7df52e382f141225', 'decimal': '0x12'}",{'blockTimestamp': '2021-10-04T06:52:33.000Z'}
870,0xcbb75a,0xc73f2bdf1b5a56583044b75e201d40acdd0a58162e13c50fbbc5a2089dab26b7:log:23,0xc73f2bdf1b5a56583044b75e201d40acdd0a58162e13c50fbbc5a2089dab26b7,0x28c6c06298d514db089934071355e5743bf21d60,0xae639739d1981097de50cb4f23a6bd4d31e30228,1559.413,,,,ATA,erc20,"{'value': '0x548933e56036388000', 'address': '0xa2120b9e674d3fc3875f415a7df52e382f141225', 'decimal': '0x12'}",{'blockTimestamp': '2021-10-04T05:28:19.000Z'}
871,0xcbac92,0xfe07eba2c75654165abc638d7b375e441764911ad4e57f1c41814d7d6052f496:log:36,0xfe07eba2c75654165abc638d7b375e441764911ad4e57f1c41814d7d6052f496,0x0cb77f542704028b610bf6ffdb3aeeca5d250ad6,0x28c6c06298d514db089934071355e5743bf21d60,5852.34673485,,,,ATA,erc20,"{'value': '0x013d41a04c48bf6f9400', 'address': '0xa2120b9e674d3fc3875f415a7df52e382f141225', 'decimal': '0x12'}",{'blockTimestamp': '2021-10-03T19:01:40.000Z'}
872,0xcbab8b,0x183fd577516381d3cb81bde7f0f9053d9ff4b0ea7d1aeb2a9f1af4084c4c9e5e:log:70,0x183fd577516381d3cb81bde7f0f9053d9ff4b0ea7d1aeb2a9f1af4084c4c9e5e,0xc59cf04703c4f78f0aa3ac98c4478f5812ba9b51,0x28c6c06298d514db089934071355e5743bf21d60,4886.000000000001,,,,ATA,erc20,"{'value': '0x0108dedf08dcce980000', 'address': '0xa2120b9e674d3fc3875f415a7df52e382f141225', 'decimal': '0x12'}",{'blockTimestamp': '2021-10-03T18:02:46.000Z'}
873,0xcbab81,0xfdac99b836ea7e9acf1232d0a50db09f6912877280c998c72a4a8f134649af8a:log:50,0xfdac99b836ea7e9acf1232d0a50db09f6912877280c998c72a4a8f134649af8a,0x0d28f03d122b1db98183b424683458cf6cc8d504,0x28c6c06298d514db089934071355e5743bf21d60,4840.411385,,,,ATA,erc20,"{'value': '0x01066633bd0f118c9000', 'address': '0xa2120b9e674d3fc3875f415a7df52e382f141225', 'decimal': '0x12'}",{'blockTimestamp': '2021-10-03T17:59:47.000Z'}
874,0xcbab6f,0xf577329fc94a9cd69033e0644579771982fd75c62592e8e183a12cc2a5d133a1:log:202,0xf577329fc94a9cd69033e0644579771982fd75c62592e8e183a12cc2a5d133a1,0x3c02290922a3618a4646e3bbca65853ea45fe7c6,0xc59cf04703c4f78f0aa3ac98c4478f5812ba9b51,4886.000000000001,,,,ATA,erc20,"{'value': '0x0108dedf08dcce980000', 'address': '0xa2120b9e674d3fc3875f415a7df52e382f141225', 'decimal': '0x12'}",{'blockTimestamp': '2021-10-03T17:53:20.000Z'}
875,0xcbab36,0x81885d51fdf32dcb4bfd626c8672c5aabc73e74ecab628de439f33e1667cf528:log:137,0x81885d51fdf32dcb4bfd626c8672c5aabc73e74ecab628de439f33e1667cf528,0x3c02290922a3618a4646e3bbca65853ea45fe7c6,0x0d28f03d122b1db98183b424683458cf6cc8d504,4840.41138476,,,,ATA,erc20,"{'value': '0x01066633bcd7306f3000', 'address': '0xa2120b9e674d3fc3875f415a7df52e382f141225', 'decimal': '0x12'}",{'blockTimestamp': '2021-10-03T17:39:15.000Z'}
876,0xcbaac4,0xfb1b9e85b508c0d55795cb83e4293ea131624eceee20425fe05f7750c509445f:log:78,0xfb1b9e85b508c0d55795cb83e4293ea131624eceee20425fe05f7750c509445f,0x3c02290922a3618a4646e3bbca65853ea45fe7c6,0x0cb77f542704028b610bf6ffdb3aeeca5d250ad6,5852.34673485,,,,ATA,erc20,"{'value': '0x013d41a04c48bf6f9400', 'address': '0xa2120b9e674d3fc3875f415a7df52e382f141225', 'decimal': '0x12'}",{'blockTimestamp': '2021-10-03T17:16:27.000Z'}
877,0xcba721,0xc2e25dd3f9b590389b0d2d0ce7291f59d7261c2eebfe148d4568afcc5d45960c:log:63,0xc2e25dd3f9b590389b0d2d0ce7291f59d7261c2eebfe148d4568afcc5d45960c,0x20e74b82e9c2b24063c516397cd1fc2eeeb17cc0,0x3c02290922a3618a4646e3bbca65853ea45fe7c6,36332.84,,,,ATA,erc20,"{'value': '0x07b19b71a85d0f840000', 'address': '0xa2120b9e674d3fc3875f415a7df52e382f141225', 'decimal': '0x12'}",{'blockTimestamp': '2021-10-03T13:51:16.000Z'}
878,0xcba6e8,0x33f624941ef7ca56cf19195ef52c7d99baac5bfeebc23505ebf41cf6d3d90977:log:586,0x33f624941ef7ca56cf19195ef52c7d99baac5bfeebc23505ebf41cf6d3d90977,0xd1f981c907494bf9bcf8eaa90b350b5d4b5ed0e8,0x603e6ecb3d54bf6e21b4610bbd57d2601ae3f83a,595.3910000000001,,,,ATA,erc20,"{'value': '0x2046b5bffbb8998000', 'address': '0xa2120b9e674d3fc3875f415a7df52e382f141225', 'decimal': '0x12'}",{'blockTimestamp': '2021-10-03T13:37:42.000Z'}
879,0xcba64e,0x6a2d7fc315b68b5d118989f943d085d206a23ff4e7ae85bbd26a294a4f8612f6:log:29,0x6a2d7fc315b68b5d118989f943d085d206a23ff4e7ae85bbd26a294a4f8612f6,0xdfd5293d8e347dfe59e90efd55b2956a1343963d,0x20e74b82e9c2b24063c516397cd1fc2eeeb17cc0,36332.84,,,,ATA,erc20,"{'value': '0x07b19b71a85d0f840000', 'address': '0xa2120b9e674d3fc3875f415a7df52e382f141225', 'decimal': '0x12'}",{'blockTimestamp': '2021-10-03T13:04:14.000Z'}
880,0xcba5e6,0x836e7c3ea0dff0f135f8b771992e0989ad5df536d498664251738f4b9bafce0b:log:152,0x836e7c3ea0dff0f135f8b771992e0989ad5df536d498664251738f4b9bafce0b,0x4555decea47190f4d9062a099b812ec6344903e0,0x95b564f3b3bae3f206aa418667ba000afafacc8a,2758.35700029,,,,ATA,erc20,"{'value': '0x9587e4a55cad815400', 'address': '0xa2120b9e674d3fc3875f415a7df52e382f141225', 'decimal': '0x12'}",{'blockTimestamp': '2021-10-03T12:41:07.000Z'}
881,0xcba5c4,0xf0503268a3e70ff065a83f0e92e89afa795be644757ee737d801b36594f495e8:log:48,0xf0503268a3e70ff065a83f0e92e89afa795be644757ee737d801b36594f495e8,0x21a31ee1afc51d94c2efccaa2092ad1028285549,0x7399cca019f3700459f6b0ba19ea7402f8c54c6c,326.0,,,,ATA,erc20,"{'value': '0x11ac28a8c729580000', 'address': '0xa2120b9e674d3fc3875f415a7df52e382f141225', 'decimal': '0x12'}",{'blockTimestamp': '2021-10-03T12:34:24.000Z'}
882,0xcba488,0xbd306e2ba9cc73d8ba1dee65a1ae605fc45b8b3d487e92333dfa23225152ef17:log:23,0xbd306e2ba9cc73d8ba1dee65a1ae605fc45b8b3d487e92333dfa23225152ef17,0x28c6c06298d514db089934071355e5743bf21d60,0x95b564f3b3bae3f206aa418667ba000afafacc8a,74057.63,,,,ATA,erc20,"{'value': '0x0faeac131edc20030000', 'address': '0xa2120b9e674d3fc3875f415a7df52e382f141225', 'decimal': '0x12'}",{'blockTimestamp': '2021-10-03T11:22:52.000Z'}
883,0xcb9a01,0x122d90b45de764c7b24a7ae68dcc5b3313515336370a43b5ed83d25b026b833a:log:131,0x122d90b45de764c7b24a7ae68dcc5b3313515336370a43b5ed83d25b026b833a,0xc59cf04703c4f78f0aa3ac98c4478f5812ba9b51,0x28c6c06298d514db089934071355e5743bf21d60,13149.0,,,,ATA,erc20,"{'value': '0x02c8cf08299cbb540000', 'address': '0xa2120b9e674d3fc3875f415a7df52e382f141225', 'decimal': '0x12'}",{'blockTimestamp': '2021-10-03T01:01:31.000Z'}
884,0xcb9980,0x856e0f58d7cad6ca776de614e1cec1f52b1dbcc27caf271953cd96b405e03aac:log:93,0x856e0f58d7cad6ca776de614e1cec1f52b1dbcc27caf271953cd96b405e03aac,0x3c02290922a3618a4646e3bbca65853ea45fe7c6,0xc59cf04703c4f78f0aa3ac98c4478f5812ba9b51,13149.0,,,,ATA,erc20,"{'value': '0x02c8cf08299cbb540000', 'address': '0xa2120b9e674d3fc3875f415a7df52e382f141225', 'decimal': '0x12'}",{'blockTimestamp': '2021-10-03T00:32:23.000Z'}
885,0xcb96ec,0xfa9c9721b9a14794de3725058c988943071b048228d6222ad7f8c556148361cd:log:41,0xfa9c9721b9a14794de3725058c988943071b048228d6222ad7f8c556148361cd,0x0d28f03d122b1db98183b424683458cf6cc8d504,0x28c6c06298d514db089934071355e5743bf21d60,5356.323584,,,,ATA,erc20,"{'value': '0x01225dec10a11f300000', 'address': '0xa2120b9e674d3fc3875f415a7df52e382f141225', 'decimal': '0x12'}",{'blockTimestamp': '2021-10-02T21:59:55.000Z'}
886,0xcb966f,0xadad9ba4ba40ba7289017423729d940d810122515ff6d631c86962471a2261a3:log:21,0xadad9ba4ba40ba7289017423729d940d810122515ff6d631c86962471a2261a3,0x29984d1f9055cafb02dcdd53c54b727902e44975,0x28c6c06298d514db089934071355e5743bf21d60,223057.09,,,,ATA,erc20,"{'value': '0x2f3bf2f6cbe3206d0000', 'address': '0xa2120b9e674d3fc3875f415a7df52e382f141225', 'decimal': '0x12'}",{'blockTimestamp': '2021-10-02T21:30:11.000Z'}
887,0xcb939b,0x1f8788a0d1a136b4658738b81c5e0747718f53ff0428192107e4920790144d80:log:66,0x1f8788a0d1a136b4658738b81c5e0747718f53ff0428192107e4920790144d80,0xfceed9d37e55e4be5b0e08b430dbdb2acd11ac03,0x5178c615663e4460fb24a799822aa4114165e3a3,135.439,,,,ATA,erc20,"{'value': '0x075797fce9d6218000', 'address': '0xa2120b9e674d3fc3875f415a7df52e382f141225', 'decimal': '0x12'}",{'blockTimestamp': '2021-10-02T18:57:30.000Z'}
888,0xcb8ea6,0x41e779e9f8dbd75a373a1b963df356afb4eccecfe54cef6e12e16be14196c012:log:75,0x41e779e9f8dbd75a373a1b963df356afb4eccecfe54cef6e12e16be14196c012,0x95b564f3b3bae3f206aa418667ba000afafacc8a,0x29984d1f9055cafb02dcdd53c54b727902e44975,71169.89,,,,ATA,erc20,"{'value': '0x0f1220a1b8c3197d0000', 'address': '0xa2120b9e674d3fc3875f415a7df52e382f141225', 'decimal': '0x12'}",{'blockTimestamp': '2021-10-02T14:15:47.000Z'}
889,0xcb8ac9,0x6556c6702c433b2ae5b81621eb75ca95ebb88ae423457b7e5221eec95b06344c:log:122,0x6556c6702c433b2ae5b81621eb75ca95ebb88ae423457b7e5221eec95b06344c,0xed4e93e37078dfa82e89e525c0669f8df83f4d47,0x28c6c06298d514db089934071355e5743bf21d60,6608.8848141,,,,ATA,erc20,"{'value': '0x016644b37b0d3001c800', 'address': '0xa2120b9e674d3fc3875f415a7df52e382f141225', 'decimal': '0x12'}",{'blockTimestamp': '2021-10-02T10:31:33.000Z'}
890,0xcb8a9e,0xbfe8cd2d8235e4062d0f4a4cfcfd62a99aec67e05349ef1ca65dcc882c3dd061:log:134,0xbfe8cd2d8235e4062d0f4a4cfcfd62a99aec67e05349ef1ca65dcc882c3dd061,0x3c02290922a3618a4646e3bbca65853ea45fe7c6,0xed4e93e37078dfa82e89e525c0669f8df83f4d47,6608.8848141,,,,ATA,erc20,"{'value': '0x016644b37b0d3001c800', 'address': '0xa2120b9e674d3fc3875f415a7df52e382f141225', 'decimal': '0x12'}",{'blockTimestamp': '2021-10-02T10:21:58.000Z'}
891,0xcb88b7,0xec106419b93fc57438c320f7df4c1d7e2bbc748ec3457ba0333be1388df6fc3b:log:33,0xec106419b93fc57438c320f7df4c1d7e2bbc748ec3457ba0333be1388df6fc3b,0xc67650f4edd30c42a0ed11c0b2bc2f6bd6ac014f,0x28c6c06298d514db089934071355e5743bf21d60,9279.682999999999,,,,ATA,erc20,"{'value': '0x01f70d78baa1df338000', 'address': '0xa2120b9e674d3fc3875f415a7df52e382f141225', 'decimal': '0x12'}",{'blockTimestamp': '2021-10-02T08:31:33.000Z'}
892,0xcb888c,0x1817f8c560bd323cebba404447a65ad34ce5131c0df6322a49cffe6275f7a9e9:log:80,0x1817f8c560bd323cebba404447a65ad34ce5131c0df6322a49cffe6275f7a9e9,0xb9728f32616987b0a836cde43fe11f07d6113157,0xc67650f4edd30c42a0ed11c0b2bc2f6bd6ac014f,9274.683,,,,ATA,erc20,"{'value': '0x01f6c815291f9a3f8000', 'address': '0xa2120b9e674d3fc3875f415a7df52e382f141225', 'decimal': '0x12'}",{'blockTimestamp': '2021-10-02T08:21:53.000Z'}
893,0xcb8795,0xe629397b5c2e2785484336c50cd8712151ac50c61b56c2eb26613c5d1a2d839d:log:57,0xe629397b5c2e2785484336c50cd8712151ac50c61b56c2eb26613c5d1a2d839d,0xb9728f32616987b0a836cde43fe11f07d6113157,0xc67650f4edd30c42a0ed11c0b2bc2f6bd6ac014f,5.0,,,,ATA,erc20,"{'value': '0x4563918244f40000', 'address': '0xa2120b9e674d3fc3875f415a7df52e382f141225', 'decimal': '0x12'}",{'blockTimestamp': '2021-10-02T07:28:53.000Z'}
894,0xcb8753,0x38dfc1472afba58aa3c0a091055ea6ac8240c536291629b78cb2bac5221c0aaa:log:92,0x38dfc1472afba58aa3c0a091055ea6ac8240c536291629b78cb2bac5221c0aaa,0xdfd5293d8e347dfe59e90efd55b2956a1343963d,0x95b564f3b3bae3f206aa418667ba000afafacc8a,112695.95,,,,ATA,erc20,"{'value': '0x17dd427b1c444f1b0000', 'address': '0xa2120b9e674d3fc3875f415a7df52e382f141225', 'decimal': '0x12'}",{'blockTimestamp': '2021-10-02T07:10:50.000Z'}
895,0xcb870c,0x5b238371b93bab71c782e228debab809862bf4a89b64576687a1abfa06055566:log:163,0x5b238371b93bab71c782e228debab809862bf4a89b64576687a1abfa06055566,0x3c02290922a3618a4646e3bbca65853ea45fe7c6,0x0d28f03d122b1db98183b424683458cf6cc8d504,5356.32358415,,,,ATA,erc20,"{'value': '0x01225dec10c40be25c00', 'address': '0xa2120b9e674d3fc3875f415a7df52e382f141225', 'decimal': '0x12'}",{'blockTimestamp': '2021-10-02T06:57:21.000Z'}
896,0xcb8389,0x810182b1fe46bacdf23ad32ebe0bf64f5cf812131fef18a6b7e02aa159acf458:log:11,0x810182b1fe46bacdf23ad32ebe0bf64f5cf812131fef18a6b7e02aa159acf458,0x998cab0abde176ac8f3c838093e536b7581ab9ec,0x28c6c06298d514db089934071355e5743bf21d60,14354.0,,,,ATA,erc20,"{'value': '0x030a21c4253fa5080000', 'address': '0xa2120b9e674d3fc3875f415a7df52e382f141225', 'decimal': '0x12'}",{'blockTimestamp': '2021-10-02T03:31:35.000Z'}
897,0xcb8357,0xd9a018b61e0c6d1fb21baa0afd7530e158b77dd25260d5c6ad0fb2a990a73e68:log:48,0xd9a018b61e0c6d1fb21baa0afd7530e158b77dd25260d5c6ad0fb2a990a73e68,0x3c02290922a3618a4646e3bbca65853ea45fe7c6,0x998cab0abde176ac8f3c838093e536b7581ab9ec,2924.9999999999995,,,,ATA,erc20,"{'value': '0x9e908782af91940000', 'address': '0xa2120b9e674d3fc3875f415a7df52e382f141225', 'decimal': '0x12'}",{'blockTimestamp': '2021-10-02T03:22:36.000Z'}
898,0xcb82c1,0x6cd1865f7af1d2f97a6d28655d7c73f7520155d54e44ca7a30061e338ba399d5:log:70,0x6cd1865f7af1d2f97a6d28655d7c73f7520155d54e44ca7a30061e338ba399d5,0x6767526a362ec6c6b1df185478e4f01506b73ff3,0x28c6c06298d514db089934071355e5743bf21d60,57321.0,,,,ATA,erc20,"{'value': '0x0c2360acc85376040000', 'address': '0xa2120b9e674d3fc3875f415a7df52e382f141225', 'decimal': '0x12'}",{'blockTimestamp': '2021-10-02T02:48:03.000Z'}
899,0xcb789a,0x2f330c2770c9dc83b23bf86142fb0e6374036654859fdb0d2e57228e99751863:log:41,0x2f330c2770c9dc83b23bf86142fb0e6374036654859fdb0d2e57228e99751863,0x21a31ee1afc51d94c2efccaa2092ad1028285549,0x440e19f00d449da298fb8c1aa34c4bbec586a0c5,895.0,,,,ATA,erc20,"{'value': '0x30849ebe16369c0000', 'address': '0xa2120b9e674d3fc3875f415a7df52e382f141225', 'decimal': '0x12'}",{'blockTimestamp': '2021-10-01T16:55:59.000Z'}
900,0xcb7224,0x498f01d2e90fca55fc1618365253de9b23679f2098cfab5981b1d2e86c025dec:log:24,0x498f01d2e90fca55fc1618365253de9b23679f2098cfab5981b1d2e86c025dec,0x95b564f3b3bae3f206aa418667ba000afafacc8a,0x29984d1f9055cafb02dcdd53c54b727902e44975,151887.19999999998,,,,ATA,erc20,"{'value': '0x2029d255132006f00000', 'address': '0xa2120b9e674d3fc3875f415a7df52e382f141225', 'decimal': '0x12'}",{'blockTimestamp': '2021-10-01T11:00:52.000Z'}
901,0xcb71f9,0x8c7aaf314e641c24ea2814bc49cff43ef85eb6508185f5a31ef9c42785f93bf6:log:5,0x8c7aaf314e641c24ea2814bc49cff43ef85eb6508185f5a31ef9c42785f93bf6,0x28c6c06298d514db089934071355e5743bf21d60,0x95b564f3b3bae3f206aa418667ba000afafacc8a,139960.27,,,,ATA,erc20,"{'value': '0x1da342edb7b5613b0000', 'address': '0xa2120b9e674d3fc3875f415a7df52e382f141225', 'decimal': '0x12'}",{'blockTimestamp': '2021-10-01T10:51:07.000Z'}
902,0xcb71ba,0x55382b545287f360a8e807a764a25052cc4037d65024511913d6a37833672e4a:log:86,0x55382b545287f360a8e807a764a25052cc4037d65024511913d6a37833672e4a,0xdfd5293d8e347dfe59e90efd55b2956a1343963d,0x1bad1b7b0bb506d28ba5ad4ea9e292b5907655d2,281.98916075,,,,ATA,erc20,"{'value': '0x0f4962bfa8d6464c00', 'address': '0xa2120b9e674d3fc3875f415a7df52e382f141225', 'decimal': '0x12'}",{'blockTimestamp': '2021-10-01T10:37:59.000Z'}
903,0xcb648d,0x5f393aa0340766c6a724cd247bb6c7c41fcdf8c5544a638b98939e955f63e294:log:67,0x5f393aa0340766c6a724cd247bb6c7c41fcdf8c5544a638b98939e955f63e294,0x21a31ee1afc51d94c2efccaa2092ad1028285549,0xaaea28351282912f5c4aa098203afd047c6240d5,1202.51,,,,ATA,erc20,"{'value': '0x41302db9d436fb0000', 'address': '0xa2120b9e674d3fc3875f415a7df52e382f141225', 'decimal': '0x12'}",{'blockTimestamp': '2021-09-30T21:47:48.000Z'}
904,0xcb61e8,0xc58c62531f73f7e01c4acca8fef8e305e87cb28df9ed31ec6eb16db4aa969972:log:434,0xc58c62531f73f7e01c4acca8fef8e305e87cb28df9ed31ec6eb16db4aa969972,0x74de5d4fcbf63e00296fd95d33236b9794016631,0x4d3a0781d9a5ab969c375e5523b2104adaad7d64,286.46375967484795,,,,ATA,erc20,"{'value': '0x0f877bb7ac9a2eb578', 'address': '0xa2120b9e674d3fc3875f415a7df52e382f141225', 'decimal': '0x12'}",{'blockTimestamp': '2021-09-30T19:13:03.000Z'}
905,0xcb61e8,0xc58c62531f73f7e01c4acca8fef8e305e87cb28df9ed31ec6eb16db4aa969972:log:431,0xc58c62531f73f7e01c4acca8fef8e305e87cb28df9ed31ec6eb16db4aa969972,0x5654d65578cda52791879751141f2f3d7dc27fe4,0x74de5d4fcbf63e00296fd95d33236b9794016631,286.46375967484795,,,,ATA,erc20,"{'value': '0x0f877bb7ac9a2eb578', 'address': '0xa2120b9e674d3fc3875f415a7df52e382f141225', 'decimal': '0x12'}",{'blockTimestamp': '2021-09-30T19:13:03.000Z'}
906,0xcb5fce,0x1e01246c6c345a3191f4ee2d61dcfff137fc3a93e29a6dbca8bf02366efcaf38:log:25,0x1e01246c6c345a3191f4ee2d61dcfff137fc3a93e29a6dbca8bf02366efcaf38,0x28c6c06298d514db089934071355e5743bf21d60,0xc86c66e8e15a69d96b75fffa5998c48145c012fa,103.0,,,,ATA,erc20,"{'value': '0x0595698248593c0000', 'address': '0xa2120b9e674d3fc3875f415a7df52e382f141225', 'decimal': '0x12'}",{'blockTimestamp': '2021-09-30T17:20:37.000Z'}
907,0xcb5be9,0xaa6167277783a3802796b35f094be67ffc8f93721816140e3d05d494991be958:log:40,0xaa6167277783a3802796b35f094be67ffc8f93721816140e3d05d494991be958,0x0d0707963952f2fba59dd06f2b425ace40b492fe,0xa6f229ca9e8c7ddeb7e0a2f466bb4464fb6c363b,72.89752,,,,ATA,erc20,"{'value': '0x03f3a804365eef0000', 'address': '0xa2120b9e674d3fc3875f415a7df52e382f141225', 'decimal': '0x12'}",{'blockTimestamp': '2021-09-30T13:28:59.000Z'}
908,0xcb490a,0x5148cd94f5a1a4629a68fcc235fc349f465ebc6dd2cf554e18d8a3c923055d63:log:36,0x5148cd94f5a1a4629a68fcc235fc349f465ebc6dd2cf554e18d8a3c923055d63,0xdfd5293d8e347dfe59e90efd55b2956a1343963d,0x84f1ddd9ec05cf65d31d989adcc035d2928475ed,197.532,,,,ATA,erc20,"{'value': '0x0ab54ea36e3c760000', 'address': '0xa2120b9e674d3fc3875f415a7df52e382f141225', 'decimal': '0x12'}",{'blockTimestamp': '2021-09-29T19:13:53.000Z'}
909,0xcb404a,0xbdcf53c38817391ba2fd7af0bead674795ae8c0f6aebe1a841186fa24d542343:log:257,0xbdcf53c38817391ba2fd7af0bead674795ae8c0f6aebe1a841186fa24d542343,0x3c02290922a3618a4646e3bbca65853ea45fe7c6,0x6767526a362ec6c6b1df185478e4f01506b73ff3,29018.0,,,,ATA,erc20,"{'value': '0x062511a5880bfd280000', 'address': '0xa2120b9e674d3fc3875f415a7df52e382f141225', 'decimal': '0x12'}",{'blockTimestamp': '2021-09-29T11:01:20.000Z'}
910,0xcb3d50,0x035a5e80011a79851475ef368955289e1e7ea3c28d08793f21154b7fb8c9fb69:log:217,0x035a5e80011a79851475ef368955289e1e7ea3c28d08793f21154b7fb8c9fb69,0x6f5af6f0659fec96ee11a8989fddd1c02ed077fc,0x78f83452d35c47b5cd4f86846dbf876f5fa73cdc,94.68213297368456,,,,ATA,erc20,"{'value': '0x0521fa824ac8c46d23', 'address': '0xa2120b9e674d3fc3875f415a7df52e382f141225', 'decimal': '0x12'}",{'blockTimestamp': '2021-09-29T08:05:43.000Z'}
911,0xcb3b9f,0x2baede76cadba6c0b820bade6ca102a777a335238ed6d18bb0484b4bef0bc0e1:log:20,0x2baede76cadba6c0b820bade6ca102a777a335238ed6d18bb0484b4bef0bc0e1,0x4003156b5a111ebbad89280c2fcc13b1f72b36a9,0x4555decea47190f4d9062a099b812ec6344903e0,2454.7011652170977,,,,ATA,erc20,"{'value': '0x8511d26833668d61a0', 'address': '0xa2120b9e674d3fc3875f415a7df52e382f141225', 'decimal': '0x12'}",{'blockTimestamp': '2021-09-29T06:22:55.000Z'}
912,0xcb3aac,0x6b38c8e474859f05930398d25768d736122a9c744e5ffbe857cac99fc8a1d51c:log:50,0x6b38c8e474859f05930398d25768d736122a9c744e5ffbe857cac99fc8a1d51c,0x74de5d4fcbf63e00296fd95d33236b9794016631,0x6f5af6f0659fec96ee11a8989fddd1c02ed077fc,94.68213297368456,,,,ATA,erc20,"{'value': '0x0521fa824ac8c46d23', 'address': '0xa2120b9e674d3fc3875f415a7df52e382f141225', 'decimal': '0x12'}",{'blockTimestamp': '2021-09-29T05:32:22.000Z'}
913,0xcb3aac,0x6b38c8e474859f05930398d25768d736122a9c744e5ffbe857cac99fc8a1d51c:log:47,0x6b38c8e474859f05930398d25768d736122a9c744e5ffbe857cac99fc8a1d51c,0x5654d65578cda52791879751141f2f3d7dc27fe4,0x74de5d4fcbf63e00296fd95d33236b9794016631,94.68213297368456,,,,ATA,erc20,"{'value': '0x0521fa824ac8c46d23', 'address': '0xa2120b9e674d3fc3875f415a7df52e382f141225', 'decimal': '0x12'}",{'blockTimestamp': '2021-09-29T05:32:22.000Z'}
914,0xcb356e,0x8be7a61609b7598fb7232b85f750fb1d6d8970b90803eb47a1dd714a3ae3a4d2:log:139,0x8be7a61609b7598fb7232b85f750fb1d6d8970b90803eb47a1dd714a3ae3a4d2,0x3c02290922a3618a4646e3bbca65853ea45fe7c6,0x6767526a362ec6c6b1df185478e4f01506b73ff3,28302.999999999996,,,,ATA,erc20,"{'value': '0x05fe4f07404778dc0000', 'address': '0xa2120b9e674d3fc3875f415a7df52e382f141225', 'decimal': '0x12'}",{'blockTimestamp': '2021-09-29T00:32:22.000Z'}
915,0xcb2ee4,0xfb0f7a5d2c79019116863aa781170cc7aed48f0e7d489416e98b308e463cbb92:log:246,0xfb0f7a5d2c79019116863aa781170cc7aed48f0e7d489416e98b308e463cbb92,0x4003156b5a111ebbad89280c2fcc13b1f72b36a9,0x4003156b5a111ebbad89280c2fcc13b1f72b36a9,2454.7011652170977,,,,ATA,erc20,"{'value': '0x8511d26833668d61a0', 'address': '0xa2120b9e674d3fc3875f415a7df52e382f141225', 'decimal': '0x12'}",{'blockTimestamp': '2021-09-28T18:16:11.000Z'}
916,0xcb2da3,0x8833bd8fffafb7af451024545d3f09073fdd77ed9dc919e7df45a19c44c9252a:log:241,0x8833bd8fffafb7af451024545d3f09073fdd77ed9dc919e7df45a19c44c9252a,0x4003156b5a111ebbad89280c2fcc13b1f72b36a9,0x4555decea47190f4d9062a099b812ec6344903e0,303.65583507290245,,,,ATA,erc20,"{'value': '0x1076123d2946f3f260', 'address': '0xa2120b9e674d3fc3875f415a7df52e382f141225', 'decimal': '0x12'}",{'blockTimestamp': '2021-09-28T17:06:44.000Z'}
917,0xcb2b73,0x452b3cb0aa8015225db7537109959a4282847025b1bd502b562afb0b89a12b96:log:28,0x452b3cb0aa8015225db7537109959a4282847025b1bd502b562afb0b89a12b96,0xdfd5293d8e347dfe59e90efd55b2956a1343963d,0x0843734f40b8b1f0e584c33234b6500c28fb8216,139.676,,,,ATA,erc20,"{'value': '0x079264d5f6ff760000', 'address': '0xa2120b9e674d3fc3875f415a7df52e382f141225', 'decimal': '0x12'}",{'blockTimestamp': '2021-09-28T15:07:25.000Z'}
918,0xcb2992,0x146430104a64bab3b55d6e1344fe8d31c9849703d2ac28161ccf8a404a41a532:log:202,0x146430104a64bab3b55d6e1344fe8d31c9849703d2ac28161ccf8a404a41a532,0x3c02290922a3618a4646e3bbca65853ea45fe7c6,0x91dca37856240e5e1906222ec79278b16420dc92,289023.0,,,,ATA,erc20,"{'value': '0x3d33f7dd96845c9c0000', 'address': '0xa2120b9e674d3fc3875f415a7df52e382f141225', 'decimal': '0x12'}",{'blockTimestamp': '2021-09-28T13:14:03.000Z'}
919,0xcb28bf,0xd907e132eb47cb8498ca132ef06ac9b6f615662fdf2cb3b7f64f5db37da39427:log:165,0xd907e132eb47cb8498ca132ef06ac9b6f615662fdf2cb3b7f64f5db37da39427,0x28c6c06298d514db089934071355e5743bf21d60,0x370d5156bb66cb1cc33580286d8409d586c7c7e7,40.95,,,,ATA,erc20,"{'value': '0x02384ba009a03f0000', 'address': '0xa2120b9e674d3fc3875f415a7df52e382f141225', 'decimal': '0x12'}",{'blockTimestamp': '2021-09-28T12:23:12.000Z'}
920,0xcb26e4,0x40f2d83fa2bf58604b7b635d09f52362e534c82a8463fb1b7d511898137650a9:log:287,0x40f2d83fa2bf58604b7b635d09f52362e534c82a8463fb1b7d511898137650a9,0x9cbadd5ce7e14742f70414a6dcbd4e7bb8712719,0x91dca37856240e5e1906222ec79278b16420dc92,647334.0,,,,ATA,erc20,"{'value': '0x89140be48d7a0ad80000', 'address': '0xa2120b9e674d3fc3875f415a7df52e382f141225', 'decimal': '0x12'}",{'blockTimestamp': '2021-09-28T10:40:35.000Z'}
921,0xcb257a,0xe430e1555e1f47fb7121ad9841e43983527e864087acfe9dc37071298ae52e7a:log:10,0xe430e1555e1f47fb7121ad9841e43983527e864087acfe9dc37071298ae52e7a,0x21a31ee1afc51d94c2efccaa2092ad1028285549,0x370d5156bb66cb1cc33580286d8409d586c7c7e7,1119.5249999999999,,,,ATA,erc20,"{'value': '0x3cb087c80099308000', 'address': '0xa2120b9e674d3fc3875f415a7df52e382f141225', 'decimal': '0x12'}",{'blockTimestamp': '2021-09-28T09:11:54.000Z'}
922,0xcb23b2,0x7663ec64c42ed9839cd5d77e2a6a9652f2e6a92253e6e9c2e429b25f33b012ee:log:196,0x7663ec64c42ed9839cd5d77e2a6a9652f2e6a92253e6e9c2e429b25f33b012ee,0x4aabad18f84d4f409cce7c1992c52769812a650e,0x9fa2e27ae847e49c175784d66623df8f57905ee3,984.50290239,,,,ATA,erc20,"{'value': '0x355eb8ed9a91051c00', 'address': '0xa2120b9e674d3fc3875f415a7df52e382f141225', 'decimal': '0x12'}",{'blockTimestamp': '2021-09-28T07:25:57.000Z'}
923,0xcb1cff,0x79d73e94eb8ebaf2b341282867da74263103c16217f90c03736c6823091ce87b:log:100,0x79d73e94eb8ebaf2b341282867da74263103c16217f90c03736c6823091ce87b,0x4dfbf190296ab6a11d26b51fc12d451d051faad9,0x3c02290922a3618a4646e3bbca65853ea45fe7c6,7241.999999999999,,,,ATA,erc20,"{'value': '0x018896f0763d52e80000', 'address': '0xa2120b9e674d3fc3875f415a7df52e382f141225', 'decimal': '0x12'}",{'blockTimestamp': '2021-09-28T00:51:33.000Z'}
924,0xcb1c53,0x219fd291782542f0635c2cf1bd70182c0f6e01e4bc06db45cba0867fba9f2a61:log:47,0x219fd291782542f0635c2cf1bd70182c0f6e01e4bc06db45cba0867fba9f2a61,0xdfd5293d8e347dfe59e90efd55b2956a1343963d,0x4dfbf190296ab6a11d26b51fc12d451d051faad9,7241.999999999999,,,,ATA,erc20,"{'value': '0x018896f0763d52e80000', 'address': '0xa2120b9e674d3fc3875f415a7df52e382f141225', 'decimal': '0x12'}",{'blockTimestamp': '2021-09-28T00:12:40.000Z'}
925,0xcb16d7,0x03c688e7af117909a3570bc2390481278bb283677fe6ec02e7e2442bc612e04c:log:195,0x03c688e7af117909a3570bc2390481278bb283677fe6ec02e7e2442bc612e04c,0x28c6c06298d514db089934071355e5743bf21d60,0x2f57ba385dc01b7075c38f425418ffd09cc819fe,195.628,,,,ATA,erc20,"{'value': '0x0a9ae24584b81e0000', 'address': '0xa2120b9e674d3fc3875f415a7df52e382f141225', 'decimal': '0x12'}",{'blockTimestamp': '2021-09-27T19:11:56.000Z'}
926,0xcb0ec1,0x6d09c037c9641aea9b40d34f664ce114597cc3042468f21c301c7dbf2f413806:log:88,0x6d09c037c9641aea9b40d34f664ce114597cc3042468f21c301c7dbf2f413806,0x21a31ee1afc51d94c2efccaa2092ad1028285549,0xcd0e765c1804cba918d171a9ab64f4ee9857449c,464.786,,,,ATA,erc20,"{'value': '0x19323394754eb50000', 'address': '0xa2120b9e674d3fc3875f415a7df52e382f141225', 'decimal': '0x12'}",{'blockTimestamp': '2021-09-27T11:39:54.000Z'}
927,0xcafdd5,0x7a7087a04ca8b31bf968213ab0ea3ba322157b0a8c30ad1eb0618a0d5f872195:log:13,0x7a7087a04ca8b31bf968213ab0ea3ba322157b0a8c30ad1eb0618a0d5f872195,0x95b564f3b3bae3f206aa418667ba000afafacc8a,0x24b8e1539d129802926b5661f873c333e0b058d8,214.17579051,,,,ATA,erc20,"{'value': '0x0b9c4942b785074c00', 'address': '0xa2120b9e674d3fc3875f415a7df52e382f141225', 'decimal': '0x12'}",{'blockTimestamp': '2021-09-26T19:13:10.000Z'}
928,0xcafab3,0x4fbd48e9b28da7c751e4972236f2add7e9d9e20c038863e5791a61a18607f31e:log:144,0x4fbd48e9b28da7c751e4972236f2add7e9d9e20c038863e5791a61a18607f31e,0x95b564f3b3bae3f206aa418667ba000afafacc8a,0x4003156b5a111ebbad89280c2fcc13b1f72b36a9,2758.35700029,,,,ATA,erc20,"{'value': '0x9587e4a55cad815400', 'address': '0xa2120b9e674d3fc3875f415a7df52e382f141225', 'decimal': '0x12'}",{'blockTimestamp': '2021-09-26T16:25:22.000Z'}
929,0xcaf367,0xca41d2b563d1397d667b928d7fc462741d9c3849caa42a84b6d3f04e527e8732:log:104,0xca41d2b563d1397d667b928d7fc462741d9c3849caa42a84b6d3f04e527e8732,0xdfd5293d8e347dfe59e90efd55b2956a1343963d,0x1f841da3574ddbead88f100bf18a52c0d070ea29,884.20117257,,,,ATA,erc20,"{'value': '0x2feec199c0fab70400', 'address': '0xa2120b9e674d3fc3875f415a7df52e382f141225', 'decimal': '0x12'}",{'blockTimestamp': '2021-09-26T09:22:51.000Z'}
930,0xcaee2b,0xc39d055a5d342581f055324b44ff7a94f5ed0198e881061c26d4635ee171fd48:log:216,0xc39d055a5d342581f055324b44ff7a94f5ed0198e881061c26d4635ee171fd48,0x6d3ed5be50b16ad29de38eafadce6560760b3305,0x5654d65578cda52791879751141f2f3d7dc27fe4,614.17,,,,ATA,erc20,"{'value': '0x214b5228fce5a90000', 'address': '0xa2120b9e674d3fc3875f415a7df52e382f141225', 'decimal': '0x12'}",{'blockTimestamp': '2021-09-26T04:15:13.000Z'}
931,0xcaedda,0x7e814107588ca3c0486bcadc8d53823eaed10fe7a8ebd29b1468f543ffcb78da:log:63,0x7e814107588ca3c0486bcadc8d53823eaed10fe7a8ebd29b1468f543ffcb78da,0x28c6c06298d514db089934071355e5743bf21d60,0x6d3ed5be50b16ad29de38eafadce6560760b3305,614.17,,,,ATA,erc20,"{'value': '0x214b5228fce5a90000', 'address': '0xa2120b9e674d3fc3875f415a7df52e382f141225', 'decimal': '0x12'}",{'blockTimestamp': '2021-09-26T03:58:36.000Z'}
932,0xcae9c2,0x3aba60d0fa9f883e592ac160cf72d7f1a4c894318cf5c33c89e3b834119e5ae5:log:52,0x3aba60d0fa9f883e592ac160cf72d7f1a4c894318cf5c33c89e3b834119e5ae5,0x21a31ee1afc51d94c2efccaa2092ad1028285549,0xb9728f32616987b0a836cde43fe11f07d6113157,9193.683,,,,ATA,erc20,"{'value': '0x01f263fb5a47a39b8000', 'address': '0xa2120b9e674d3fc3875f415a7df52e382f141225', 'decimal': '0x12'}",{'blockTimestamp': '2021-09-25T23:55:23.000Z'}
933,0xcae9ad,0x2a8d3a7d37397c79c74155c5edde203523790c3e21152c936008b7b437800bf1:log:18,0x2a8d3a7d37397c79c74155c5edde203523790c3e21152c936008b7b437800bf1,0xdfd5293d8e347dfe59e90efd55b2956a1343963d,0xb9728f32616987b0a836cde43fe11f07d6113157,86.0,,,,ATA,erc20,"{'value': '0x04a97d605a3b980000', 'address': '0xa2120b9e674d3fc3875f415a7df52e382f141225', 'decimal': '0x12'}",{'blockTimestamp': '2021-09-25T23:52:20.000Z'}
934,0xcae277,0x3542fab2bd7c80868bf0ffaa56bb1cf58fb95d91e0d712ffd21552cbfddfc717:log:407,0x3542fab2bd7c80868bf0ffaa56bb1cf58fb95d91e0d712ffd21552cbfddfc717,0x20e74b82e9c2b24063c516397cd1fc2eeeb17cc0,0x3c02290922a3618a4646e3bbca65853ea45fe7c6,31684.86,,,,ATA,erc20,"{'value': '0x06b5a3c3886abf660000', 'address': '0xa2120b9e674d3fc3875f415a7df52e382f141225', 'decimal': '0x12'}",{'blockTimestamp': '2021-09-25T17:14:37.000Z'}
935,0xcae15e,0xdfeaa6d2e26f00e63b79e4026f88f97970f5da68d48668573b295e8597dfa5bd:log:26,0xdfeaa6d2e26f00e63b79e4026f88f97970f5da68d48668573b295e8597dfa5bd,0x28c6c06298d514db089934071355e5743bf21d60,0x20e74b82e9c2b24063c516397cd1fc2eeeb17cc0,31684.86,,,,ATA,erc20,"{'value': '0x06b5a3c3886abf660000', 'address': '0xa2120b9e674d3fc3875f415a7df52e382f141225', 'decimal': '0x12'}",{'blockTimestamp': '2021-09-25T16:06:29.000Z'}
936,0xcad115,0xa698169b2f1465733aa43a5552dc356cfc2ab5096e00264b20bc896cc3d3dee3:log:58,0xa698169b2f1465733aa43a5552dc356cfc2ab5096e00264b20bc896cc3d3dee3,0x20e74b82e9c2b24063c516397cd1fc2eeeb17cc0,0x3c02290922a3618a4646e3bbca65853ea45fe7c6,29935.96,,,,ATA,erc20,"{'value': '0x0656d4e6947c7ebc0000', 'address': '0xa2120b9e674d3fc3875f415a7df52e382f141225', 'decimal': '0x12'}",{'blockTimestamp': '2021-09-25T00:51:11.000Z'}
937,0xcad0b5,0x526f47f2bba6d268db7c7f7564bd1ca1e6fcff2faa0ff10c9967387d7187648e:log:48,0x526f47f2bba6d268db7c7f7564bd1ca1e6fcff2faa0ff10c9967387d7187648e,0x21a31ee1afc51d94c2efccaa2092ad1028285549,0x20e74b82e9c2b24063c516397cd1fc2eeeb17cc0,29935.96,,,,ATA,erc20,"{'value': '0x0656d4e6947c7ebc0000', 'address': '0xa2120b9e674d3fc3875f415a7df52e382f141225', 'decimal': '0x12'}",{'blockTimestamp': '2021-09-25T00:29:21.000Z'}
938,0xcacc57,0xe6524f2467e1dfdc8b8c544002c8e513d2953d63dff97a4ce1a6b6b4989f0744:log:224,0xe6524f2467e1dfdc8b8c544002c8e513d2953d63dff97a4ce1a6b6b4989f0744,0x95b564f3b3bae3f206aa418667ba000afafacc8a,0xe30a35e92327fb2d8bc9234e80f72897198af344,1554.14564214,,,,ATA,erc20,"{'value': '0x54401a7b4f500f1800', 'address': '0xa2120b9e674d3fc3875f415a7df52e382f141225', 'decimal': '0x12'}",{'blockTimestamp': '2021-09-24T20:16:23.000Z'}
939,0xcacc37,0xcdbc60829e85988b6e7bc5caeeb6f15ae08632e281c57655bc27d0d580adcec3:log:19,0xcdbc60829e85988b6e7bc5caeeb6f15ae08632e281c57655bc27d0d580adcec3,0x95b564f3b3bae3f206aa418667ba000afafacc8a,0xe30a35e92327fb2d8bc9234e80f72897198af344,100.0,,,,ATA,erc20,"{'value': '0x056bc75e2d63100000', 'address': '0xa2120b9e674d3fc3875f415a7df52e382f141225', 'decimal': '0x12'}",{'blockTimestamp': '2021-09-24T20:11:41.000Z'}
940,0xcacc05,0xf72a8c3f63d73972c91d6689ba51b20427ad5f704d4a75d45261efbfbe6128fc:log:62,0xf72a8c3f63d73972c91d6689ba51b20427ad5f704d4a75d45261efbfbe6128fc,0xdfd5293d8e347dfe59e90efd55b2956a1343963d,0x0b256be7aae40b944fef7899235b943c0b4d9495,76.7,,,,ATA,erc20,"{'value': '0x04286d23a040760000', 'address': '0xa2120b9e674d3fc3875f415a7df52e382f141225', 'decimal': '0x12'}",{'blockTimestamp': '2021-09-24T19:59:28.000Z'}
941,0xcac935,0xb1b083c72fe8a3dad2045baec2d75edb761daafbc5f20cf9c228a7aaca42da9d:log:157,0xb1b083c72fe8a3dad2045baec2d75edb761daafbc5f20cf9c228a7aaca42da9d,0x20e74b82e9c2b24063c516397cd1fc2eeeb17cc0,0x3c02290922a3618a4646e3bbca65853ea45fe7c6,29795.74,,,,ATA,erc20,"{'value': '0x064f3af5116759760000', 'address': '0xa2120b9e674d3fc3875f415a7df52e382f141225', 'decimal': '0x12'}",{'blockTimestamp': '2021-09-24T17:23:03.000Z'}
942,0xcac4d9,0xb6dd872052b77de90733796793f277d471656a5e5d676e7c3e73f1755e223a47:log:57,0xb6dd872052b77de90733796793f277d471656a5e5d676e7c3e73f1755e223a47,0x28c6c06298d514db089934071355e5743bf21d60,0x20e74b82e9c2b24063c516397cd1fc2eeeb17cc0,29795.74,,,,ATA,erc20,"{'value': '0x064f3af5116759760000', 'address': '0xa2120b9e674d3fc3875f415a7df52e382f141225', 'decimal': '0x12'}",{'blockTimestamp': '2021-09-24T13:06:41.000Z'}
943,0xcac351,0xa29a6ade9315b25f4a94ea7f166b72723a24561bb391cb8485e7f7adc42d0022:log:52,0xa29a6ade9315b25f4a94ea7f166b72723a24561bb391cb8485e7f7adc42d0022,0x21a31ee1afc51d94c2efccaa2092ad1028285549,0x10e576e06ccdbf91fafeb5fef6acd10b5cceef70,505.6029475,,,,ATA,erc20,"{'value': '0x1b68a681f3b7f9b800', 'address': '0xa2120b9e674d3fc3875f415a7df52e382f141225', 'decimal': '0x12'}",{'blockTimestamp': '2021-09-24T11:35:32.000Z'}
944,0xcac168,0x93ab2067d168324fd11b2d712312ff8bacbd874b308b7a0f26c07c3ece14eb25:log:295,0x93ab2067d168324fd11b2d712312ff8bacbd874b308b7a0f26c07c3ece14eb25,0x8425914f0f4235f1087cad45e02f414745c7a679,0x6b9dccf780506ceb8bb041aaac757b52c50bd878,887.374,,,,ATA,erc20,"{'value': '0x301ac9bf7db57b0000', 'address': '0xa2120b9e674d3fc3875f415a7df52e382f141225', 'decimal': '0x12'}",{'blockTimestamp': '2021-09-24T09:45:03.000Z'}
945,0xcac150,0x12e9321402ca61d7b9dbf3a2888c182f8f13515a2ff71ad377f81cb782f9eca4:log:112,0x12e9321402ca61d7b9dbf3a2888c182f8f13515a2ff71ad377f81cb782f9eca4,0x38d8d5efe375535a42acdf2da1c65f2c37af0df3,0x95ce8a41781def7d43178859cf5832ca96af3884,796.167,,,,ATA,erc20,"{'value': '0x2b29096439f86d8000', 'address': '0xa2120b9e674d3fc3875f415a7df52e382f141225', 'decimal': '0x12'}",{'blockTimestamp': '2021-09-24T09:41:12.000Z'}
946,0xcabff1,0xdce0980effa81a4adb86920fad36748eb94639ac6907b627521cac7bd43a2d29:log:205,0xdce0980effa81a4adb86920fad36748eb94639ac6907b627521cac7bd43a2d29,0x97dd25c0d4e47989bb47ed2d6ef9eb2cf8f75d87,0x73ce68c63924a64cb59d72587a04ef439a2fa6e6,457.31912,,,,ATA,erc20,"{'value': '0x18ca93e4a8d23d0000', 'address': '0xa2120b9e674d3fc3875f415a7df52e382f141225', 'decimal': '0x12'}",{'blockTimestamp': '2021-09-24T08:28:11.000Z'}
947,0xcab5e6,0xa966bc2ec93c7b0dc05c5b4390b252db8b3eed7f8dd16d139a374a97fc44f47b:log:244,0xa966bc2ec93c7b0dc05c5b4390b252db8b3eed7f8dd16d139a374a97fc44f47b,0x74de5d4fcbf63e00296fd95d33236b9794016631,0x5654d65578cda52791879751141f2f3d7dc27fe4,23.265728673022565,,,,ATA,erc20,"{'value': '0x0142e078f604215b10', 'address': '0xa2120b9e674d3fc3875f415a7df52e382f141225', 'decimal': '0x12'}",{'blockTimestamp': '2021-09-23T23:03:57.000Z'}
948,0xcab5e6,0xa966bc2ec93c7b0dc05c5b4390b252db8b3eed7f8dd16d139a374a97fc44f47b:log:241,0xa966bc2ec93c7b0dc05c5b4390b252db8b3eed7f8dd16d139a374a97fc44f47b,0xc0408c0fa18af3e6ede04b90bf780961bb13f534,0x74de5d4fcbf63e00296fd95d33236b9794016631,23.265728673022565,,,,ATA,erc20,"{'value': '0x0142e078f604215b10', 'address': '0xa2120b9e674d3fc3875f415a7df52e382f141225', 'decimal': '0x12'}",{'blockTimestamp': '2021-09-23T23:03:57.000Z'}
949,0xcab5b9,0x1640d721a5b9eea674565d7e7bb7cd0b9536b7ecbbfddab8bc235c682790a20c:log:518,0x1640d721a5b9eea674565d7e7bb7cd0b9536b7ecbbfddab8bc235c682790a20c,0x74de5d4fcbf63e00296fd95d33236b9794016631,0xc0408c0fa18af3e6ede04b90bf780961bb13f534,23.265728673022565,,,,ATA,erc20,"{'value': '0x0142e078f604215b10', 'address': '0xa2120b9e674d3fc3875f415a7df52e382f141225', 'decimal': '0x12'}",{'blockTimestamp': '2021-09-23T22:55:05.000Z'}
950,0xcab5b9,0x1640d721a5b9eea674565d7e7bb7cd0b9536b7ecbbfddab8bc235c682790a20c:log:515,0x1640d721a5b9eea674565d7e7bb7cd0b9536b7ecbbfddab8bc235c682790a20c,0x5654d65578cda52791879751141f2f3d7dc27fe4,0x74de5d4fcbf63e00296fd95d33236b9794016631,23.265728673022565,,,,ATA,erc20,"{'value': '0x0142e078f604215b10', 'address': '0xa2120b9e674d3fc3875f415a7df52e382f141225', 'decimal': '0x12'}",{'blockTimestamp': '2021-09-23T22:55:05.000Z'}
951,0xcab278,0x24395cfec3c3d381a5b2d9590941ff591a1af8c2b83faafa35b9c9386f30de19:log:61,0x24395cfec3c3d381a5b2d9590941ff591a1af8c2b83faafa35b9c9386f30de19,0x20e74b82e9c2b24063c516397cd1fc2eeeb17cc0,0x3c02290922a3618a4646e3bbca65853ea45fe7c6,46774.66,,,,ATA,erc20,"{'value': '0x09e7a8ce673ae8da0000', 'address': '0xa2120b9e674d3fc3875f415a7df52e382f141225', 'decimal': '0x12'}",{'blockTimestamp': '2021-09-23T19:51:21.000Z'}
952,0xcab0ef,0xf3c44e27ea13cdce1562cd0339c3d30b37c1130222d3526971930b4276965d48:log:12,0xf3c44e27ea13cdce1562cd0339c3d30b37c1130222d3526971930b4276965d48,0xdfd5293d8e347dfe59e90efd55b2956a1343963d,0x20e74b82e9c2b24063c516397cd1fc2eeeb17cc0,46774.66,,,,ATA,erc20,"{'value': '0x09e7a8ce673ae8da0000', 'address': '0xa2120b9e674d3fc3875f415a7df52e382f141225', 'decimal': '0x12'}",{'blockTimestamp': '2021-09-23T18:24:16.000Z'}
953,0xcaadbf,0x2feae1fadf81fb67bbee7b3b3fe032159feefa30a4e9c109973683fc31d9a0b2:log:615,0x2feae1fadf81fb67bbee7b3b3fe032159feefa30a4e9c109973683fc31d9a0b2,0x68def4f58b17282aa213917b4318eb7b76fbb18d,0x76919c32bca37c2338c99a2611b2ccef6bb1be67,317.403748,,,,ATA,erc20,"{'value': '0x1134dca320fd9a4000', 'address': '0xa2120b9e674d3fc3875f415a7df52e382f141225', 'decimal': '0x12'}",{'blockTimestamp': '2021-09-23T15:13:44.000Z'}
954,0xcaa9de,0xda4adb9fa21d8d828565a618830711bd52d553788b1d0c53366005317c7e5a53:log:358,0xda4adb9fa21d8d828565a618830711bd52d553788b1d0c53366005317c7e5a53,0x1e24a0b016d6cad8fb2caab89792633c53b4b5f6,0xdeab0c53d5ece0285b36bbb04d06a3c415c73c63,358.0,,,,ATA,erc20,"{'value': '0x13683f7f3c15d80000', 'address': '0xa2120b9e674d3fc3875f415a7df52e382f141225', 'decimal': '0x12'}",{'blockTimestamp': '2021-09-23T11:34:25.000Z'}
955,0xcaa912,0xba08fb9bfa4203c29021cef4d194413868450546cbfde8688ce410b583498629:log:153,0xba08fb9bfa4203c29021cef4d194413868450546cbfde8688ce410b583498629,0x4dfbf190296ab6a11d26b51fc12d451d051faad9,0x3c02290922a3618a4646e3bbca65853ea45fe7c6,7244.0,,,,ATA,erc20,"{'value': '0x0188b2b1e3a4a1b00000', 'address': '0xa2120b9e674d3fc3875f415a7df52e382f141225', 'decimal': '0x12'}",{'blockTimestamp': '2021-09-23T10:51:04.000Z'}
956,0xcaa8b3,0xf0f5c7d0636321636396364cc38486df3086059c40be4b94401d785f395b56d9:log:11,0xf0f5c7d0636321636396364cc38486df3086059c40be4b94401d785f395b56d9,0x28c6c06298d514db089934071355e5743bf21d60,0x4dfbf190296ab6a11d26b51fc12d451d051faad9,7244.0,,,,ATA,erc20,"{'value': '0x0188b2b1e3a4a1b00000', 'address': '0xa2120b9e674d3fc3875f415a7df52e382f141225', 'decimal': '0x12'}",{'blockTimestamp': '2021-09-23T10:27:22.000Z'}
957,0xcaa751,0xdad396d5284443f094fd5e05ae3aad566e12916bb64e0f297734cb06c7f787eb:log:122,0xdad396d5284443f094fd5e05ae3aad566e12916bb64e0f297734cb06c7f787eb,0x21a31ee1afc51d94c2efccaa2092ad1028285549,0x3e13df75283813e6e066e0459055c27daa0e6a5c,2000.9720000000002,,,,ATA,erc20,"{'value': '0x6c791098655eee0000', 'address': '0xa2120b9e674d3fc3875f415a7df52e382f141225', 'decimal': '0x12'}",{'blockTimestamp': '2021-09-23T09:08:44.000Z'}
958,0xcaa72d,0x3b78c41f3fc7c88f3b6caea4de00eb1390adafa2fcf2a33d42c1a796efb92476:log:324,0x3b78c41f3fc7c88f3b6caea4de00eb1390adafa2fcf2a33d42c1a796efb92476,0x4dfbf190296ab6a11d26b51fc12d451d051faad9,0x3c02290922a3618a4646e3bbca65853ea45fe7c6,7827.0,,,,ATA,erc20,"{'value': '0x01a84d71f6c6d66c0000', 'address': '0xa2120b9e674d3fc3875f415a7df52e382f141225', 'decimal': '0x12'}",{'blockTimestamp': '2021-09-23T09:01:27.000Z'}
959,0xcaa632,0xf866283156e5b38b038aa385cfcf6c327a713c0c6dfb25aa7bfee75001fdb07b:log:224,0xf866283156e5b38b038aa385cfcf6c327a713c0c6dfb25aa7bfee75001fdb07b,0x4dfbf190296ab6a11d26b51fc12d451d051faad9,0x3c02290922a3618a4646e3bbca65853ea45fe7c6,7829.0,,,,ATA,erc20,"{'value': '0x01a86933642e25340000', 'address': '0xa2120b9e674d3fc3875f415a7df52e382f141225', 'decimal': '0x12'}",{'blockTimestamp': '2021-09-23T08:10:02.000Z'}
960,0xcaa4b6,0x18c20f97b90a7de58b55a3fe8531ac4744dc986a74f27ff6d140df853cf9707e:log:93,0x18c20f97b90a7de58b55a3fe8531ac4744dc986a74f27ff6d140df853cf9707e,0xdfd5293d8e347dfe59e90efd55b2956a1343963d,0xb1274ba1e30f138986f281c19fbb0874ca278192,241.82121292,,,,ATA,erc20,"{'value': '0x0d1bf187ed52b3b000', 'address': '0xa2120b9e674d3fc3875f415a7df52e382f141225', 'decimal': '0x12'}",{'blockTimestamp': '2021-09-23T06:43:34.000Z'}
961,0xca9b06,0x0015d8eff3fa1270f28ebc91a53e16ad5242df35627f09e466a411b9d78c2dc1:log:81,0x0015d8eff3fa1270f28ebc91a53e16ad5242df35627f09e466a411b9d78c2dc1,0x28c6c06298d514db089934071355e5743bf21d60,0xacaa6b5d4fd11a09be764a1e35397906db2cac26,459.72098638999995,,,,ATA,erc20,"{'value': '0x18ebe9096a60235c00', 'address': '0xa2120b9e674d3fc3875f415a7df52e382f141225', 'decimal': '0x12'}",{'blockTimestamp': '2021-09-22T21:20:28.000Z'}
962,0xca87b2,0x2f3001699d4fb533cf2c77a80fac908f60f9438ff1a101555033c62aa5ac004a:log:168,0x2f3001699d4fb533cf2c77a80fac908f60f9438ff1a101555033c62aa5ac004a,0x21a31ee1afc51d94c2efccaa2092ad1028285549,0x4dfbf190296ab6a11d26b51fc12d451d051faad9,7827.0,,,,ATA,erc20,"{'value': '0x01a84d71f6c6d66c0000', 'address': '0xa2120b9e674d3fc3875f415a7df52e382f141225', 'decimal': '0x12'}",{'blockTimestamp': '2021-09-22T02:57:51.000Z'}
963,0xca854c,0x0a17711517ab3c0e0ca5db526d143a31b0e83349b38d24908383aa48c6cac32c:log:114,0x0a17711517ab3c0e0ca5db526d143a31b0e83349b38d24908383aa48c6cac32c,0xdfd5293d8e347dfe59e90efd55b2956a1343963d,0x4dfbf190296ab6a11d26b51fc12d451d051faad9,7829.0,,,,ATA,erc20,"{'value': '0x01a86933642e25340000', 'address': '0xa2120b9e674d3fc3875f415a7df52e382f141225', 'decimal': '0x12'}",{'blockTimestamp': '2021-09-22T00:30:54.000Z'}
964,0xca8497,0xe4485910c5c1451a3713a8b770ea5614b99440009974fd2ca635a9b17b6190d3:log:139,0xe4485910c5c1451a3713a8b770ea5614b99440009974fd2ca635a9b17b6190d3,0x4dfbf190296ab6a11d26b51fc12d451d051faad9,0x3c02290922a3618a4646e3bbca65853ea45fe7c6,6425.0,,,,ATA,erc20,"{'value': '0x015c4cc962e41cc40000', 'address': '0xa2120b9e674d3fc3875f415a7df52e382f141225', 'decimal': '0x12'}",{'blockTimestamp': '2021-09-21T23:51:17.000Z'}
965,0xca8423,0x874fd852218fbea3d6259b90d39037124206206db70bf386af3e8a8f0957f90a:log:79,0x874fd852218fbea3d6259b90d39037124206206db70bf386af3e8a8f0957f90a,0x28c6c06298d514db089934071355e5743bf21d60,0x4dfbf190296ab6a11d26b51fc12d451d051faad9,6425.0,,,,ATA,erc20,"{'value': '0x015c4cc962e41cc40000', 'address': '0xa2120b9e674d3fc3875f415a7df52e382f141225', 'decimal': '0x12'}",{'blockTimestamp': '2021-09-21T23:24:48.000Z'}
966,0xca8176,0x82677516b04bd84530c1f518d41e120993317d58b991662d60b0473e84664fe8:log:78,0x82677516b04bd84530c1f518d41e120993317d58b991662d60b0473e84664fe8,0x4dfbf190296ab6a11d26b51fc12d451d051faad9,0x3c02290922a3618a4646e3bbca65853ea45fe7c6,6425.999999999999,,,,ATA,erc20,"{'value': '0x015c5aaa1997c4280000', 'address': '0xa2120b9e674d3fc3875f415a7df52e382f141225', 'decimal': '0x12'}",{'blockTimestamp': '2021-09-21T20:51:53.000Z'}
967,0xca8151,0x14d531152c80bfa97d080d203f7c977ff9ee503f99b7ea471133b4e37f8213bd:log:47,0x14d531152c80bfa97d080d203f7c977ff9ee503f99b7ea471133b4e37f8213bd,0x21a31ee1afc51d94c2efccaa2092ad1028285549,0x4dfbf190296ab6a11d26b51fc12d451d051faad9,6425.999999999999,,,,ATA,erc20,"{'value': '0x015c5aaa1997c4280000', 'address': '0xa2120b9e674d3fc3875f415a7df52e382f141225', 'decimal': '0x12'}",{'blockTimestamp': '2021-09-21T20:44:56.000Z'}
968,0xca7b31,0x4d41d54b32db3c929eb219e951d79729e3d76e8d2803c699f63d9df52b114652:log:227,0x4d41d54b32db3c929eb219e951d79729e3d76e8d2803c699f63d9df52b114652,0x4dfbf190296ab6a11d26b51fc12d451d051faad9,0x3c02290922a3618a4646e3bbca65853ea45fe7c6,6435.0,,,,ATA,erc20,"{'value': '0x015cd79085e8a6ac0000', 'address': '0xa2120b9e674d3fc3875f415a7df52e382f141225', 'decimal': '0x12'}",{'blockTimestamp': '2021-09-21T14:59:19.000Z'}
969,0xca7a5e,0x56b815c26cd071447cba0f693edb3305507eb9a4c33e44507746d0c1d920e000:log:113,0x56b815c26cd071447cba0f693edb3305507eb9a4c33e44507746d0c1d920e000,0xdfd5293d8e347dfe59e90efd55b2956a1343963d,0x4dfbf190296ab6a11d26b51fc12d451d051faad9,6435.0,,,,ATA,erc20,"{'value': '0x015cd79085e8a6ac0000', 'address': '0xa2120b9e674d3fc3875f415a7df52e382f141225', 'decimal': '0x12'}",{'blockTimestamp': '2021-09-21T14:07:53.000Z'}
970,0xca77e1,0x8075a173902a951052f970d332fa02ee115ab7ba20183e5276b3ef8a3d884521:log:26,0x8075a173902a951052f970d332fa02ee115ab7ba20183e5276b3ef8a3d884521,0x4dfbf190296ab6a11d26b51fc12d451d051faad9,0x3c02290922a3618a4646e3bbca65853ea45fe7c6,38527.0,,,,ATA,erc20,"{'value': '0x08288d87e734a29c0000', 'address': '0xa2120b9e674d3fc3875f415a7df52e382f141225', 'decimal': '0x12'}",{'blockTimestamp': '2021-09-21T11:51:35.000Z'}
971,0xca77d3,0x73fab75c69a7415c06c4936dc2988801203c784358c444157e7182d01a133f0e:log:42,0x73fab75c69a7415c06c4936dc2988801203c784358c444157e7182d01a133f0e,0x4dfbf190296ab6a11d26b51fc12d451d051faad9,0x3c02290922a3618a4646e3bbca65853ea45fe7c6,6416.0,,,,ATA,erc20,"{'value': '0x015bcfe2f6933a400000', 'address': '0xa2120b9e674d3fc3875f415a7df52e382f141225', 'decimal': '0x12'}",{'blockTimestamp': '2021-09-21T11:49:13.000Z'}
972,0xca7720,0x05b8e9bb670d511b7bc36eb3f174a45cdc76eae8ae1066b32161b92d889e8ded:log:36,0x05b8e9bb670d511b7bc36eb3f174a45cdc76eae8ae1066b32161b92d889e8ded,0x28c6c06298d514db089934071355e5743bf21d60,0xc39e747b0bfffdd2c81a2d64a89f51b8a4b0a4b5,29.42496504,,,,ATA,erc20,"{'value': '0x01985a79cdc17ce000', 'address': '0xa2120b9e674d3fc3875f415a7df52e382f141225', 'decimal': '0x12'}",{'blockTimestamp': '2021-09-21T11:09:52.000Z'}
973,0xca73b7,0xd31d675b1d5791892ca954f1975a41c18580a796c0f95a11a339e098ef92f035:log:72,0xd31d675b1d5791892ca954f1975a41c18580a796c0f95a11a339e098ef92f035,0x29984d1f9055cafb02dcdd53c54b727902e44975,0x28c6c06298d514db089934071355e5743bf21d60,235328.56000000003,,,,ATA,erc20,"{'value': '0x31d52fd21fda47380000', 'address': '0xa2120b9e674d3fc3875f415a7df52e382f141225', 'decimal': '0x12'}",{'blockTimestamp': '2021-09-21T07:59:54.000Z'}
974,0xca6e22,0x757645f81c5bffe6ce7b8da1abc99e7235cd8ec064c7ce48a4c13c987d7cfc8e:log:51,0x757645f81c5bffe6ce7b8da1abc99e7235cd8ec064c7ce48a4c13c987d7cfc8e,0x21a31ee1afc51d94c2efccaa2092ad1028285549,0x4dfbf190296ab6a11d26b51fc12d451d051faad9,6415.0,,,,ATA,erc20,"{'value': '0x015bc2023fdf92dc0000', 'address': '0xa2120b9e674d3fc3875f415a7df52e382f141225', 'decimal': '0x12'}",{'blockTimestamp': '2021-09-21T02:39:27.000Z'}
975,0xca6c38,0xa20e8f589e5e4842bd446499a400fbf34011da33fa1b264cd62ba5f513e05a02:log:130,0xa20e8f589e5e4842bd446499a400fbf34011da33fa1b264cd62ba5f513e05a02,0x95b564f3b3bae3f206aa418667ba000afafacc8a,0x29984d1f9055cafb02dcdd53c54b727902e44975,235328.56000000003,,,,ATA,erc20,"{'value': '0x31d52fd21fda47380000', 'address': '0xa2120b9e674d3fc3875f415a7df52e382f141225', 'decimal': '0x12'}",{'blockTimestamp': '2021-09-21T00:49:34.000Z'}
976,0xca6c15,0x1ef6e82f62f598edb414d4dc0e139ac87c65e70532364f7aa7065a82e4311724:log:158,0x1ef6e82f62f598edb414d4dc0e139ac87c65e70532364f7aa7065a82e4311724,0x28c6c06298d514db089934071355e5743bf21d60,0xdfd5293d8e347dfe59e90efd55b2956a1343963d,862251.7855404799,,,,ATA,erc20,"{'value': '0xb696c3510f5050e30000', 'address': '0xa2120b9e674d3fc3875f415a7df52e382f141225', 'decimal': '0x12'}",{'blockTimestamp': '2021-09-21T00:40:29.000Z'}
977,0xca6c09,0xa77b6639663fb4fea7c1042d3b8146ff6dbb45c778535dd6f7b8a82de8b141e1:log:69,0xa77b6639663fb4fea7c1042d3b8146ff6dbb45c778535dd6f7b8a82de8b141e1,0xdfd5293d8e347dfe59e90efd55b2956a1343963d,0x95b564f3b3bae3f206aa418667ba000afafacc8a,238508.22,,,,ATA,erc20,"{'value': '0x32818e77b34abdc60000', 'address': '0xa2120b9e674d3fc3875f415a7df52e382f141225', 'decimal': '0x12'}",{'blockTimestamp': '2021-09-21T00:38:23.000Z'}
978,0xca6bce,0xb9a72dfee8aa99c7ddae360395c4d4dcf2b0ddb199c6bfb065b3de6a1cbcfa2f:log:59,0xb9a72dfee8aa99c7ddae360395c4d4dcf2b0ddb199c6bfb065b3de6a1cbcfa2f,0x28c6c06298d514db089934071355e5743bf21d60,0x4dfbf190296ab6a11d26b51fc12d451d051faad9,6429.0,,,,ATA,erc20,"{'value': '0x015c844c3db2ba540000', 'address': '0xa2120b9e674d3fc3875f415a7df52e382f141225', 'decimal': '0x12'}",{'blockTimestamp': '2021-09-21T00:25:43.000Z'}
979,0xca66f4,0xf37b71d8b8726b7a08a4f4c634dc83fdaa0a9227ecc270c8976232e0cc34994e:log:81,0xf37b71d8b8726b7a08a4f4c634dc83fdaa0a9227ecc270c8976232e0cc34994e,0x21a31ee1afc51d94c2efccaa2092ad1028285549,0x4dfbf190296ab6a11d26b51fc12d451d051faad9,6429.0,,,,ATA,erc20,"{'value': '0x015c844c3db2ba540000', 'address': '0xa2120b9e674d3fc3875f415a7df52e382f141225', 'decimal': '0x12'}",{'blockTimestamp': '2021-09-20T19:52:46.000Z'}
980,0xca64ac,0x01dfa51e5408ab7c21744bd26dc43886e480f1a704fea1c36256eaf3979ad26b:log:31,0x01dfa51e5408ab7c21744bd26dc43886e480f1a704fea1c36256eaf3979ad26b,0xdfd5293d8e347dfe59e90efd55b2956a1343963d,0x39034fa730a7b460a82ffbf9b00a7e35a437dc94,2031.246,,,,ATA,erc20,"{'value': '0x6e1d3372ff591b0000', 'address': '0xa2120b9e674d3fc3875f415a7df52e382f141225', 'decimal': '0x12'}",{'blockTimestamp': '2021-09-20T17:44:21.000Z'}
981,0xca640d,0x868200074df9f78b51cde7d636a8504fc1716d1fc294417f6c6d8165cd811c2d:log:319,0x868200074df9f78b51cde7d636a8504fc1716d1fc294417f6c6d8165cd811c2d,0x14adbf11161e2a31cf7688630dde745a1d3a5f78,0x14adbf11161e2a31cf7688630dde745a1d3a5f78,19.0,,,,ATA,erc20,"{'value': '0x0107ad8f556c6c0000', 'address': '0xa2120b9e674d3fc3875f415a7df52e382f141225', 'decimal': '0x12'}",{'blockTimestamp': '2021-09-20T17:03:12.000Z'}
982,0xca6155,0x9899dff66649179139459c1af2b863d2a6f03739e1982fa9f851712f96eed1ea:log:59,0x9899dff66649179139459c1af2b863d2a6f03739e1982fa9f851712f96eed1ea,0x28c6c06298d514db089934071355e5743bf21d60,0x4dfbf190296ab6a11d26b51fc12d451d051faad9,6419.0,,,,ATA,erc20,"{'value': '0x015bf9851aae306c0000', 'address': '0xa2120b9e674d3fc3875f415a7df52e382f141225', 'decimal': '0x12'}",{'blockTimestamp': '2021-09-20T14:35:29.000Z'}
983,0xca604a,0x27e451e280c031ca368a3fe33e309909aea0b1fca8efa151fa2d1d7cd6a25cc0:log:102,0x27e451e280c031ca368a3fe33e309909aea0b1fca8efa151fa2d1d7cd6a25cc0,0x21a31ee1afc51d94c2efccaa2092ad1028285549,0x4dfbf190296ab6a11d26b51fc12d451d051faad9,6417.999999999999,,,,ATA,erc20,"{'value': '0x015beba463fa89080000', 'address': '0xa2120b9e674d3fc3875f415a7df52e382f141225', 'decimal': '0x12'}",{'blockTimestamp': '2021-09-20T13:36:13.000Z'}
984,0xca5f8a,0x59088e059a8af03565eed161341de98583f9abec1624cc31d3631c97cb10e30b:log:108,0x59088e059a8af03565eed161341de98583f9abec1624cc31d3631c97cb10e30b,0x2ca5231f460e59a1ba9a8fe599034c67f09c932e,0x28c6c06298d514db089934071355e5743bf21d60,41675.0,,,,ATA,erc20,"{'value': '0x08d334ce9063044c0000', 'address': '0xa2120b9e674d3fc3875f415a7df52e382f141225', 'decimal': '0x12'}",{'blockTimestamp': '2021-09-20T12:59:56.000Z'}
985,0xca5f5d,0x8f6b10a685364d78693c29f4cbfbf71defef1a3731a03f3ba9ad8d36aba37124:log:157,0x8f6b10a685364d78693c29f4cbfbf71defef1a3731a03f3ba9ad8d36aba37124,0x89ba1510f92d99d4f6968b0e2999a096c7347f50,0x2ca5231f460e59a1ba9a8fe599034c67f09c932e,41675.0,,,,ATA,erc20,"{'value': '0x08d334ce9063044c0000', 'address': '0xa2120b9e674d3fc3875f415a7df52e382f141225', 'decimal': '0x12'}",{'blockTimestamp': '2021-09-20T12:48:22.000Z'}
986,0xca5f26,0xe05d0280e950c67ea01caecbad74baaa4518ca3ab82c06841f142dbd873a695b:log:68,0xe05d0280e950c67ea01caecbad74baaa4518ca3ab82c06841f142dbd873a695b,0xdfd5293d8e347dfe59e90efd55b2956a1343963d,0x4dfbf190296ab6a11d26b51fc12d451d051faad9,6417.0,,,,ATA,erc20,"{'value': '0x015bddc3ad46e1a40000', 'address': '0xa2120b9e674d3fc3875f415a7df52e382f141225', 'decimal': '0x12'}",{'blockTimestamp': '2021-09-20T12:36:35.000Z'}
987,0xca5ed9,0x3140a139d9ab4d4f1bc96f25f082083f3946ae66be902550324c05192de1ad2e:log:55,0x3140a139d9ab4d4f1bc96f25f082083f3946ae66be902550324c05192de1ad2e,0x28c6c06298d514db089934071355e5743bf21d60,0x3e2455b4eb387e7967caca6b3d8aff01dbfabe74,73.212,,,,ATA,erc20,"{'value': '0x03f805461b2fe60000', 'address': '0xa2120b9e674d3fc3875f415a7df52e382f141225', 'decimal': '0x12'}",{'blockTimestamp': '2021-09-20T12:15:21.000Z'}
988,0xca5da4,0x9bed5b482c83b958d24b6d27cc71a92f5d37501f26246e29f1a049c93874b4c3:log:52,0x9bed5b482c83b958d24b6d27cc71a92f5d37501f26246e29f1a049c93874b4c3,0x21a31ee1afc51d94c2efccaa2092ad1028285549,0x4dfbf190296ab6a11d26b51fc12d451d051faad9,6416.0,,,,ATA,erc20,"{'value': '0x015bcfe2f6933a400000', 'address': '0xa2120b9e674d3fc3875f415a7df52e382f141225', 'decimal': '0x12'}",{'blockTimestamp': '2021-09-20T11:01:59.000Z'}
989,0xca5b4a,0xe2a1d6ed32610269014d0b31ae47d28a627f2a396c575d6ca1a903f340e27907:log:69,0xe2a1d6ed32610269014d0b31ae47d28a627f2a396c575d6ca1a903f340e27907,0x4dfbf190296ab6a11d26b51fc12d451d051faad9,0x3c02290922a3618a4646e3bbca65853ea45fe7c6,6411.0,,,,ATA,erc20,"{'value': '0x015b8a7f6510f54c0000', 'address': '0xa2120b9e674d3fc3875f415a7df52e382f141225', 'decimal': '0x12'}",{'blockTimestamp': '2021-09-20T08:51:37.000Z'}
990,0xca59ed,0x889ddd1ca09a83e8627744680175de76acd997b374e9d577b258dc28066fe11d:log:401,0x889ddd1ca09a83e8627744680175de76acd997b374e9d577b258dc28066fe11d,0xdfd5293d8e347dfe59e90efd55b2956a1343963d,0x4dfbf190296ab6a11d26b51fc12d451d051faad9,6411.0,,,,ATA,erc20,"{'value': '0x015b8a7f6510f54c0000', 'address': '0xa2120b9e674d3fc3875f415a7df52e382f141225', 'decimal': '0x12'}",{'blockTimestamp': '2021-09-20T07:35:08.000Z'}
991,0xca5850,0x22d3a470255706770a934f572e9e72d6fd497b90ea500992df5b98a5837fe8fe:log:236,0x22d3a470255706770a934f572e9e72d6fd497b90ea500992df5b98a5837fe8fe,0x026fb498ce77c5e6a4c4608f26bd29ace932682c,0x28c6c06298d514db089934071355e5743bf21d60,1692.959818,,,,ATA,erc20,"{'value': '0x5bc68980c913f6a000', 'address': '0xa2120b9e674d3fc3875f415a7df52e382f141225', 'decimal': '0x12'}",{'blockTimestamp': '2021-09-20T06:00:03.000Z'}
992,0xca5850,0x0882f0edd4a502021982bf5645daa03ad46d4039756ec56b41027caeb946e119:log:224,0x0882f0edd4a502021982bf5645daa03ad46d4039756ec56b41027caeb946e119,0x4745f7d8ae39a6604a98a4ad82b62f94d0aa77db,0x28c6c06298d514db089934071355e5743bf21d60,2069.884,,,,ATA,erc20,"{'value': '0x7035693348d8a60000', 'address': '0xa2120b9e674d3fc3875f415a7df52e382f141225', 'decimal': '0x12'}",{'blockTimestamp': '2021-09-20T06:00:03.000Z'}
993,0xca5525,0x1c14e639a95b8462ef1e53b8dbae282b5fda5a2db190e5287f26e24f01a76b4d:log:210,0x1c14e639a95b8462ef1e53b8dbae282b5fda5a2db190e5287f26e24f01a76b4d,0x4dfbf190296ab6a11d26b51fc12d451d051faad9,0x3c02290922a3618a4646e3bbca65853ea45fe7c6,6403.0,,,,ATA,erc20,"{'value': '0x015b1b79af73ba2c0000', 'address': '0xa2120b9e674d3fc3875f415a7df52e382f141225', 'decimal': '0x12'}",{'blockTimestamp': '2021-09-20T02:51:19.000Z'}
994,0xca54eb,0x69faa8896c7f40737693b24d2cfeb4d8556bcb874f3719bd69b5203252c0a82e:log:157,0x69faa8896c7f40737693b24d2cfeb4d8556bcb874f3719bd69b5203252c0a82e,0x28c6c06298d514db089934071355e5743bf21d60,0x4dfbf190296ab6a11d26b51fc12d451d051faad9,6403.0,,,,ATA,erc20,"{'value': '0x015b1b79af73ba2c0000', 'address': '0xa2120b9e674d3fc3875f415a7df52e382f141225', 'decimal': '0x12'}",{'blockTimestamp': '2021-09-20T02:35:47.000Z'}
995,0xca53c5,0x365b91461a3cbfded485fff2c439abd076cc069326005b63b44eb9535f5d6a47:log:34,0x365b91461a3cbfded485fff2c439abd076cc069326005b63b44eb9535f5d6a47,0xb79892aa05d53b36f39c3cf9a338fc5f9d003159,0x28c6c06298d514db089934071355e5743bf21d60,1675.9238982,,,,ATA,erc20,"{'value': '0x5ada1dc1fcceeb7000', 'address': '0xa2120b9e674d3fc3875f415a7df52e382f141225', 'decimal': '0x12'}",{'blockTimestamp': '2021-09-20T01:30:23.000Z'}
996,0xca5348,0xbae44ddca321f6718a00eb2dfaf586b9670a83ecd56b3c2c3a147a4466f373fe:log:227,0xbae44ddca321f6718a00eb2dfaf586b9670a83ecd56b3c2c3a147a4466f373fe,0x3c02290922a3618a4646e3bbca65853ea45fe7c6,0xb79892aa05d53b36f39c3cf9a338fc5f9d003159,1675.9238982,,,,ATA,erc20,"{'value': '0x5ada1dc1fcceeb7000', 'address': '0xa2120b9e674d3fc3875f415a7df52e382f141225', 'decimal': '0x12'}",{'blockTimestamp': '2021-09-20T01:02:32.000Z'}
997,0xca4e72,0x283aacbfcb88484c1aea727c0f60d8f2b7de2fa066e073dbc795aa1a4924f46e:log:38,0x283aacbfcb88484c1aea727c0f60d8f2b7de2fa066e073dbc795aa1a4924f46e,0xea4509f7cd59a87b10f2365d79c784b1b6e98b14,0xf8331a26136e2c6efafe2f5fab5646e483e886c3,1580.399,,,,ATA,erc20,"{'value': '0x55ac71252fee918000', 'address': '0xa2120b9e674d3fc3875f415a7df52e382f141225', 'decimal': '0x12'}",{'blockTimestamp': '2021-09-19T20:30:22.000Z'}
998,0xca49d7,0xc8f276326cf440bd2aea820b584a72a6e6ae2b04e9bb12e71f10031b9fa9d72e:log:40,0xc8f276326cf440bd2aea820b584a72a6e6ae2b04e9bb12e71f10031b9fa9d72e,0x21a31ee1afc51d94c2efccaa2092ad1028285549,0x161a746687a2a997379c4741c9387c925909a455,59.918,,,,ATA,erc20,"{'value': '0x033f877f8a73db0000', 'address': '0xa2120b9e674d3fc3875f415a7df52e382f141225', 'decimal': '0x12'}",{'blockTimestamp': '2021-09-19T16:19:22.000Z'}
999,0xca4953,0xb3b232d2cb0f5317bc69326167c28532e72b13d49dbe03ebd17bcc3f414a4ce8:log:78,0xb3b232d2cb0f5317bc69326167c28532e72b13d49dbe03ebd17bcc3f414a4ce8,0xa14c1556b2c6243e3dadd3ebdfac9d60fb30b29f,0xd1157815c6901961b9b9f0d4cbb7fecc6a532e02,980.995,,,,ATA,erc20,"{'value': '0x352e0a5af73a538000', 'address': '0xa2120b9e674d3fc3875f415a7df52e382f141225', 'decimal': '0x12'}",{'blockTimestamp': '2021-09-19T15:52:56.000Z'}
